31010010
2000310
4000002
11210001
1121010
230000100
110040000
4110
110000022
310100001
40101
202001100
120101100
130001100
2002200
111002100
11112000
200100021
31011000
120020010
11211
3201
3200001
2200002
11010003
13010001
12002100
21000021
311000001
211020
102210000
400001001
11120001
13101
110301
100000113
20010111
101001000
310002000
200101020
100101003
110012010
100100130
201100101
22011
1032000
131001
1020012
10203000
111200010
104000010
100001013
310011
400100100
20300100
200040000
100001103
101120100
10011210
110100021
1311000
101010111
33
1023
11100102
1200210
1031001
210000003
10001310
300201000
31200
110010012
20040
21020010
3010110
1210101
11100111
100031010
10001130
100013001
10002102
30101100
11020110
200000400
14000010
10100301
101102001
1014
110200200
301001010
110010021
110003010
110100111
10002000
1011003
310020
20013
11100120
101022
2201010
100022100
100010031
4002
200100300
101100030
20101011
300000120
102
102003000
200031000
200000211
120011001
11001102
10022100
1002210
203001
32001000
1130010
112000110
102012000
10021110
12011001
101100021
411000000
121010100
3011100
31000110
1102011
130002000
220000200
110111100
10020000
101110200
11000031
41000001
10221000
100320000
10001220
102002100
120001200
2001030
1011102
100202001
20200101
12000102
220002
100020210
3100200
210020001
1030011
1002300
301000020
20110002
200110002
101001021
101201010
120100002
12010002
1014000
20000301
10010400
10110111
110102010
32000001
1212
11010210
121011000
100300101
30001020
20111010
1122000
101010021
201200100
100200000
130200000
110013000
20102001
4020
110010
1200000
2001300
4100100
302000010
100000140
11001012
100102200
112101
12020100
300110001
111020001
120111
300200001
100121001
110130000
210100020
2101110
10201110
2100111
110000130
201000120
110102100
103002000
100011021
100001031
100011
200003001
200000100
30000102
101011101
1400100
300100110
101021001
110310000
20013000
210000120
10000002
310001100
4001010
10111110
1011000
20210100
12111
300011010
32010
10002111
11000100
11000010
210000012
100130010
310002
101100
3100011
4011
2101020
101300001
101200002
102001011
100012200
20400
111021
30003000
100013100
201001011
1010400
2110110
111010011
310020000
210102000
120001110
11022000
101000310
100200102
10100400
20031
30102000
12010020
302010
10200120
22002
10010040
110001
2030010
200003100
110110101
300110100
1040100
201000030
1212000
11310
10113
2010
10300020
11201010
3001200
302001000
201001101
1011030
201030
301020
10200003
10100013
2010111
21010011
102000102
110011011
10010004
121011
100004001
102020100
321
220011000
21110100
100110300
110210010
310110
10020021
103000020
21100020
31010100
201110100
100004100
200011200
2011101
101102100
300300
100120101
100202010
10210200
30011100
10011300
101010201
1000110
100022001
1002102
200130000
13001100
111021000
100220001
300000102
3111000
21001011
200030010
31001010
211010010
210010101
11000022
101101101
1201101
13101000
141000
30001002
300000111
30102
2100
2301
24
103100001
110100003
210001110
201000111
301010100
40002
11013
12200100
10200210
100010022
1031010
210010200
31010001
31001001
100230000
120101010
1003110
102210
10101
210030000
100311
1010310
11101002
112010100
110020020
200121000
1111200
1002
1401000
30111000
11020200
110030001
110010111
100100004
40110
20100000
200012010
11000103
1200003
202000002
120010110
301002000
100001010
200210001
12120
21100200
1101012
2130
111000003
30002010
1003101
100101
300030
4110000
2201100
20002002
1000320
3000102
2011020
10201101
130100001
310001001
301010010
31000011
30300
100030011
100000221
30000300
111000021
201012
30210000
210200001
101010300
200020002
2020110
10030110
11000220
30110010
112110000
10010100
100200210
10101021
1022100
120011010
100104
110103000
220100001
201012000
111001020
211110
200100
22000200
100003020
220001001
10111200
1001130
30011001
10102110
101013000
102030000
20010300
20000001
200400
301001001
30000000
10003020
1110030
10001040
20010201
12003
10014
1120011
101200101
101011200
1211001
100031100
2300001
1310100
2111100
140010000
10131000
200101200
20021001
121002000
102020010
11102100
100020021
100010112
102021
200100030
30100110
20130
1010004
202100001
110110020
100111002
10012200
100020120
1011012
121100010
10010121
42
11003010
22100001
112100001
302100000
110022000
2001210
1000020
100203000
121101000
120021000
21300000
112101000
11210100
10101300
100101000
121110000
100101030
201011001
120000111
111101100
210001200
110011020
40001010
10002120
11200200
10200111
3000201
100203
10100121
2400
11010021
123000000
22000002
110210100
100030101
20004
201000000
212000001
2102100
20001021
200202
100010301
110121
10230000
11021010
30000201
2004
1201020
11201001
132000000
300003
13000110
2031000
100112010
100201200
10001202
132
120120000
101100012
1110210
120002010
1104000
40000020
100100001
110100000
100001130
20120100
400110000
110002110
102001101
20000121
20000112
100002012
102100020
4000110
20200002
40100100
10000032
141
130110
100302
231000000
211011000
110002011
20000031
10021020
2100201
101130000
11011011
10210020
31101
10001004
121000020
30200001
210101010
20100111
1030200
101021010
111110001
210101001
103000200
131100
100211010
102102
410100000
1110111
10301001
300020100
31020000
20020020
1011300
1001103
200220
41010
1100400
1200021
101210100
1300110
103001010
10101003
200100120
2013
1100211
410001000
102101100
201000021
11010120
1001220
12000012
2020011
2000010
200110020
110011101
10000104
202100010
101011002
301000110
21030
40010001
2011002
100302000
101202000
102100110
220010010
10014000
1100010
11001
13110000
1001004
210200010
112000011
20002101
120000030
101020020
21001200
3002010
200111010
320000001
110001102
100011111
21000003
123
1010301
300110010
111120
221100000
220100100
300300000
30020001
101003100
1101030
200110110
20310000
200100210
1012101
10011000
21001002
110120100
11001021
13100001
10103010
300001101
400001100
211010100
203000010
111110100
11101110
12100101
100002003
20010
20100030
120100200
210020100
330
110000220
110001210
101000211
100011201
3210000
100001001
100300011
10211010
112002
411000
103010100
1013100
100002210
300102
10200012
140010
100011012
14010000
2100210
400101000
2211
221000100
102100011
200011020
2012010
200010201
401010
13200000
111000102
1001022
102200100
131100000
10001010
210003
320001
240000
12030000
2100003
130000110
111100011
101001003
201000201
101001120
4000011
130110000
401100
200021001
1120200
400010001
200001021
20003010
11001003
1113000
100001400
11001201
401001
10030011
20200110
1003200
102001020
300111000
1101
11031
111011100
300020010
101004
1101201
100032
20103000
12100200
101300100
1000104
10110000
100110000
1230
202110000
1200
100210110
3010011
102001200
4010100
201110001
1101000
110120010
10100100
30200100
21
100140
12100110
211000101
21011001
300100002
110103
10010310
10002
200211000
120100101
1000212
100100202
110130
10212
31000200
102100002
10010301
1102200
212001000
2020002
110001000
20112000
10212000
100111101
103020
1310001
21102000
42000
111010101
10022001
212001
23001000
10011
12001011
311001000
210000210
230001
100010004
3100020
211100010
120010020
110020101
20001003
110000100
410100
24000
303000
210001020
20110200
100110003
101000004
200110101
10220100
100102101
1203000
1103100
1100202
100101210
12100020
100003101
130000200
111010002
3300
110000112
100041
31100100
120000120
1001040
111111
10220010
100014
110021001
300010110
120200010
100110021
1100130
20011020
100011003
130020
102002010
2202000
110000103
400011
300020001
120210000
10030002
11111010
11210010
110012001
100020201
1100310
122001
122100000
111000300
200200002
101001102
10001112
1112010
112011
11100021
120030000
1021002
10030020
311100000
100030200
101003010
200103
120300000
201010101
1000200
101040
31200000
102110010
20001102
300210000
10100010
1210002
10010013
1022001
201010200
400010010
100021110
100003002
100000032
100010100
10010211
11010201
22000011
200100003
101101110
1021110
11020011
200012100
10000320
100011120
201200010
100121010
10101102
32001
220020
101111100
10002300
210001002
20000103
11100
1001121
100202100
201100200
102012
100100100
100002201
310200
103010001
10011030
100100211
300001002
400011000
112200000
200001300
21010002
100000200
10101030
10011021
100112001
11100201
110040
2002020
12100002
200201100
100300110
200010300
211001001
10122
30000030
21000111
12001200
20003100
100000131
21003
112011000
200010000
102010020
10000131
40000110
310000110
1202100
101400000
12021000
21020001
14000001
200211
100110
2210010
24000000
3111
110000400
101110020
10100211
130000020
211000011
2210001
1200030
10020201
200000013
220000110
201020100
1111110
2110101
22100100
110010003
1004100
100000023
103100010
13001001
302000001
111003
10210011
11301
101100111
110000040
20121
1120101
20002200
131001000
32000100
41001000
21000210
200001012
10130001
101201001
12000000
210100200
110200002
3010002
1000101
10010112
1131
2001
330000
12201
10040100
10031010
101002002
2020200
102010110
3110010
200022
101121
312
100200003
202000110
210011010
100000104
100000122
20201010
301001100
200102100
101010102
102000210
2001012
13000002
201000210
201101001
1101111
101010210
1001202
210010110
30021000
20000040
301101
100002
23000100
30101010
112001010
201100011
20000310
1000113
20010021
11004
201030000
211000020
101211000
110020011
120010011
11000130
400101
200103000
11301000
2300010
41100000
1211100
3010101
21000012
100103100
13020000
100211001
101210001
420000
10120101
10110120
400100010
1003002
100020111
120000201
4100001
202100100
100000410
101012010
100120110
200100201
23001
100040001
131000010
100111011
100020
1400010
11211000
101300010
122000001
120110100
100002111
10012011
120000000
2022000
120000210
102000201
200000202
111100200
12110100
120020001
200011101
10000122
200130
100101021
10311000
200002020
100200120
300010020
2201001
200022000
210030
10130010
20100012
21030000
110020110
10201200
10104
1202001
220000002
202200000
11202000
10041000
10003200
200112000
201000102
210000201
200220000
2111010
221001
1101300
2200011
110001300
40101000
301000011
201111
10013010
200310000
101002101
200000001
122100
10112010
100120002
10012101
10230
22010100
1011021
201011010
20020011
3011001
210000
100010013
220010100
310000002
11103
2010210
200001201
100012020
21210
10040001
104001000
110031
10300110
121000101
11030010
100000203
101000301
1010022
400200000
10302000
10101210
2010012
100301010
20022000
100004010
2110200
101011020
100000002
140000001
10020
110211000
121010001
101000400
200001102
100310010
221100
100110120
112001100
1000311
300000030
10010130
312000
100100400
122010
12010011
12010101
3001002
210001011
200000220
11110101
101011011
202011
10310100
1301001
130010100
100104000
11002101
1100013
14100000
132000
300001200
103100100
12000030
31001100
110000013
100011102
10122000
100410
100122
120000300
1002201
22000110
30003
103110
301100010
102201
100410000
13100100
103010010
30000012
102000012
400020
210210000
230010000
103101000
10001400
301101000
1011201
3000000
200011110
210001101
410001
100020012
1001301
13000200
21200100
11030100
10000200
12110010
2022
202020000
21001110
21100011
101100102
201300000
221010000
202010010
11020002
1001310
200010102
100000110
10010031
21000000
11102001
10140
10023000
110002020
2101101
1210200
1100001
21111000
230000010
3100101
20012100
101111010
2100012
111300000
102000003
114000000
302000100
20110101
201201000
201200001
30010002
21010110
21000120
1000401
100001100
400200
200202000
310010001
100100121
101200110
101004000
11010102
10310001
11400000
1000203
100000311
11000040
10111101
300100011
1010001
20010030
101200020
120100020
121000110
1000011
10000212
300000012
1020120
112100100
20031000
20004000
110111010
20001120
10001103
2001201
200201001
112000200
2100102
210021
1010121
111010110
20000220
212010
21102
120
1020021
2010030
10100202
100200021
40010010
21012
21010200
221000010
211100001
110002200
14001000
210110001
211002
101310000
211002000
2013000
2001000
210002001
11000004
100100040
111201000
120000
110120001
101020110
12003000
211001010
110031000
100030110
41000100
100100112
210201
20220000
10110021
140001
10000020
100101201
201010002
110001003
12000201
100102002
310100010
300000021
3002100
2011011
230010
130011
100221
1102002
130001010
14100
100010103
10012110
12021
120021
20101110
12001020
201002001
10003110
1111002
101220
10200300
210020010
3020001
20003001
130002
101103
10004001
30010020
22100010
1301010
11010030
2101200
201110010
1001001
12201000
102102000
30100200
100000014
203100000
10000302
20000022
10010202
11112
400000200
203000001
104100
1220100
13110
10010022
231000
1320
3003
13010100
10104000
100100220
1100220
121100001
4101000
3000120
201003
10201002
12000300
220011
102030
300001020
1104
11100210
420000000
10020003
102200001
211000110
310000200
200011011
10000110
301100001
100010310
200300010
20010012
300111
20121000
100002300
301110000
3300000
3011010
101001030
11130
1010130
1400001
13020
14010
31101000
110202
31100010
11200002
201101100
4010001
20100201
113001000
102110100
1020030
310101000
10001301
30030000
1004010
100000101
222
210111
212010000
210012000
102003
10400100
401010000
200200020
101011110
10000230
4000200
200001210
310011000
111100110
100210002
100210011
311001
21111
10030200
40000200
10040010
300002010
30110100
30100020
101001111
310000020
100112100
12210
2220000
312000000
41010000
200110200
4010010
110011002
110101101
201210000
3100110
22200
111200001
101021100
101002110
120001101
10121100
11110011
11102010
0
11013000
10003011
400001010
2200110
20021010
112110
113000010
200030100
111000
301100100
100101012
212000010
13000101
110010300
110001030
12001101
30001101
110210001
1121001
32010000
203010000
101200200
1301100
2040000
200020011
100113000
110000121
22110000
10103100
40011000
120010002
110011200
100001211
1011
110010030
103000101
2002002
100310100
11020101
200002101
1000014
200110011
10100001
1201002
100140000
220000011
100001310
10112100
130100100
20002011
110101200
2000031
1000002
40000011
10102200
301002
3110100
20012001
301011
12011100
3000
1011120
110110011
20001201
100210101
110201001
110300001
10302
113010
300210
110200011
2010000
20030010
210010002
40000002
1112100
200310
111000030
100023
11100003
100121100
10011201
3201000
101110101
10000101
2001120
140100000
202000011
200010003
1001400
20011002
102000030
22001100
220110000
2000130
100130100
100201020
10100004
12001002
220200000
20202000
120100011
102021000
102010002
111002010
110003001
211110000
10100220
2103
100200
2003001
110000001
1032
12102
130011000
31000101
1031100
3
120110001
1101003
10220001
11200101
2030100
2021010
111001011
110001120
210210
103000002
100300020
110201100
20100
203000100
120102000
102020001
220010001
201010110
201001200
10002003
100000302
201120000
200120100
200121
300000210
400010100
210000021
212100000
101100003
1041000
10210101
302001
102120
100020102
101100000
30021
20022
210000102
11000211
20110110
101101011
200003010
200020200
1000302
20010120
1001112
200101101
20211
100010121
11200011
100020000
102011010
30002100
140001000
10120011
212100
100100010
30000003
20101020
101400
410000001
2003100
100003110
20000004
20102010
10100112
1100100
103000110
2210100
20040000
200000031
220200
100103001
200112
101211
201102000
100110012
10121001
100011210
1110120
202010100
1300101
120010200
13010010
210010011
2010120
300001110
203010
100200030
1100031
400020000
111102
21101001
20001030
1010100
20001
213
20110020
220020000
3001110
101022000
40110000
120001020
101110002
20012010
20130000
101120001
110022
100102020
100300200
21000030
100401000
1201110
300
2101011
103002
3200100
101010
21021000
2001003
103200
202002
10200
210200100
210111000
102010101
10011102
10012002
1101021
13002000
100101102
1020102
200013
130010010
140000100
10021011
3210
210011100
23000010
3010200
110000310
1011111
211011
23100
3102
300000
100100301
200002200
11121000
200000103
310000101
30030
130010001
120002001
3001101
21000102
20000013
10111002
300120000
222000000
1002012
101100300
220001010
2020020
100040100
1000041
200101002
10002012
11103000
1010040
1010010
2200200
201100110
1020111
11110200
200111001
101000112
1001100
1302000
2100120
101100120
11111100
1200111
20001000
11002200
1121100
100210200
10002201
110301000
111020100
120020100
101002020
20000202
200000040
110001021
201300
3120000
211200
1110102
200100102
101012001
2301000
200000010
101310
220000101
130101000
101002011
1012200
1100121
31002000
1030020
102001002
12000
100200300
300100101
300010002
311000100
3000210
111000201
102300
1200120
111003000
13001010
301000002
310001010
420
22002000
4100010
100200012
300200010
10101012
11021001
103001100
30200010
201100002
200200011
320010000
21002100
301000200
10111020
202101000
13200
10022010
10021101
121002
110112
213000
113010000
201000003
30100101
10004010
3030000
10001121
10013001
100201110
40200000
101111001
111011001
101210010
101301000
110100030
2030001
2010201
2001021
1230000
301020000
10011120
1002120
10310010
10200102
20103
10401
102100200
40002000
201000
200010
201201
2031
11002002
121001001
10113000
20001012
3021
210
201003000
2100030
230100
22200000
31110
10003002
110001111
110010201
1210011
400002000
20200020
300200100
1001031
22000020
100111110
22110
1401
30000120
200001000
11001030
10110201
300010200
100002021
240
1100112
111000000
4001001
11000310
11000202
100111200
11000121
10001211
10311
21201
111100101
11010300
200030001
10000011
10120002
10100040
112020
10300002
2000004
100010211
11001300
201011100
100111020
31110000
4200000
20201100
20020110
1010211
100031001
220100010
2010102
110101011
10010001
1110012
2120010
201020010
21020100
400000011
102011100
120003
10101201
13000020
1200102
121020
11201100
21011010
120001011
140100
102120000
31002
1103010
111001200
30110001
100113
100001022
1021020
2021001
2000400
12200010
201101010
120012000
12002001
121110
110102001
1200300
102100101
101001300
101101020
10011111
10120200
113000100
20400000
211001100
110000211
321000
300102000
14001
402
32000010
202011000
111001110
110030100
21002010
3110001
3012
2300100
111010200
1002003
1002111
200102010
101013
11031000
12010200
200002011
11011200
200001
30210
100010220
1102101
12120000
10211100
110010000
20000100
10121010
103011000
22010001
21010101
11101101
10210110
21021
240000000
200020110
30002001
2000100
200010210
1211010
10032
110310
110300100
101100201
101101200
10130100
101020011
101121000
2112000
300000003
10400001
22101
10320
30012
100301100
11040
221001000
311010000
4000020
1102020
110202000
20100003
112000002
101012100
100011000
3000300
122000100
20021100
411
311010
111102000
11300100
1300020
200200110
12010110
1000140
104000001
100012002
3102000
1100103
10010010
1110201
120200100
121001010
100020003
2002110
111110010
13011
3003000
201002100
320000100
100102110
300100020
400000020
11200110
100311000
40001100
20210001
10202010
11012001
100300002
31000002
110121000
204000
201021
1320000
101003001
11011020
20010210
310101
21001020
100002030
200000310
20011200
110000004
200031
20111100
301000101
10100103
2004000
112100010
210021000
30020100
3030
3002001
200010120
200120010
11310000
101000220
101000013
102110001
200040
11100012
103001001
1310010
200004
220110
120200001
200020101
20220
101031
102200010
200001030
11001111
120000021
100122000
1020210
410000100
2400000
110101020
2000121
1210020
10020012
101010000
201001110
3000111
112010010
10021200
100201002
100110210
41001
122000010
13100010
20300001
11400
2000040
101000001
102101001
2120100
30120000
101301
100400010
120201000
211000200
130000002
210110100
10211001
101103000
30100002
4020000
11040000
310010100
12
3100002
21200010
310200000
111001002
222000
32100
10300200
320100000
30001110
1020000
102010011
21110010
2110011
113000001
1140000
11120100
100110102
100012011
410010000
31100001
1300011
30000
201021000
101002200
110003100
10101000
320010
12102000
410000010
11002011
100230
10200021
31011
4101
10004100
10020111
1003011
111000120
200000301
2110020
111030
12101001
12101010
100021002
1130100
204
1100022
100001121
11000112
100000212
21002001
3012000
10101111
31020
120003000
11110020
10000041
113100
200012001
1020
121100100
101010120
10000014
111210
1103001
120201
11001210
200001120
10102011
131010000
12110001
130020000
2211000
2010300
101030100
111300
10010103
221010
112200
111200100
101100210
301200000
11020020
1000410
200000022
210120
400000002
32100000
200111100
2000211
100021200
1012002
330000000
21001101
110001201
111
1040001
300011001
210201000
111012000
210003000
10140000
100000041
110110110
21300
1112001
10110012
121020000
121001100
20110011
10002021
21011100
230100000
110201010
100110030
203100
1002021
33000000
200102001
100200201
10100031
200300100
21101010
10030101
2000022
110100012
10400010
10401000
202001010
100012110
100401
100131
2310
1220010
103020000
12000021
10202001
100100022
100021020
101001
400100001
21200001
22000101
11000301
30
101000121
10120110
100100310
10200201
31000020
12300
20310
231
101112
220001100
110000010
3000021
40000101
3000003
1030110
2003010
102000120
202000020
120000102
11101200
10000401
20210010
110100210
2202
101030001
12000003
120100110
20001300
100120200
210000300
101201100
100023000
41100
20000400
320100
100103010
121000200
21012000
101001210
10110102
401000010
201100020
20010000
11004000
300012000
111111000
30020010
100130001
10301010
110002101
21000201
123000
100310001
100021101
10112001
20200200
300201
120111000
211010001
20000130
1300002
3001020
11003001
101110011
10002210
130200
130101
201102
21000300
1122
10023
12001110
200020020
10000410
20120001
110200020
111100020
1000221
1010031
1022010
230001000
100032000
102011001
10000113
300101010
11300001
21010020
120010101
102002001
2011200
100210020
2310000
100030002
300003000
200000004
101102010
10000221
202200
400002
2200020
102000300
201000300
211100100
1020003
110004
10200000
20020101
1000032
20010102
110001012
100110111
10110
1203
12101100
4011000
10031100
110000301
1111020
100212000
1012011
120210
211020000
2010003
220101
1202010
402000000
141000000
321000000
300030000
210002010
1140
11101011
1011210
1001010
210000000
121010010
320000010
110100201
2120001
13000011
4001100
104010
110100120
300010101
1023000
13011000
111000111
112001001
110101002
300000000
100201011
20301
200400000
1010112
1110021
110020002
2000220
101000103
101000031
210110010
2000001
302100
10300011
11022
10010220
10110300
20120010
100220010
202000200
30001011
2111001
1201011
1030101
220101000
310010010
10221
2103000
110002002
200001003
100014000
11012100
1110000
1000122
310100100
112000101
2012001
10001031
320001000
20020200
110000031
11012010
10203
120000003
200001111
10102020
10100130
1120020
4200
111101010
210000111
2000202
202110
100110201
230000001
200210100
20200011
210010020
110021010
10001001
120012
21101100
20011110
100002120
10021002
3021000
100200111
1003020
12002010
22001001
202001001
110112000
100010001
2130000
1020201
11121
200210010
100012101
1311
11002020
104000100
200101011
20010003
2002101
2000301
2000013
101001201
21003000
2002011
101000010
3000012
120101001
10103001
10410
20300010
204000000
101030010
10110003
3101001
20101002
1221000
120030
211200000
10012020
410010
2200101
1131000
200004000
311000010
2000112
12030
23010
200201010
10301100
30100011
103110000
100220100
10201011
10131
1200201
401000100
200000112
202010001
101110110
30120
101220000
30010101
200120001
111210000
201111000
2000103
40010100
110400
200010021
102001110
1410000
130000011
300021
21000
11120010
1302
1013001
220002000
1021101
30010200
1111011
311100
30011010
120102
30012000
101000202
14000100
20102100
40020
1041
1101120
2102001
101020101
12000111
2121000
101101002
1101102
213000000
20002020
1012110
102111
210102
300101001
130000101
12200001
1020300
200021010
11002110
10100022
110220
1200012
11300010
200101110
114000
100000401
200011002
1100004
102101010
130100010
211000002
110200110
100000230
40100001
100013010
1021011
102300000
102111000
4002000
13002
10001022
40001001
20211000
30000111
2001111
402000
100002102
23100000
112000020
101010003
1110300
11000001
100010202
300002100
1010202
11100000
11202
101040000
20100120
121200000
11200020
110300010
20030001
100041000
101112000
10120020
40200
111120000
1040010
100003011
200010030
23000001
1002030
110100300
210100101
10102002
200100012
210101100
22010010
3001011
30000210
111000210
100010400
200010012
10041
220000020
101202
1130001
23010000
12012000
20101200
300021000
10320000
22011000
101020200
120001002
20002110
101000130
301200
10020102
221000001
210012
100020300
1021200
100001220
401001000
3101100
10013100
400000101
110030010
121000011
3010020
1000230
102000021
100001301
2040
111100002
111020010
201020001
2011110
200200101
1001211
202002000
111010020
110011110
110010120
210011001
211101000
21120000
2100300
131000001
110200101
20000010
30000021
100120011
2100000
201
11010
30010110
20001111
131010
10102101
21100002
300012
300001011
1220001
110021100
110000202
10001013
20100021
100212
100010040
1120110
20020002
10002030
1001013
20201001
400110
110211
10020030
100022010
11010012
110220000
20030100
100020030
30010011
100003200
20100210
100100031
300000201
22101000
110004000
100001040
10101120
101031000
10410000
11003100
112020000
102000111
11001000
30001200
103011
200301
100001004
1010220
101200011
200100111
12020001
200000130
110110002
100221000
10011012
10300101
11001120
11011101
111000012
101020002
201001002
120300
211101
10020120
201010020
12011010
201010011
20001210
4000101
10001100
3200010
101000040
310110000
300101100
300002001
100000020
10000023
110010102
1111101
102000
100101120
100021011
401000001
11010111
212000100
100011030
11110110
20011011
100320
101130
30300000
22020000
21201000
200301000
2012100
300100200
200100000
110110200
103101
104001
12111000
203001000
104010000
21100110
202000101
102010200
101010030
100002000
41000010
103200000
10202100
300010011
114
10003101
200000121
2110002
110010210
10100310
201210
2010021
210120000
110101110
201002010
20000211
100101111
1110
210300
100010010
20301000
1012020
3120
42000000
20111001
1010103
101120010
3000030
10200030
303000000
21100101
12000210
1000023
120110010
11101020
12300000
11011002
1002000
111001101
12000120
11000013
2220
10201020
110100102
200010111
101010012
120120
100001202
10210002
11220000
130001001
300000300
140000010
21110001
11111001
40011
110013
200300001
103000011
10020300
2020101
1000131
110111001
2102010
1100301
12100011
100131000
300120
121200
401100000
100211100
110020200
210002100
2101002
1102110
100100013
22020
210300000
200013000
2001102
110100
10020210
21210000
301110
210100011
100010130
20011101
121000002
40020000
100201101
111030000
10000311
100001112
11220
1100040
100000320
111002001
1201200
120002100
122001000
210000030
210100110
112010001
10110030
1221
10031001
11130000
11010000
10000203
400000110
22001010
1030002
200021100
201001020
110012100
101000100
303
10011003
200200200
1101210
1120002
101000022
20101101
30201
1010013
20100300
10032000
11011110
200002110
10000140
301011000
100120020
202020
30201000
120011100
111011010
1113
300011100
20100102
210100002
33000
11021100
100101300
11110002
10111011
100400001
104100000
3101010
11100300
120000012
30101001
100000011
201120
20202
1300200
113001
2112
201000012
12020010
111101001
101001012
111201
113100000
40100010
1210110
21120
2121
111012
12210000
11100030
10110210
12012
131000100
112002000
3020010
100030020
11030001
30111
11000400
100301001
102201000
1013010
100100103
122010000
1410
1110003
310000011
202101
100040010
20112
102000000
2100021
3020100
302010000
2021100
200002002
100011300
100102011
100400100
110400000
121101
1004001
301010001
