3020201
311300
3221000
1202030
3100001
2033000
10322
113
300011
30203
1002020
2000201
101030
12230
3100202
2002310
1002302
3001031
130130
200120
1130003
2003003
3200
200300
2010230
320210
3000002
1022003
210203
21203
32012
1200020
300002
1032002
122
1023002
11000
31013
2021
3130001
2200301
2023001
23012
3001301
301202
31010
2201
3200003
1000232
310202
1301003
3021020
3020021
1020302
220103
130031
122000
3200012
30002
3001013
220310
11030
2300012
2013200
2330
2020301
2132
300110
21200
3302000
2022002
2002031
130220
131
1313000
2032100
2003120
3030020
3031010
3010220
103103
3030002
3010010
1001033
3230
12020
120002
1301030
2010002
231200
313010
330002
2200031
1002320
230210
12200
31301
1133
3122000
3000023
1030031
110330
330101
30110
1100
2130002
2203100
3000311
203012
203000
2010020
2002301
3203000
221000
3100310
3002012
320021
23120
3200201
201020
300212
2003021
2210300
3301001
30020
230012
202013
20123
1310300
1200320
1003013
2031020
233000
2003300
2200130
1303010
1000223
2120003
3200120
30032
203120
1030301
2001203
113000
1100303
130001
2000012
120302
20222
1220300
1200230
2001020
2200220
1022
1130
3002003
2020022
2000321
113300
132002
32201
3000203
3100022
2003210
130100
2320010
2102300
3100013
3010022
200102
30131
20102
3011
2130020
3000320
3031001
3230000
3002201
301310
300122
230000
1310030
3320
2022200
2000213
100202
2300300
3201002
1100030
131030
321002
103001
32021
23300
1003310
220130
232100
120020
3013010
2020310
220220
20120
3310001
1003100
2
102320
2000330
312020
133001
3011300
2330000
2220020
3102020
2010200
2231
1103300
3200102
3011030
3012200
311003
3110
3002300
1300100
1300130
123200
100223
221
3202100
32000
2003102
110
20030
1030001
20012
130103
220301
100331
22130
1010
33002
3002
221030
103010
3103001
3011003
223001
1020002
2001302
2002010
2000000
3220010
3003200
2030102
1000010
13130
20312
1001
332000
2310020
3202001
1203002
1010030
300230
220013
1301300
1202003
1000313
310310
1232000
3003002
3012002
3022100
3001310
31103
3013100
23003
131003
230021
30122
3311000
2030030
3300110
3210020
1300001
22010
320300
31220
310022
1300031
1032020
2020220
21302
10001
1330100
3120200
2200022
20303
201203
1031
320000
2300210
1031030
231020
202130
3300002
3202010
30320
110003
102023
1203020
2202020
310100
1200200
100010
301010
22013
30221
2010023
2020013
1001030
10310
2300000
33020
32
210230
220202
201002
203300
3301010
3003110
212
1303100
302
101300
2100032
1032200
332
20
2132000
3131000
1300022
2010203
1002032
122003
330020
1303001
1200032
3113000
100100
311
101
2210030
3001001
200132
2210
3220001
1030022
20201
2130200
2020010
330011
1223000
1331000
230300
1100003
1001300
3001103
233
1020023
1003220
130310
1310000
302000
3021002
2000210
31130
3120002
1100330
2013020
102203
302102
22301
1130000
1322000
2220200
2031200
1033010
3110000
3110030
1330001
301301
200210
2201000
1100300
30200
2120300
300032
303110
123020
10133
2321000
3200021
1020200
33101
21023
3101300
2203010
120200
1300103
2100302
2200103
20132
2220002
3001022
23210
103130
2100230
2300120
120032
310031
31031
2000003
1000220
321200
302300
20210
213200
1220
3201200
3101030
1200002
100001
1320200
3000032
322001
21020
2120000
3000020
1020230
2300003
20033
320012
2103020
3020210
201230
221003
3311
200303
3000302
3100103
13310
133010
202310
300113
3002030
3030101
110033
1133000
100313
2100320
2023100
200213
11303
22031
10223
1130300
3020102
230
1310
1220030
23000
2303
1000130
313001
102230
10301
3103100
2202002
300023
1003202
302201
1331
3012020
1030310
1001303
23021
10022
213020
310001
2030003
1000001
311000
113003
102200
301130
2301002
3000131
223100
1031000
13220
3130010
3300101
20000
3002210
3000221
222200
202031
300203
2021000
2001320
200321
20321
2000030
32300
1030130
312002
30212
2012
2102003
1300013
2030012
302012
1300301
3022001
1000100
1130030
2002100
10202
1002002
210200
2200310
1000310
122300
3300020
221300
200201
2031002
230201
22001
3201020
2100203
3010301
1002203
202103
2310200
2310002
2102030
2003012
1000331
22310
1100000
3023000
3010130
232001
303101
201032
3101003
30113
12203
20300
2010320
2000231
320120
320030
1010003
1000013
210320
2123000
302030
2300201
102032
3212000
220100
301100
10130
210020
32003
1003022
2000132
1302020
101033
12320
2010302
2001032
123002
1001003
100022
3020300
1300010
1031003
132200
3003020
2100002
1001330
2000123
21320
2003030
33200
320
200003
2030120
300311
13022
2120030
3310010
3020003
10100
1010300
3000212
100031
11330
12023
12032
1232
2000312
210023
102002
12002
1202
2300
1000202
223010
1003031
210002
30311
1320002
2100020
1001000
2030300
1020020
2030021
33110
1301000
1103003
3100100
30023
312200
331100
230120
220010
1013030
1023020
30230
103022
22220
23201
2002103
1000103
203201
203003
300320
3002120
301031
30011
3122
1030100
3010103
202100
3020030
2302010
3310100
302003
300200
320201
21002
1010330
3030011
3003011
231002
103031
13010
1200302
20330
3010001
3113
1103000
210302
202022
3002102
120320
2312000
130013
3001130
2030
1000301
311030
12302
3210200
1200023
1020032
303020
2201003
232010
301103
3030110
1002230
100103
3200030
2230001
2020100
200
1000031
20213
3320000
3301100
1013000
2003
2030210
2001230
2002022
10010
2321
1103
1003103
202202
3212
2102000
1203200
2103002
130022
31202
3110003
1010033
110000
200222
10220
1330010
3300011
2001023
210032
300131
2202200
2013002
101000
2230010
2000120
100130
1013
3100301
200033
3001100
100310
10031
1003301
2002001
201302
200012
32210
11
2303000
1230020
3000110
110300
310103
2312
3210002
300302
23
330200
3000101
1000322
2000222
103013
10103
2012300
1013003
2020001
2120
1310003
1023200
101003
1030202
303011
31310
13301
2210003
2020103
322100
32102
3000113
3000122
131300
2103200
203102
101330
202301
323000
2301200
1010303
3101000
2222
322010
310301
220001
2231000
2320100
3302
3003101
212000
3023
331010
110303
1003001
201320
13100
3221
3220100
2100023
1031300
202010
2203001
212030
310220
1033001
3010013
13031
3011000
100232
202220
100301
2210000
320003
310130
201023
1313
220031
3032000
1022300
20003
212003
130202
3021200
3020
212300
131000
122030
222002
302120
11300
303200
1300310
2002220
1302002
310010
22100
230003
3002021
1000133
200231
3102200
2200001
320102
32030
120203
301220
103202
11003
10013
2000102
301001
23102
2230100
2201300
30302
3001010
2002013
132020
103220
200312
1320020
2200100
2001200
300101
10313
200000
2012003
100013
2032001
3100220
1022000
3203
1030220
203210
13103
3002000
302021
22103
1302200
3100130
3022010
3010202
1030013
2222000
3300200
230030
200123
1020203
3001220
133100
2300030
2021030
2032010
3030200
3200300
2201030
313100
33011
30101
2002202
220022
31100
31022
1322
1230200
1030103
1002023
1202000
1103030
3010310
3020120
2102
103310
103301
11033
1000022
202001
100220
3101
1220000
3110300
2300102
300020
1030010
2012030
201200
100322
2200202
200030
2022020
2030201
3010031
3020000
2003000
2302001
1002200
113030
2021300
1202300
3102002
1200203
2213000
2200010
20021
101303
3130100
2200013
2021003
3013001
13202
1220003
3100031
3031100
110030
13001
23030
2002130
2000021
3103010
2012000
230102
2320001
2301020
1010000
10331
323
213002
301022
2000
3000230
1022030
3010100
1003010
301013
203030
303002
3200210
222020
203021
31001
1223
3200000
2000033
3001202
2213
1230002
2302100
1020320
130301
32120
1033100
2020202
203
310013
200021
22022
10232
2030000
2023010
321020
2020130
3032
331001
2123
3000200
200330
2000303
103100
2100200
1300220
2001002
300221
3131
1301
2000300
2003201
2033
1013300
2300021
3020012
21230
13013
2010032
3000011
330110
22202
130010
102302
102020
2020031
21032
20231
1300202
3100010
1100033
100133
3120020
1003130
302210
120230
120023
