110100100
2010001
120001
1000030
20001100
10100002
211
110110
1000201
101000200
3000010
1120000
4000
100000003
100010020
1201000
2000020
200011000
11001100
200000101
2010100
2200
100003000
11000110
100020100
100000120
1003000
200200
300001
100000102
100020001
30001000
100000300
100210000
300100
100102000
10200100
110011
3100
11200
100002100
12010
10000000
110000002
11011000
110101000
22000000
110000011
10030
121000
101010001
1011001
110110000
110010010
100010002
100000210
120000010
100120000
110200
13000
10
13
22
11000101
10021000
1
11100100
110020
101020000
10000111
100030
2020
101000002
200110
200010001
101002
202000000
20011000
110001001
1002001
200000200
20100010
10010110
20011
1000
110100010
30010
300010
11000011
130000
1003
101100010
1010011
30100000
102000010
200100001
211000
21000100
110000110
10001020
210010
10110001
31000000
2001100
100002001
10000210
100010200
102000001
100300
200100010
100021000
1200100
101002000
3000100
101200
10110010
111000010
101010100
10000120
10001110
20020000
1000300
20101000
101011000
201001000
2000101
10200001
100110100
1300
1012000
10001011
10101001
11200000
20200000
220000000
40000
10101010
10002100
1110100
100000021
210001
100120
301000000
1000111
110000101
202000
21001
100101100
10010101
1010020
10000012
21000010
10201000
1030
1210
12000010
10000030
10002001
10001101
20110
100010101
1111
12001
13000000
1011100
10100200
200101
120000001
210000001
20110000
31
12000001
20000002
10020010
102100
20002
101001001
10021
10011100
100001110
200000110
100200010
100012
2000002
400000000
100201000
202
12001000
102001000
10001200
301
100000012
100201
103000000
201100
200001001
1010002
211000000
10020100
110000020
110001100
10200010
110100001
10011001
1002100
1001101
1300000
100100101
301000
20010010
10120
100102
120001000
300000100
11000002
101110000
101020
21010000
3000001
10000003
10000102
10000201
1120
112
11011
101200000
100003
100100110
20101
1200010
11010001
11020000
2110000
103000
20010001
100010110
11100010
100100020
101100100
12100000
300001000
101000011
200000011
11101000
201010
130
11100001
100021
111100000
30000100
1111000
121
2002
1021
2110
1011010
120010
201100000
1030000
10012000
20020
100000000
21100000
100300000
10002010
210010000
300000001
10210000
103
2101
100100002
111100
200010010
1100011
1001002
200020000
2011000
10011010
100001011
1100200
1012
1201
112000000
11010100
20001010
10010200
10120000
2011
102001
21100
100101001
10201
2100100
121000000
200001100
100111
31000
12010000
310
110020000
400000
1210000
100012000
10001002
10030000
101101000
101000110
100200100
11020
200002000
210000010
10100110
102010
1000102
120000100
200000020
10111000
100001101
1001020
1000210
100000111
220
11010010
1020100
110101
300000010
400
11002
100011001
20002000
111000001
111001
2010010
1000021
20100001
110010001
21010
10010011
20100100
110200000
201010000
102000100
100111000
21000001
11101
21001000
110000200
100101010
100100011
200010100
11001010
1101010
1020001
130000000
10003000
2200000
20000011
101000101
101101
10300000
210100000
11002000
200001010
120100000
20010100
10110100
10010002
100011100
3010
1110001
100110001
11000200
30000001
101001010
1110010
1200001
1020010
3100000
2000200
201000100
101001100
102100000
201000010
200100100
310000000
30010000
1001200
1000003
100200001
100001002
200000002
10000021
10210
1000120
100100200
10300
100
1100110
3001
1010110
111000100
112000
12100
1101100
1002010
11001001
300100000
2000011
200020
10100011
300010000
2101000
10100101
1100101
100011010
2001001
111010000
100000030
110010100
10020001
111001000
20000200
1010101
1001011
201001
1001110
2001010
101010010
1101001
100210
10100020
11110
1102000
1100020
200110000
10000
111010
3001000
101110
100020010
2100001
10012
200200000
210000100
1021000
120100
100001020
11110000
40
120010000
210001000
22000
200002
10003
100002010
100000201
2020000
11000020
201000001
220000
1100002
200101000
100000
100010011
1102
30001
100030000
10000300
20000101
200011
1010200
100110010
101011
110001010
10102000
210100
10101100
10102
12000100
310000
10010020
20001001
3010000
110002000
30000010
2000110
30100
4
2002000
20000020
101000020
4000000
102010000
1000012
110002
101100001
2100010
1000000
110011000
20200
100001200
40000000
10111
20000110
