10001013
200010210
101200200
10100220
10020210
21000111
20013000
20000130
10010121
1014000
1112010
100012020
1102011
10100103
13010100
21102000
200002110
11011110
1001310
100301001
40011
20001
220002000
110220000
120000102
10011012
2010012
101000121
1111002
100101210
100012101
11020110
121000101
111012000
201110100
23001
11011002
110200020
120012000
40002
3002010
100020102
2022
2112
22010100
11110101
102010011
100400010
110100012
2200110
1000320
2110011
200000220
100121010
10110120
12012
202020000
200200020
10030002
11110002
10110000
3120000
103011
110100210
300111000
211001100
100101300
1020201
10001022
1100130
1110210
40000110
202002000
303000
211010001
11200002
20310
210010002
10000200
110000301
300111
10121100
200102100
1002000
211020
120030000
40101000
301000002
10001004
21101100
102001020
100130100
221100
20100210
40001010
100300200
100300110
100120011
30201
1021020
220010100
14000100
320001
1310100
12012000
120110001
11103
102201000
100003110
114
101002002
100120101
11201010
110300010
20100111
300011010
110030010
110120100
2202000
101300010
2003010
111000003
112101000
20100030
30021
21120
11000400
20011020
100212
112011000
22000101
310001001
1221000
200110011
2001111
2011002
111001101
221100000
200130000
1410
1010004
32001
30011010
110001003
211110
102020001
200102001
10020
220000020
13002000
310100010
1010301
100300101
20121
1302
110110020
240000
310200
201000
12110001
140100000
22200000
122100000
1000113
312000
301002
101210010
11120001
100401000
200000130
100010130
11002101
1202100
2031000
102020010
1010103
230001
20112
3210
11301
1100112
400010001
20020011
120101001
10000113
100110111
220101
22020
104010000
20003001
200210010
2000301
101001021
110200110
100002300
20111010
10014
11010102
220010010
10000032
100103001
30010101
120010011
20110110
21030
20103
103000200
22101000
200200002
10210101
1400100
10010010
110210100
120100011
3003
11001000
10023000
101101020
202200
100103100
30120
20022
130000101
20040000
201001200
12110100
1011210
10012101
300002001
200110101
102012000
10112001
1001031
20021010
110002110
1121100
210000003
10100013
10040001
1020021
20111100
211100001
100041
100120110
300100101
101002200
130002
202101
210120
110031
20110200
111201000
1003011
2100111
1320
10012011
210101010
30111
201101010
320010000
22000020
22011
1012110
1010112
102102
1020012
201012000
300000201
1122000
210200100
1300101
102000021
2110101
101112
230000010
112000020
13110000
120210
110012010
2000040
220002
1023
402
211101000
300000012
30110001
1200012
20020101
100013100
10000002
2100300
100021002
31200000
201210000
10201110
21002100
20001021
111
101003010
102111
11201001
301000011
200003100
100001130
401001
100022010
20031
100002012
11003001
301000101
102120000
104001000
110220
11010012
2100102
101001201
10201002
20010111
100000020
10001220
200101020
1320000
1200030
112011
401000001
111000111
210020010
100030101
2000010
11020101
11002200
11000022
202000200
211000020
110300100
110000400
120030
100121001
400001001
11010111
1041000
21210000
110010300
102102000
104000001
2030001
2000001
30210
10110012
10020003
21100200
100110003
1110111
101110101
42000
3102
111000012
103020000
112020000
111111000
20010021
1030101
2003001
3000120
131100
1220100
100211100
120100101
100002030
10120011
1010040
1010013
200100003
10020300
100030020
210101001
200011011
42000000
110310000
30100020
2011011
10010112
1002102
200001102
20100
310100100
120010110
210001020
20200011
111110010
11010003
10302
1130100
120000300
32001000
220100010
101012001
100004100
21100002
31100001
3010200
302001
122000100
212000100
300002010
101211
12120
203100
213000
1021002
110100000
10200300
101202000
1001004
310000101
30000201
100022001
200110110
102001200
420000000
200103000
11010300
100004001
11000130
110020011
1020300
201000012
110000100
200010201
3110100
1001040
102101001
202001010
3300
110001111
100100121
112002
120010101
220110
200103
203000001
200100111
21010110
111101010
1101003
2101002
201102
103000110
201001110
120100110
21120000
30002100
10101003
11121000
300000030
300100020
120100002
2010000
101102100
401100000
110003001
200101011
1200300
13011000
30120000
21010011
121001001
110001210
3012000
10110
101003001
100220001
10120110
1120011
200040000
21201000
2002020
2001003
100200
31101
30030000
110400000
110301000
22000110
121002
30000
30000102
2010030
1001103
1310001
302000001
30201000
301110
11220
11021001
10002102
200200011
10111020
10001211
10131
11100102
330000000
23000001
20000211
101000400
10200
11120010
212001
31001010
200010120
1030011
300101001
10001100
23000010
100003200
20101002
4010001
100200201
1202001
112110
100001211
3000102
210000102
1212000
11031
10030011
100014000
110000310
101001111
220200
11030010
11101002
1100013
410100000
130002000
11100030
10120101
102101010
201002010
13110
100110300
110011020
2004000
11200020
12201
301020000
111120000
31110
10031001
20000103
110000010
2010300
101000301
120300
211200000
32000001
300001101
10211001
20120001
20001120
10011111
1130001
1020120
110010012
10203000
200000103
11100300
2020011
301020
21003
111012
120200001
110030001
100111020
101000220
13100100
320010
10400010
100110021
201011100
310010001
20001012
4000200
1230000
1020030
102000000
20022000
110000130
200000202
12010011
401000010
100302000
200000310
210011100
300
201201
100230000
10002000
10100031
1300200
101030100
100013010
11011200
102021
111100200
121100001
10000101
101000001
111120
102111000
10010130
110010120
101110020
211010010
1003002
200210001
201210
30000000
220000110
200020002
1002
101101101
111000201
101202
20010120
3200100
2002110
4020000
3101010
3020100
2120100
21000012
4110000
100001310
201010101
10000014
1001013
111000030
120210000
10002030
100121100
104010
101120001
10200210
110021001
130010100
122010000
100110000
10010031
200012010
1110021
201111000
10011300
10101030
121020
10011
110210010
30001011
10101300
12100002
11210100
3021
230000001
20030010
120003
101020101
103001001
2101011
102003
14010000
103101000
200300010
110020002
103002
100101012
12000210
12000000
121001100
22001010
2202
120002001
121100010
11021010
102012
12001011
10001301
101200002
100110210
101100021
102021000
20211
1010121
120001110
300100110
100101030
201100002
201001011
10001031
40000200
13200000
201000300
10102110
211001001
11102001
11000004
30000111
22011000
101400000
20102100
100112100
100211010
101013
100001001
210200010
100311000
20020020
1000140
1000131
200120001
1040010
210
121101000
10013100
2022000
10001400
102100002
1000221
30300000
300012000
120001002
111110100
1040100
40000011
130100100
110201100
1121010
240
3030
4000002
101020011
210002010
111010002
200102010
212000010
20031000
120001020
10300020
2102010
14010
130001001
12030
111000021
2001120
2010210
140100
1102200
111011001
113100000
30100101
20002002
11011011
20210010
11202
240000000
100101201
23100
120000021
110001021
1000101
141000000
400000011
100020030
10100400
30002010
100000122
1012101
12000300
11000100
122000001
100300002
10110030
102210000
101022000
32100000
103002000
113001000
100020021
10210200
11000112
102110010
20002200
200001003
41000100
3101001
10301001
211011000
110111010
2001210
110021100
210000021
201200001
202001001
10100004
30000030
202000020
200022000
11012001
2100201
101100300
100014
320000100
401000100
110111100
211002000
100001301
1102020
1001121
100101102
111001020
12102
22001001
30030
20000202
10000311
11220000
4011000
202100001
202010010
101001030
310020000
300000300
200101200
1211010
12020001
10113000
20000121
3000201
1000020
210000000
21030000
30001020
101301
11011020
300030
30000210
1110102
10100010
110002011
110400
100200012
2010111
1000122
400110
100102020
100112001
410000001
100000401
10101000
21
10300110
10003101
2030100
2021100
121110
210111000
111003000
20300010
121010010
1201110
2010201
100202100
201120
0
110100003
200000040
40110
1101201
1021011
2100030
123000
101400
110201001
22000002
10030200
4001100
3000210
101100012
1010010
11012010
11103000
3200010
1104000
110013
121200000
121010100
110020200
4001010
2310
10002012
103110000
31001100
101101110
211100100
3001002
200202
300021
102000300
14100000
120010020
3100110
2020200
101002101
212000001
300001002
200000031
10011030
110001201
10310010
2130
10010022
202101000
120100020
310101
2000004
11020020
2013
10001202
130000110
10230000
10031010
1300011
130011
101004
112000101
210102000
10110300
210300
2210001
220200000
104100000
101103000
120111
200022
21111
1220001
211010100
112001010
1111200
221010
100104
110001
120000030
23001000
4010010
110000121
110112
100300011
210010110
300010011
10301010
300001200
110003010
10000212
2100000
131010000
21001110
300102000
10410
1100220
1311000
211002
11020200
10103100
12200100
101000031
400020
100102200
10003011
100002210
11001102
111101100
102110100
1000110
1210110
10032
102030000
30021000
210000201
210012
4002
11000013
122001
2001102
200010021
32000100
100000023
100000011
12002010
20120100
100010022
110100021
102011001
200110002
12120000
110110011
100130001
13020000
100003101
3210000
1101000
101102010
20010201
201020001
1011000
1200111
101000211
100311
12200001
101201001
410000100
310101000
100200003
12201000
310020
101120010
320001000
203010000
1011030
20101101
40101
21012
20120010
13000011
110011110
14100
200020020
111020010
12010101
10400001
101100
1100022
402000000
100003002
13100010
41000010
200004
20102010
2400000
100100301
400000101
200002020
101110002
10001103
201000120
11301000
1210011
10101021
300200100
210101100
20000001
21000210
10040010
1003110
110130
111210
10211100
2220
1030110
10201011
111020100
3100101
2210010
20301000
10004010
200010102
101001102
320100
111000300
13000101
200100000
112101
200112
1122
20200101
100002120
2101110
200111100
100002
21001002
1010202
10220100
110001030
200101002
2301000
103101
100110201
111001200
10103001
101031
10041000
2020101
100201020
1112001
1100202
110202
1031001
11100000
301101
100010010
22200
1401000
101201100
13011
1203
20020002
101130000
101121000
1311
1020210
10021020
100001112
200100021
21111000
200220000
100002003
100210011
112200000
210201000
101003100
101012100
220101000
130001010
1300002
12030000
100100400
11022
1100121
22001100
200001111
101301000
10101111
102020100
3000021
100102002
1400010
3000111
210010101
200111001
20301
10000023
101011200
10210110
40001001
40020000
311000010
101110200
310110000
111010200
3102000
2020020
100220010
210300000
30000300
300000003
200010012
100003011
2000310
101101002
310002
310000002
300101100
110010030
2211000
1013100
22110
203001000
200200200
10001112
120000201
21010020
100102110
4200000
2012100
311100000
102003000
31000101
121011
300002100
101010300
11130
1001130
200201001
30000003
200100030
30200001
32010
100010310
200100012
13001001
130000020
200211000
2300010
100002201
11101101
12021000
10020000
100032000
21010200
10010100
210102
100201002
100101
10100022
12200010
112001100
120110100
2110002
23010000
130101
102201
210021
210001200
200000211
101010000
210110010
11111010
101200110
100400001
11020011
300030000
311000100
301101000
120102
12021
302000100
100122000
10140
11001021
12001101
200002101
12101100
10102101
11110200
4002000
10320
20100012
30111000
20220000
100020300
12102000
100031100
30
1110000
301010010
10011210
1200003
101002011
100120002
120300000
20002101
10000230
201000201
101101011
103200000
110001000
20111001
200020011
11100003
3010020
2121000
101011101
132000000
202011000
20400000
100100010
100002102
101031000
12002100
130011000
400100100
200020101
102210
11000220
10001001
33000000
3201000
4100010
1211100
100310010
202000101
10000104
10111101
201011010
102100101
1000410
1001211
200100
1110201
11001120
10200012
110103000
20011101
3010110
200110020
21021000
301011
12111000
210100020
110211000
100011030
100100211
1210002
320000010
220000011
102000111
211000011
20100000
3000012
210020001
2110200
230001000
211020000
113000001
1010211
200300100
101001300
2000211
1140000
31002
100010001
10102002
10000011
2111001
201101001
200002002
110112000
200001210
20001102
100210020
3030000
120201000
11040000
2004
110101011
3200001
101000202
1001100
30012
13001010
200000100
121010001
12011001
2211
1010031
10101201
1103100
2120001
21000021
211000101
220100100
120000012
102001011
101010201
100020201
10000401
102010020
2020002
2200200
102010002
1000401
213
222000000
10031100
21101010
1004100
12300
113001
22100100
10021002
112000110
200011110
101111010
2102001
212010
100010004
131001
1301001
400100010
2200101
1000311
100020
100001004
11210001
2100012
301001010
100030011
110011011
11002002
211000200
110130000
10001121
100000212
201002001
113100
2100021
120000003
120010200
30010011
1140
10121001
100100310
301110000
301011000
30110010
110010210
100220100
110310
121000011
200110200
101120100
12000201
31000020
201001101
4011
210110001
410100
300020100
110020110
100000140
30011001
100100022
410001
30102
20010
310010100
21000000
10004100
10013010
10310001
201010110
10001010
140010
1000302
211101
10002120
222
101002110
1002210
1000212
3001110
200020200
11010000
401010
1200210
21000201
10002300
12100101
12000120
1030002
1100040
12002001
201100200
120110010
2300001
130010010
100000311
102001101
10311
101010030
10011000
1011300
120101010
2210100
120102000
300200001
100301010
100410
1102002
10100100
40200000
200010300
210030
24
10201101
300200010
300001011
101211000
10040100
110101200
101130
11200110
11000103
220020000
21300000
121000020
10010013
100110012
120021
2000400
1011120
10121010
111010020
102200010
212100
21001101
221001000
110200101
210000210
101111001
1002120
203001
100012002
100010202
210020100
300000120
101001003
1100400
10022010
2100210
11002020
200001201
402000
211200
10200120
24000000
120002010
11300010
11000310
1101210
10022001
110000001
111100002
11001300
300001110
20003100
200011200
210100011
201001020
2111010
100100130
310000011
3000003
221000001
100010100
100001121
200310
31011
12110010
220001010
100020111
101111100
12000021
12101001
100101000
11100210
20201010
110201010
101100030
100041000
100002111
200111010
4000110
1010400
40002000
40110000
301002000
200100201
11001030
100113
1100103
200010003
110002101
1003101
2000112
302010
100100031
230100000
410000010
301000020
12010200
20000031
110010102
2002101
200003010
2111100
112100001
300120
111000102
210000030
20100003
100003020
10010004
11112000
110011200
1300020
1032000
14001
100410000
10401000
300020010
1111110
401100
100102011
2103
11100021
130100010
20201100
30300
100201110
10002111
21010002
31010001
10002210
320000001
121002000
202000011
1013010
140001000
10021110
101021010
10100202
410010000
20012010
202100010
1104
1200201
120111000
120011100
10230
1230
20012001
203100000
31010010
2110020
100011111
100001220
3100002
11112
2400
131000100
202110000
101110011
1020102
1002012
10010400
100020012
100000410
20000040
110000022
11211
10000221
113000100
101112000
200000400
101001
2002011
12100020
300012
301200
200010
1200
10100310
112110000
21012000
20001201
200012100
110101020
2000100
2001201
100203
20200200
200100300
30001200
110210001
400001010
21201
10201020
12100011
201003
100122
411000000
111300000
10000302
101010120
400002
10130100
11001
110040000
10011102
2310000
21110010
11100
100110102
1201020
202000110
220100001
30101010
3021000
311001000
12011100
120100200
10220010
210010020
201010002
110120010
20000220
101200020
31000200
310010010
200030001
102002001
1001112
41010000
20100300
210010011
100011210
2012010
21000
3120
10211010
201300000
103000002
20110020
311000001
3001200
2000202
1101030
2000121
2010
110121
100000320
120000120
10000140
20103000
10003200
1300110
121001010
200400000
120120000
1102110
104001
10010040
211110000
12001110
2000031
10000320
10100121
11001012
300003000
400011000
200202000
201010011
101300001
101011002
20021001
30010200
30000120
100221000
301000110
100030200
10111200
40100001
100100202
1212
10202001
230000100
12000111
10320000
2001012
200100102
100131
11012100
100131000
3001101
1000023
12100110
1100031
13010001
40000002
20200002
112100010
101100111
22100010
40000020
200020110
100111200
100200210
1011012
100200030
20000022
100120020
2101020
1120002
100023000
200011101
3002001
101040
211011
21200001
400000200
130010001
100000014
200101101
102100110
1000014
400011
102030
12000030
221000010
200001030
120000210
201010200
20001210
2013000
4020
212010000
300000
20020200
10210020
10301100
10300011
1110120
40010010
20110002
101200101
101012010
110000112
101004000
42
102000030
30100011
20000100
1010310
122000010
11400
20110011
200000010
10002201
121110000
3111000
1110300
101121
112001001
112000002
102200100
130200
102001002
123
11000301
21020010
102011100
101100003
3010002
2102100
1201011
20102001
30002001
10104000
141
111021000
101030010
2011110
201002100
101000310
202000002
30020001
10002003
1001022
100010112
1103010
110301
11101200
1220010
12011010
210030000
110100030
33000
11011101
3011010
1000041
100100103
100031001
11400000
100001103
2003100
3201
1201002
13010010
31110000
10111110
100012200
300300000
100111101
204
10001040
102011010
4100001
12111
10104
120020010
200021100
110000220
10100211
2040000
10041
302001000
201000003
13001100
110102010
3101100
101000130
200040
101103
301001100
110002020
100001013
10203
1010220
3000030
10300002
210111
204000
100010040
10100040
2012001
300201000
120001011
101000004
111001110
110200002
130100001
100400100
31002000
103010100
111100020
11004000
211001010
1200000
101210100
13100001
301000200
10111002
111011010
400101
102120
120011010
100110030
102100200
100201200
4101
10020102
411000
210012000
103100010
20210100
200004000
41000001
200120100
110102100
130000011
212100000
121000110
2030010
201
300001020
10003110
101020002
100120200
110100
23000100
30100110
100200111
200012001
11001111
3001020
102000201
13020
20001000
1110003
210001110
20300001
210100110
2100003
12000
10110021
210000111
100020000
1221
4000101
1000032
10122
131001000
10200030
110110110
10111011
1021110
10020021
210200001
200101110
101010003
221001
13000002
10300101
101010102
10011201
12001002
1002021
300000102
10001310
10103010
31000110
10302000
120010002
21020100
102000
100100013
1121001
40000101
100020003
100113000
111111
102002100
100000203
20000112
201201000
20004000
3110010
10023
22010001
21001200
312000000
302000010
400010010
1131000
100001202
310002000
110000211
200000112
13002
1102101
1201200
120021000
200000022
111100011
101010210
3012
30003000
202200000
210210000
101100120
21000120
111003
100101111
31000002
300021000
11110020
11200200
101220
100020210
100011012
101102001
110101110
4000011
1030200
111101001
110101002
21011010
41010
1101120
20210001
310000110
3000300
31000011
1131
200030100
11111100
2130000
1002300
200220
1310010
40001100
10221000
11110011
40200
210011010
11110110
3010101
1011102
300120000
20002020
301001001
300010110
4110
10010103
1110
102101100
320100000
31020000
101040000
100100040
20100021
102100011
1011111
302100
120002100
3100200
102100020
231000
231000000
201000000
200200101
30020100
2200020
100010031
11000121
112010100
201000111
110200011
111010011
10100130
310001100
300010101
110011002
2001021
40010100
130001100
100140000
111102
122001000
310100001
220020
21100101
100011000
100112010
101030001
1101111
12003000
101013000
200000004
20130
12001200
3111
301100010
1031100
321000
100210200
103000101
10030020
100002000
101100102
122010
11003010
11100201
100200120
100010220
2301
1010001
10013001
11130000
101010111
2001030
222000
100032
100001031
100221
21002010
10002021
10140000
300110001
103200
200001120
104100
112020
110012001
400000110
121000200
200300001
20220
20013
132
2201001
302100000
100100112
100021101
114000000
100040001
110040
101101200
201111
1210200
110211
11013
130020000
22110000
210100002
1001202
231
1101012
20100102
1032
1211001
21011001
220010001
101001000
100210002
110022000
10110111
10101210
21001011
400001100
20310000
120101100
3020001
200100210
11300100
100211001
13000200
201102000
111000
101010
1110030
100001040
1210020
100202010
201021
20400
10101120
2120010
210010200
100011003
20110101
20010012
101022
40011000
113000010
200011020
120001101
110000040
21100011
1000230
101001120
110200200
200010000
100104000
10101012
1022100
101210001
11210010
210011001
20101011
101020200
420000
3300000
20003010
10000203
1000011
300201
100200021
110100102
210021000
20010102
1001010
300010002
11010030
20000004
200013
2021001
111030000
31011000
20130000
2021010
10210002
10011021
1113
3100020
2200011
111200100
110103
11001201
12020010
30102000
300003
103010010
20002011
11300001
10012002
130101000
112002000
300010020
100310100
101021100
14000001
1011201
201012
310000200
204000000
11310000
310011
202011
10030101
100004010
310110
102010110
100210110
110010111
110003100
101200011
300000021
100000221
10102011
20201001
200031000
200002200
20000301
201100110
20011011
101310
140001
201003000
103001010
110031000
10120002
21020001
110110200
2010102
100010301
111010110
101001012
11100012
202110
1014
10100301
10200102
1022001
10131000
110000031
14001000
12000012
220000200
10401
1101102
102002010
3110001
100200102
1100004
200210100
210002100
100000200
100100100
200130
32100
111001011
112010001
30012000
300110010
110110002
122100
100011
2040
30200100
20010030
210002001
100110120
100011300
30000012
100210101
1003200
201000210
112100100
400100001
300101010
200000001
20000013
111010101
103100100
1001220
100040010
20002110
31100100
20101200
1101021
110002200
103100001
3011001
300210
10130001
140000010
100300020
300100002
1100211
210001101
201001002
100201101
2100120
30101100
30110100
20001111
1111011
311001
111002100
111000120
11004
220110000
310001010
300110100
10210011
20100120
2002002
1401
301100100
3
11101110
1020003
100010013
10120020
102
10200003
1113000
100001010
2010120
200301
100100001
1110012
100000002
201101100
201100101
10310100
100010211
120000000
140000001
3003000
111200010
112000200
10014000
20011002
102000012
100101021
21021
10201200
2201100
1020111
102000210
20020110
21100110
2000022
102110001
20004
400000002
103011000
20010300
321
12010020
12010110
100201011
1120020
120020001
300000210
101002020
30003
11021100
10200021
140000100
131000010
102010200
110102001
1100301
10100001
1200102
400000020
201030
11200101
300102
110022
10020030
10003020
30001002
211100010
301010001
21010101
2001000
102300
300210000
20202000
200013000
11000001
111000000
210100101
1004001
210003000
311010000
120120
3020010
2101101
210001011
40100100
111110001
20001030
100000230
100010103
101011110
200001021
321000000
300300
30010110
100100004
100011102
1030020
1111101
1013001
101010021
210000012
20101020
200000121
110100120
200200110
1000203
1010100
1004010
1012200
10004001
100320000
300100200
100011201
11211000
100100220
20021100
101100000
10212000
10000110
2002200
41100000
301200000
210120000
21001020
11100120
1100001
1021101
3002100
11031000
110120001
12010002
30011100
201000030
110001102
30001110
100030002
11010021
4100100
2110110
100023
101021001
203000100
12000003
110300001
100103010
23010
31020
101100201
20300100
10311000
200001300
330000
13200
20040
200021010
11120100
101000010
2011020
400200
113010000
22000011
110013000
20000400
2101200
1111020
2011101
130110
13000020
203000010
30100002
11102100
1012020
111002010
100031010
110000202
100021200
2220000
1200120
110101101
201020010
10102200
2112000
101001210
100230
10101
113010
110000103
111030
110001012
2001300
22002
1001001
103001100
10110003
101020110
1400001
11200011
120201
110002002
201011001
202002
13101000
1203000
101011020
104000010
210000
11102010
300011100
13000110
100001400
40010001
20011110
11202000
11000031
202010001
10212
11111001
130110000
3011100
30020010
1103001
11001210
22010010
10220001
30200010
10000020
110011101
311010
100012011
300010200
111100101
12003
10002
10200201
302010000
102000102
20202
100010400
20000010
200211
11003100
22100001
130000200
120200100
110001300
10022100
101000103
111201
21000300
300011001
200001012
230100
11000202
1010022
310000020
201021000
1000200
110030100
2000130
1041
10101102
10032000
100030110
100022100
2300100
1011003
112010010
120003000
21000003
10410000
21110001
4101000
101000013
11030100
1200021
130200000
411
100000041
1001301
3001011
21300
101010012
20100201
10021011
300000111
1302000
1002003
201100020
24000
111000210
130000002
201030000
10200000
100102101
1012011
20200110
210001002
100011120
10100112
1022010
21002001
104000100
4010100
101000022
1040001
111002001
420
10110102
110001120
201020100
100111011
32000010
201200010
101100210
1000104
202020
100320
41100
200000013
11100111
210000300
110100111
21000102
20010000
110012100
100000302
10011120
120
400101000
31010100
110100300
120000
1201101
2010021
200301000
10200111
101201010
200120010
10120200
111020001
110010
10110210
20001300
2000220
1112100
1100010
221010000
210100200
11000010
13101
100021011
100010121
111100110
101300100
3010011
121200
121101
310200000
220000002
3000000
2100
1011021
31100010
110010201
201200100
2011200
103110
102000003
100021110
110004000
10400100
100401
100101003
111200001
120000111
110021010
10003002
12100200
10020201
230010000
111102000
101220000
1010130
11030001
10010001
20121000
200011002
101020020
100001100
2020110
1002030
22000200
120020100
40100010
230010
100013001
11010
1011
21000030
112000011
2000013
200201010
110010000
120200010
100011021
11020002
12001020
10020120
400010100
10000041
410010
220001001
101000040
200001
10221
10102020
10300200
100301100
200201100
111001002
12
110010021
400110000
200400
2031
1020000
10020012
131000001
202001100
210110100
30010020
120011001
100012110
1021200
303000000
220011000
101310000
200002011
200000301
10001130
100000131
101110110
102001110
100040100
10020111
41001
201100011
10122000
21200100
11010120
20030100
200121000
110000004
1101300
100302
1120200
10130010
110000013
102200001
3100011
1001400
210003
210210
100021020
11121
202010100
20200020
20211000
30000021
201110010
100111002
100000113
400200000
200003001
30001101
401010000
41001000
20000310
100310001
10010301
110110101
10112100
2201010
1020
121011000
110020020
210000120
21110100
21100020
10000131
12210000
131010
213000000
22020000
200001000
21210
11002110
10010310
10030110
101011011
100101120
1100310
110004
400020000
21003000
100200000
110111001
20010210
20101110
33
30101001
330
1000002
10021101
11201100
31200
100000110
2103000
202100100
11022000
211000002
201000102
210201
14000010
1202010
110010003
4000020
101000100
141000
103010001
11010210
1002201
310011000
221000100
121000002
1100100
211000110
132000
11002011
1210101
11101011
31001001
20012100
121100100
12210
10010211
10000122
4001001
220001100
23100000
103000020
100000104
22101
10113
10110201
410001000
21011100
20112000
100130010
1130010
1101
311100
100111110
130020
100203000
11001003
201000021
220011
103020
200031
100002021
3000
20011200
10021200
11010201
10202100
200121
100110
11000211
10010202
140010000
121020000
2200002
120001200
301100001
100140
2121
10010220
300000000
12300000
100200300
114000
401001000
301010100
30210000
12000102
300020001
1301010
21200010
2010003
100202001
200100120
30100200
200112000
111300
20001003
12101010
201300
11040
111021
400002000
212001000
20010003
12020100
10012020
1031010
40020
21102
1120101
11101020
11013000
100000101
1301100
21101001
10011003
100212000
1002111
4200
100001022
201120000
200010111
201010020
312
110100201
11000040
31101000
110202000
10000410
112200
220000101
32010000
22002000
200021001
2001
1012002
300100011
10112010
2000103
1023000
1120110
120012
123000000
200310000
100000032
1410000
200030010
110121000
303
102010101
1003020
10202010
103000011
20030001
30010002
100020120
101000112
200010030
10012200
102000120
102300000
10012110
131100000
203010
201110001
11310
111011100
111210000
110020101
