40011010
13011001
210001021
101001130
300000022
1111000
2001100
111100021
303010000
401000200
301002001
202000120
102011011
320110
10002031
10000210
22000111
10300300
11110000
20000122
102010210
100100302
1101010
10202200
120010003
30020101
11020120
3210001
4100200
20202001
203000110
3301000
2001310
14020
101101021
203000200
30200002
200002120
4020001
210003001
100111111
30010111
21100030
40100002
102002110
321010
3121
103011100
130100020
10000120
1200022
210112
300000301
2100001
100000330
31010200
31110100
12103000
102001012
1000114
203110000
310010101
100100011
200010310
20301001
20101021
10010401
1200013
111202000
410011
2100004
2020021
2010400
11002201
30200011
20030011
200000221
43000
2200201
1001302
320200000
221000110
40201
11212000
1200103
120030001
102020101
10022101
130003000
1110013
1000021
100033000
1100221
21010030
200101003
200012011
20020300
220010110
130100200
130000201
3000400
101130100
11002030
2002102
310300000
120100300
102040
21102100
21100300
300110002
30001
101103100
1110130
10311010
3000010
103300
110121100
3010111
202000021
140200
100020022
12220
202000300
200113000
113010001
1033
100000231
1112020
10103002
102100
21030010
110101000
321100
1000420
10120021
2131
11001121
200011201
101131000
301201
100003201
1011310
221001001
210000001
201110011
102301
110010310
2020012
210120010
121111
112021000
11002210
120102010
110011201
11011120
2210002
100212010
41020
100203001
100100023
101010211
100230100
210121000
30101011
3101020
2021200
101120020
112102
400000111
20203000
10020040
110002000
301010020
2200003
100001014
14011
101001001
420100000
410000110
2030011
1130110
10102003
210100300
200410000
20030200
110011120
3202000
101200021
32020000
200230000
210021100
10014100
110002111
100001410
300010
111100201
303000001
400200100
10001011
11210020
21002200
30001003
111121000
200110201
3201001
110401000
310001200
200300011
100003111
20020
131011
101012101
22100110
222100000
131000002
10102102
1221100
12112
120120001
10013101
210001210
111301000
12010000
10001032
10002001
101002030
11122
10310020
11011021
301201000
111040
1220101
201002011
111003010
1120201
20120011
220002001
10101013
1300003
21011011
30300001
120011011
1013002
120211
10311001
200110111
3310000
31003
100
21001120
10200004
1002310
10011103
100103101
3110110
10400200
11032
100120210
12011020
110040010
33100000
41000002
10010014
301020100
101300011
3011101
2100130
1122001
203001010
40100200
110020300
110111002
200010022
2200021
400200010
30020200
30220
20401
1101211
300001021
2113000
111004
102031000
101120200
201000001
13110100
200301001
200212
101010010
420001
103120000
3002110
14001010
211200010
11000320
10220110
210100000
220010200
100121020
22110001
100100203
223000000
112100101
31030000
402010000
110310100
210010111
11122000
110120002
130000111
410000011
1030102
10121110
21100021
401100001
30110002
300101101
4001110
300200020
20000002
101041000
10213000
112111
11010112
310012
411100000
30030001
40012000
213001
11111110
11001112
20021200
11014000
112
2210110
10110211
40200100
122000101
100303000
21001300
2201020
12100210
212100100
400003
101020000
2100202
120220
131020000
41000200
12210001
121011001
20001013
1210003
100014001
110131
12020200
31000021
30120010
10001311
111010000
3000310
300110020
21110002
110112010
2101003
100120030
142
211000030
110301010
2032000
200201020
200100022
110200210
10020022
200003011
10222000
220
210000004
4201000
13210
10013020
2320000
2000212
1000303
4010002
1121011
121012
220120000
110200111
2000200
202111
1400110
101121100
1003003
101011003
100220101
100211002
12103
2010031
111110200
4012000
2211010
10200301
130102
110140
112200001
401010001
201120100
102100003
100302010
10031011
200311000
300020101
123100000
1012111
101012011
4001011
1202101
101020012
21022
200122000
200102020
210012010
3201100
1021030
21001021
200021110
20101003
3011011
101002210
100310110
421
1123
4002001
110001112
2131000
200202010
10101010
101200003
103002001
10003030
102000040
41011
121002100
42001
140011000
113200000
101000221
100120000
31000
131000101
220102000
20311000
130001200
200140
100100002
1012000
10112002
141100000
113000101
4021
11211001
101101102
22101100
111010201
310000021
12040000
231010
100103020
102021001
13000300
301101001
11110120
20010202
1200010
1210210
310102000
220010011
13001110
121110010
20000011
100211101
10132000
22210
240000010
23002000
10000201
12004
111000121
10210000
100032100
100010320
1010140
10010023
11301001
30000022
100213000
1103002
2113
110113
112020100
210000100
100300021
1120300
110200012
1002004
200030020
121010101
201000103
20101
1013020
320000011
3200110
100012300
11011000
102202000
310201
301110010
20101000
1024
10101022
113000200
301210000
100020001
11101102
130210000
102101011
100010311
3004
102000310
3001021
100301020
101103010
210100120
110200021
20011000
3030010
10010200
21021001
10030111
110000140
100200130
100200001
100013011
112020001
430000000
240000001
100211110
123001000
30000121
12001003
203011000
200101111
211020001
20111020
200000011
103111
211200100
101040001
100010011
12030100
22002010
112000003
31010110
10000231
112000012
10003120
100020211
211000210
10201021
33001000
200003200
20001100
100201210
21030001
10004011
1001032
310002100
300000103
100010122
100113010
112200100
1101040
11021011
200110000
22120
210001012
21120100
3000301
1000030
111211
201211
30020020
310010020
23001001
1202020
200004001
22001002
202110001
3000112
100302100
212200
121030
120100111
20011300
201021100
104000200
13100200
100231000
200012020
210100210
40300000
203000020
10110004
1200211
211010002
12201010
300102100
101300020
102100111
201011200
201310
40111
112030000
400000012
121200100
1002211
201001120
100110121
200012200
411010
100020310
120100
13012000
1200400
110030020
100003003
131000011
1010011
312001
400000300
311110000
300300010
400200001
200030101
103000012
302011
310210
320101000
211000000
100212001
101100040
100000012
111020011
10003012
1120021
210020110
24010
102002002
202030
1210300
10130002
1131010
11100103
10000000
200001100
201004
14002000
102000103
3110020
100141
41200
213010000
321000001
200201002
101210200
10102000
110011021
310030000
202100020
210100030
300100003
210111100
111100000
110100001
140001100
110320000
104001010
1000141
100130200
100122010
120012001
1202011
24100000
10003300
2040001
3021001
100002031
100000024
11210110
1101100
111010012
202012
20300020
211210000
2311
111101011
2220100
11000020
11010103
10300210
33000001
120101200
10030021
3020020
300210010
311001001
210200110
200111110
201000211
31
110110012
203020000
201010000
21100201
100220200
12000031
202
1010200
1011013
1020001
1004011
400102
202000030
100042000
120000400
3002020
300210001
1104100
101100220
1201120
120101110
130011010
200103100
124000
104020
20110210
110010130
112120000
21400
100001302
113020
111000112
11210002
121030000
201000004
1101310
110001001
10210021
31201000
3211000
101101120
1231
10110001
1230001
3200002
2002003
110011300
201100000
201002020
40120
11000011
410010001
30011200
201001000
100300120
1100140
10001023
210000301
3200200
102110011
1240
10321
110110300
101030002
2011300
1021210
21300100
4001002
211010020
20002210
21040
100110301
111011020
23010001
3102001
200002300
200003002
102200101
102001000
100100410
100110220
12210010
1000120
200300101
200011210
3012010
1102
10210111
21000103
2202100
30022000
10000141
200000113
201121
1022110
12000211
20130100
403000000
200140000
100401010
33001
11020
11000113
12121000
20310001
102300010
4100011
20103001
101020021
200020
111001120
210031
102012010
11200300
3101011
10200010
200011003
201210100
1030300
101000023
100100401
100011202
130000000
133000000
21000004
110010301
111000004
101202100
121000
11000401
10000042
411010000
11020000
20102020
1300210
200010400
203010010
110012200
1300021
21220000
1112200
1110211
21011020
22101001
22001110
10004110
2004100
201011101
200113
10230010
100024
140002000
230010010
30112000
100010020
11111002
110201011
312000100
20301010
211001002
100110013
1041001
230000020
103020100
100101040
111101002
111000211
11100013
11010202
303000100
10111111
311010010
104010010
100021003
20122
20202010
113000110
100030003
2203000
4010011
310300
111022
12200020
31001020
211102000
401010010
2130010
21000010
20102200
130001020
30000100
101110003
103200010
221110
11102101
230000002
200040100
2012002
301003
100030
10103101
101100031
220021
203010100
301012000
101000320
22020001
201102010
100002004
120130
11010211
203200000
211003000
100102012
31020001
20022010
322000000
22300
110010100
200122
100010113
42010
4000
1010041
30101110
410010010
1020301
12022000
31000201
100302001
40001200
13010020
400000003
3001120
101111101
100100032
10002211
10014001
121011010
30012010
101003110
100100221
40300
114001
30201001
202111000
102200020
101001103
11102020
121120
22010011
110001202
301003000
100001221
42010000
2302000
2001103
200201101
201100210
111000010
221002000
231000001
420010
1020211
20020201
10021120
10112011
40020001
13110001
1410100
211002100
10024000
20020102
102040000
2102110
103021000
200103001
12200200
101010040
111011101
122011
122000110
111111010
1002022
12100111
20040010
1002301
410200000
31011010
210210001
10200103
10200013
11010310
2100220
141000001
200120020
100300
10303
22010110
102102100
220030
201111100
3200020
4102000
211001101
12010003
12011110
100030300
130020001
110022010
1302010
20201200
20100100
1120003
12210100
1020022
200100103
100021030
13210000
13010011
30210010
120010012
103300000
2300020
121001020
10220002
401020
100002130
21121
410100010
301111
200200012
100201102
10103200
2210020
1201102
102001003
102000112
100400110
22030
22111
10210
20104000
200212000
100003300
110121010
1211011
110112001
11010001
23200000
400021000
4000300
202001200
14100100
14011000
201040
1012012
30202000
20000110
100120
100001032
102021100
100221100
10000330
301010002
3011020
212100001
11102110
1220200
20320000
120201010
10310011
120100120
10112200
42000001
10401100
200010121
111102001
21000022
103012
400001002
103101100
100201021
112300
110210101
10020031
122001100
202001020
114000001
1210111
100022110
3040
40200001
10200130
113110000
101031010
2110012
20200021
2310001
101001031
120110110
110022001
201012001
110012011
33010000
20001400
210300100
1040002
20002111
310000201
3400000
1130200
111012001
1011301
311000011
120020200
13000
1010002
100221001
13000201
21011200
21000121
402000001
200100010
20121001
10102201
2101012
20100004
110040001
1003300
100210003
100102120
11140
10011004
2020102
20410000
110212000
1030021
201101200
111030010
2020030
3001030
4100110
141010
110103010
22100002
20003002
200001400
21003010
110010013
300100120
100100041
300000100
310000
120020011
210001000
21110011
100012210
2111110
110102200
311000110
300010030
10013002
2002021
10042
111000103
2130100
20200102
20021020
10031002
10022011
110010121
103000111
120011110
120000211
110011000
202200001
3000211
13100020
34000
401020000
222001000
10110022
2100013
110101
10010203
10101040
122100001
1220002
10021102
101001202
210022
120000220
301010101
110010103
10112110
20010211
102200110
22102000
230101000
110002300
20023
1010023
22010020
2202001
102300001
101400010
100020013
1040110
110200120
102000001
100114
100031020
100013101
30400
111020101
2100031
40001110
310010002
110200000
222100
320002000
212020000
1103101
2100400
201030010
200110210
30101200
300000112
201201100
102102010
102001201
101112001
401101000
20020003
40000210
11100301
11100031
31100110
101102200
1
201201001
4002010
1011031
140000020
303001000
1110202
1211200
121201
20201101
300202000
1011130
200110300
3101110
301000120
100103200
110320
110201200
140101000
210101110
111010
100310002
200121001
10101100
121000120
21010201
30102001
202002001
103000210
101000104
11203
11311
10001410
2000020
101020030
122002
10002310
120000100
4011100
22000021
21101020
10021201
101000032
1201
13010110
32100001
102010003
100101130
11000032
111000031
10212100
10121011
120010
2200000
100201111
101102002
1013011
101010202
2400010
201102100
11020030
13101100
20104
11201011
1200121
400120
201103000
20000410
11020300
110102101
10100104
3120010
22012
213100000
200300110
121102
120012010
11002000
111010030
301010011
201010210
100031200
203000002
200300002
302100100
12010201
400001101
210000202
2111002
313000
100120003
1102003
101100301
100101001
110030110
30001300
21012001
2200102
201010102
4100101
110130100
11103001
2200120
101002012
103000000
200011000
20000230
111101101
111100120
2022010
220100011
110023000
102000100
100301002
301012
100023010
4200001
120022
411000100
3003100
301000
103
1002202
30200110
40201000
23010100
130001101
210001111
10040200
211110001
2030200
11000230
11011210
2002012
410101000
210000022
200000020
102110002
110120011
212200000
20131000
401101
101200201
12021001
120010000
110022100
10204000
10102120
120100102
1301020
110000113
100020301
30022
212000110
100013002
310003
11004100
1021003
20122000
2000023
121100011
300110101
3110200
103000
40000102
400012
203002000
121010200
212011000
221100100
100011400
100100122
20131
321100000
32000200
120002110
102200011
3002011
1100401
12310
111012010
31000300
210200011
10010011
101111200
100202110
201102001
12000220
2102002
200111200
102201010
100321000
1130002
100110310
10221001
204010000
1111030
10201102
30010012
1020121
100201012
112010011
10102030
1010311
100110022
21101200
1001122
230010100
1042000
1020130
1302100
100202020
10400011
30000004
103010011
100400101
232000
303000010
10303000
211101010
120010210
210211
111001
20210110
2400100
110040100
41010100
112000120
100321
111100
140101
114010
12001111
11001004
300003001
111010003
3100111
100111021
211011001
301111000
120200101
3202
11003200
10012000
320110000
10123000
1111003
1400101
2104
102310
11022010
200112010
30001021
111103000
201002110
100003012
111220
1100020
10302010
1201012
2010013
210202000
120002101
230001001
10000030
101400001
222010
100012021
1012102
10300003
110031010
1000123
121021
111100111
100030210
1120120
1203100
2110102
1002040
301010200
130101001
1212100
10000321
100210012
103110001
12112000
20000302
201100300
101201101
12020101
210004
100402
32000020
300002101
31100011
412000
11310100
312010
2401
11100310
300020002
200002000
1003102
121010002
110012110
100220110
200010220
20130010
300200110
10000303
200131
11200111
1202110
101212
110002021
30030010
303001
20001211
100010110
1102300
21210010
220011010
300002011
101032
100110004
12121
31000102
1001200
300040
410101
10020220
130111000
221101
100210210
4111000
102002011
101104000
11401000
1112101
31101001
210010012
31003000
20000221
240000100
11300011
20102101
103030000
1100113
40021000
22021000
12011011
10031020
20101030
112210000
3000022
1140010
130012
21400000
310020001
30111010
2014000
201011011
201001201
11120200
100002040
20201110
20002030
20010121
10103110
10032100
10110310
3100201
14001001
130201
310010200
2000002
111040000
10221010
100121110
100202002
200021020
2100121
21013000
101110300
110031001
130200010
21010000
1000222
10402000
110221
110013001
10020202
10012021
130201000
120000031
1000402
300130000
110001310
1311010
22000201
311101000
202011100
2003002
201101101
100003102
10113100
1100002
20110120
400100020
130000120
302010001
210100
21120010
32200000
200001121
110020102
2010310
210301
20032000
111011200
100102201
100210021
200041
22201
1300000
110102020
100113001
10202011
104001001
410000002
31000111
300102010
21012100
10010302
33000010
220010002
12030001
400300000
11012110
40110001
10203001
103001110
131010001
11200030
20101102
20010310
400000030
200211100
1102030
110041
13020100
20100010
10011040
210013000
100030021
102300100
202010101
11003020
10111012
1021021
120000010
20110000
110000011
100101103
311011
100004020
10002040
20003011
400000021
103100200
3100030
103100020
201200020
211000021
100120012
20004100
301100101
110400100
104101
40010020
20020210
10003000
210004000
30101101
2020000
3111001
4020100
300100021
320010001
400011010
200000320
300101020
3003001
13001011
10020004
40000000
110030200
111110002
30010201
300310
1002013
140001010
212110000
10111000
20101111
30211
300010012
111111001
22000102
200002003
300012100
10111
101103001
11013100
111012100
110203
20010022
102010000
11120110
310100011
211100020
30100
21020200
220000030
400001110
30200200
300111010
102002200
103030
111000100
240010
40003000
211300000
410200
100010002
10220200
11220010
110200030
102010102
130010101
120001012
100210120
110103001
100110040
20120002
220000111
120200200
110001301
211002010
100000402
22100011
1111021
121000021
20010220
131000200
3001111
10121020
102011200
12211000
102101101
231100000
40102000
120002020
21111010
2111020
100240000
21030100
10101301
400101100
300200101
20011003
20000101
1401010
21031000
1200310
10030030
110021110
100000303
200120011
100300102
100111102
200010031
10101130
110201110
130021000
100110112
111001021
300100210
100410010
120100021
103201
20001010
100102000
21011110
102103000
101011201
101410
200001022
12202000
120210100
200101030
41010001
100100200
410020000
202000102
310000120
120001021
2000104
30103
311002000
20113000
3100
3211
110311
1100014
101011030
1040011
10300021
120121000
120011020
100000204
101010013
212001001
11003110
4201
101011012
13001101
2003200
123100
110210020
20211010
1320010
211000111
103101010
14101
100011001
22102
10000312
301000111
30020002
201210001
11012002
4000120
210300001
202020010
10100002
221011
40200010
100401001
200010301
2002210
1001230
210010003
200001013
200102011
2100010
121100200
110000212
201020101
100013110
1201300
10112020
10001014
2010301
100000114
21100000
111400
112110001
1212010
21001102
120102001
130011001
202101010
201010021
10100020
110201002
100031002
2120200
10000420
100000003
121100002
201002002
411100
100002310
1220110
111100030
111110020
21101011
2103010
30110011
2002030
100040200
10123
212002
1301200
401011000
20020000
1101031
212000020
102101200
11130100
101320
11131
220300000
40000030
101003011
100000
110103100
140110000
103200001
1020031
13000111
12111100
200001310
103010200
101110021
22010200
30100102
1030120
220010101
110003020
20100001
3100021
20220100
10000123
20001001
2020120
12201001
410001010
302200000
20023000
110001013
3030100
103020010
22201000
10200400
320100010
200301100
100101112
21000211
20100310
2010220
220001020
102000202
201101020
201120010
10100410
111000022
131011000
400100110
1012120
2100211
300220000
420100
12130
1141
10102111
111310
210011200
201200110
200002012
1104010
21020011
21101002
1202200
1101202
301100020
201110020
2023
4000201
300030010
31021
2212
120120010
10031200
110013010
1000042
100111003
2021110
4101100
101310010
22101010
4200100
220000021
2200300
2020111
2001013
100411
11023
13101001
312000001
20000131
1400002
20302
101013001
12001000
110020012
110002210
204010
211020100
20012110
110102002
1132
221000020
310011010
200000104
1033000
103001101
100121002
11003101
20012101
310000000
120002200
1014001
10004002
3300001
1310002
10111120
301101100
10012210
101001400
100021201
13201
11320
110302
31200010
201010111
100001110
2310010
2004001
111310000
301011010
202021000
141100
11031100
10020400
340000000
230100001
210030100
1001410
101011120
10114
100000240
10300201
411000010
310201000
10022110
100002202
1013200
12011200
21011002
11010040
30000220
1211110
100130110
20210002
100204
30121000
120020101
20014
13001200
10104001
201200011
101014000
210000211
200100202
201301
303100000
200200003
24010000
30031000
121102000
20111200
21010003
103100011
412000000
330000001
2101102
2030002
40010110
200010100
3010102
200202100
11130010
1021012
1004101
220002010
100111030
100310101
11410
111000220
21100102
3001003
3012100
220010020
101300002
1141000
301001002
1402000
40000
312010000
113010100
111001030
20010031
41000011
3120100
430000
101130001
101010301
100101004
201110200
211110010
2010001
14000020
101011000
10010032
110302000
10000033
301100200
300120100
200220001
10400020
1100023
1000102
110014000
110000230
321001
201112000
2000131
200020102
21111001
10012030
2202010
202030000
123000010
111100012
41010010
12300100
120300001
100103011
104011000
301200100
30013
1221010
10200121
10021111
220101100
201011110
11200012
1320001
1311001
102000220
3111010
100102003
10201003
20100211
10010140
13000030
210003010
12000022
1104001
121021000
2000401
3102100
100410100
110100010
100001113
2112100
110023
4001101
1131001
12100300
101011111
101030011
102011002
11001310
400020010
300121000
100011112
21100
122100100
12003010
21000013
20002021
320010010
200111011
110001010
111130
2200
22000120
20121010
1200220
200000230
200001130
300030001
100200301
104002
10100041
11002
10002010
220000000
203000101
220110010
202011010
103001200
201010201
101010031
11202100
101410000
30003001
400000102
400110001
22003000
400210000
201201010
3001210
1022200
2011201
10300
104200
20200003
110021200
100102
300110200
3201010
2000311
2000014
13110010
20310010
113000020
210300010
101002021
11030101
111010210
21002101
10023100
10001320
30012100
32011
31010101
101002000
11100004
120010030
110004010
220300
23110
11200210
211100200
110000410
30102010
32010100
210021010
202001101
201100
100012003
30202
2410
2002
111110101
102020011
111011002
30112
120103
31200001
10010410
13012
320011000
30111100
30001210
101020300
13010200
230020000
110002003
3000220
4002100
2012011
212010100
2002111
20011201
11011030
112000210
10113010
200031010
210101101
201003001
101004010
201111001
2001220
1113100
11201101
401010100
210110011
1003012
400110100
110020030
100200220
221020
40000111
32101000
30002101
201021001
200100013
3310
1014010
231001
3300010
2000230
3101101
10030
10210003
21201010
12012010
110301001
30002200
210000130
110212
12020002
12101200
10010110
11110021
330010000
20003020
100000210
3000202
3000004
110021011
31002010
12000001
100131001
100002022
212020
140000002
200210110
310111
300100012
101110012
11010100
13200010
23000011
401110
200101
201100021
32100010
113001001
121001011
402001
120011101
2003020
110140000
120011200
3011002
130111
110220010
30100120
301000030
10301110
2102011
201000031
300022
111121
30120001
202300000
40120000
12020020
13100002
10100203
14001100
111004000
21200002
110210011
101022001
1311100
102101020
2210011
11101021
4101001
100120021
201030100
3220
101310001
401011
10130110
1010212
21001210
1001311
212002000
1000411
2110300
100032010
100140001
11100010
101101
310000012
120011002
2110003
400
101401
12000130
31111000
120000001
10110103
10202020
120002002
330100
120110101
2011111
10010311
200041000
30000202
200120002
100100131
131002
200001301
11310001
10122010
42100000
30010000
10001104
210001
10002100
10001020
201003010
401001001
1014100
10100311
101100121
10003102
30201010
200011120
1002400
1000111
40210
100000201
10011220
420010000
102110020
102000211
2002120
100022020
10330
430
10100023
130110100
300001102
31001200
122020
12202
300100102
11201110
101210101
101101201
1001023
400000000
320001010
11111101
20010004
100132
100231
20000014
111020110
1330000
2012200
100310020
100130011
111300010
20212
210002200
301110100
10401001
101211001
13001002
20320
200010004
100121011
102001
24001
120001210
121010020
30200020
111210010
102112000
2003110
100201000
100301200
11201020
10211002
401000002
200002210
20100220
100000312
20021011
110010031
102100021
130020100
101020003
300021100
121020100
101000203
100120300
112010110
21010210
410000200
311020000
21201001
100011103
102011101
102001021
100220002
11012020
10110010
10114000
120012100
101200120
110020111
210101200
101301010
11031010
110101210
10040101
124000000
300021010
11200201
220001110
101230000
202000210
3000040
13111
100020031
331000000
410002000
200021101
10130020
11103100
40002010
3100120
20000032
201001111
11000221
2120110
22002100
20004001
3004000
2230
111001300
22001200
10410001
131001100
110030101
110011210
100220020
20000311
301101010
200221000
11230000
1100203
1020112
20300002
120200110
102100000
311002
11130001
110101003
100111000
40002001
12102010
20110021
20010100
3020002
204001000
101111020
110100202
1110112
11000212
302000011
210310000
130000021
300120001
30201100
200004010
2200030
100132000
200100220
111200020
200010202
12211
13111000
10141000
10020103
102121
10302100
220012
200400100
300031
30111001
13000102
140000200
120000103
132100
1330
13200001
23011000
100021120
200011102
201000202
12200011
110110210
10020112
2031001
22300000
310100002
111100210
1101001
400100002
100020202
202011001
120040000
102000301
130101010
2310100
101113
100040002
3112
1010131
240100000
210301000
21000130
110110
22020010
1300300
113100010
200400010
130300
11203000
11002111
30040000
120010201
1031200
113011
101023
300110110
201000112
13003
40030000
40100101
1210000
101220010
21020110
10210210
10010104
20000401
211100002
102001111
201010
111000301
110200
12013
10310200
101203000
2104000
110000203
4101010
100320001
203020
12300001
10300102
111112000
210000220
10200211
20112001
10121200
20120200
11040001
23020000
1100104
421000
111002110
21011101
10200001
10101031
201010300
101020111
11210101
12020110
2101021
10000003
1000
120001003
110100103
200030200
210000400
4030000
103210000
232
10
401002000
112000300
101020102
12003100
1200001
230101
1310011
110001100
202110100
4010101
12002020
12101101
20102011
21110020
31100101
102100210
2020300
2011210
100000123
100110202
21210001
321001000
310210000
103010101
2101000
304000
10201300
20300011
130002001
31021000
302100010
103000201
200104
21200011
11031001
30400000
30100030
241
2201011
20000113
211000120
401000110
310100020
120000112
210010210
2121100
100201003
312001000
31000030
100011022
101131
10030201
21202000
1312
301002010
400111
100010212
210100012
10102012
302002000
20200000
4003
31200100
12002101
20013010
10010113
210011020
100204000
210101020
43
121002010
12000400
400010011
200004100
113101000
120001300
400000210
100420000
11041000
11101111
130000003
32002000
1300201
201000040
31012
210102001
11100202
1100110
23100001
210002101
110000032
211012
101010130
100201300
101210110
100222
40020100
23100010
211011100
20401000
10002301
2110120
212100010
21112
100111012
101101012
110030002
200011030
1201021
100211011
40001020
100011211
3200101
102220
11040100
11002003
1010203
120030010
300001111
10101211
10111201
412
11101120
2401000
101121010
22010101
1210201
310011100
212101000
110110003
201110002
102012100
101101000
311200000
110000023
120000004
10002220
1011220
110122
420000001
121011100
101311
100110031
110210002
24000001
110113000
102400000
30100003
2140000
1012030
1204000
10040002
230000101
122200000
2221000
100330
21211
211001200
1402
120201001
4120000
103001011
20020012
210001003
110000320
210010120
41000110
200020012
21010
31000000
310100101
210013
110211001
110101012
310012000
2230000
203010001
201001003
10020121
300100000
20022100
300020110
101000113
211200001
10001101
220101010
130100011
310101010
30001111
320002
200020120
1020010
121000030
210201100
3002200
1001113
31010011
20002120
3010003
101000110
2014
10104010
130
2103100
100030030
300010120
2201200
102100201
1003
30011020
11300020
200000131
200302
100030201
12110011
210031000
300011020
100001104
100000420
201100012
110101102
40010200
20220001
300011101
100021021
10300012
20100112
10410010
310001002
211003
310110100
120020110
11030011
110201020
11013010
214000000
110410000
100022200
101200000
301001200
2010100
211111
20011
311000200
121101100
100410001
230000011
310001101
300012010
2030020
3000130
220110001
200012110
102000130
2000122
401200
300004
20140
111001003
110004100
120001201
110100004
1002010
202000003
201010003
3220000
100320010
100001200
100001002
221020000
13000003
20100202
201001102
101001013
21202
22010002
31002100
200201110
400010200
300000130
210111010
101300200
322000
100200202
200100031
140000011
130002010
3022
1121101
102121000
310102
1030
3100210
1002103
20300101
20000320
100022101
320200
1240000
10100230
110100220
300103000
100131010
101100112
10004020
2201101
2100112
310010110
10240000
41002000
100004110
102120100
300211
20101120
21010012
110211100
300101110
1200130
130000210
211101100
202201000
103200100
200100130
1111012
13300000
100301110
12021100
101121001
30010300
401100100
113100001
311101
112030
11101210
110021020
130200001
4010020
101100400
113010010
10202002
2000110
11101300
210000040
310110010
112010200
110101120
101010121
10042000
130000030
401200000
4200010
320011
302020
1130101
1120
210400000
202100200
201001021
30021010
102004000
10001110
213010
110011102
101001100
200130001
300001
211001020
20101210
142000000
13000000
300211000
3010300
1210030
100021300
1103110
1111201
402000010
220201000
102201100
200100211
1024000
2101
111000001
10040011
20221000
4000030
110010220
1030210
141001
110100100
21001012
10001230
3012001
200020300
130110010
2031100
100123000
100200013
110100022
112002001
120100210
41100100
30000031
101120011
21020002
110012101
1012201
120101011
101000302
3101002
230020
121000111
22120000
10000114
101000020
13101010
100200112
200021011
40020010
210100003
400010002
12120001
10020301
131000110
1111210
101100010
10011121
111200002
200040010
12000112
2010121
400020100
110211010
202210
10000240
120001120
220000
30110110
202100002
101030110
100001020
1020400
101200012
113001100
10300000
12102001
201031000
320020
211020010
111000202
120300010
110003101
112000102
121010011
2301100
102021010
2101030
100200004
100001311
10011310
220012000
110000221
111021001
11020201
101301001
101001211
10020013
31100002
20212000
104000011
103011010
30040
21004
40000300
210020011
100402000
31020010
112000201
20103100
210002020
300001030
310000102
101040010
100001401
110100130
1010410
110001031
400100101
10031110
1203001
102010201
100120120
2121010
410011000
110000041
100310011
20101012
1004200
30011011
2011003
20002003
10011100
101210002
22020100
110020021
10140010
410010100
112111000
1120210
13021000
320010100
132000001
3003010
32020
21300010
30301000
110002120
20140000
201110101
100221010
420000100
120103000
202100101
1210102
100300000
131010010
310002010
111011110
100211020
3010012
2010112
103000003
21040000
130003
111020200
11212
101011021
121001101
211011010
102020110
201022000
100200040
10400110
1023100
100112011
20030002
20000203
320101
100100110
32000002
30000001
101011102
112101100
211300
101220100
2011
110110201
100300300
400100200
1001011
121101010
13100011
201130
101012002
101021020
22100101
240010000
120031000
1002130
33010
20301100
301001011
30220000
200001202
103001002
3112000
100020400
100004101
11112100
11100001
20111011
300001201
10003201
2110021
1030003
200121010
200010013
10100122
210030001
310011001
211030
1130011
211101001
24000010
31001101
210001300
110001103
102110200
11102002
100000120
1021300
210200002
120020002
310101001
204000001
110130001
2120020
4001200
120121
302000101
141001000
220101001
331000
311200
110011030
400000
30010102
110410
101021101
10002004
2103001
20300110
30010120
20001220
102200200
3021010
114001000
14000011
111201100
110000002
110011003
100012201
32010001
12101002
100201201
200012101
111101020
12011101
3011200
2000410
1120111
2140
100001101
10011202
120001030
210110020
102004
11002102
101021110
301001101
10130200
3130
12031000
40012
31010020
1000000
112010002
203100100
1111111
2101300
200320
1131100
10100200
100012012
20020120
10001221
202100011
2002201
201004000
2111200
32002
42100
111030001
100003021
130000300
202000111
40002100
111013000
2000011
12001210
21000112
1120012
300100300
30001030
3001000
111002200
2120011
1021
4000210
202003000
123000001
41100001
13100110
140002
20110
4300
20130001
210110200
200000023
21100012
201000130
10200202
110301100
3210100
130010110
110001400
13120000
114000100
2110030
200200
320020000
100300111
211102
20400001
100030012
110104000
4100002
102003001
100104010
2021002
222000100
110111020
101001010
100211200
212110
32110
100042
203101000
30110101
102210010
1012
101022010
111101110
201020002
103110100
4100020
131110
100010401
11000002
22001020
200200030
210211000
110110021
102202
1101400
10312000
2001400
1140001
301011100
104011
102100030
101002300
201010120
10100032
110104
20100103
300101200
301100011
30100012
11020102
14100001
101012200
100101310
1210
1111120
10300030
200001112
110300011
4021000
102110110
111200110
101102020
400201
10311100
120201100
100002301
1103011
100000321
1010110
131200000
302000020
130010011
110101030
21021010
2200210
41110000
210040000
210000121
11000140
102013000
240100
101020
11021200
20120020
20100400
30300010
101221000
40100110
20121100
101102110
112001020
10000132
210121
130300000
200023000
2010130
221200
100112002
10301101
10021210
1020202
220020001
120001102
102220000
200102110
100001320
11010013
20010400
110110000
210000310
301100002
210103
301030000
31102000
101111110
300301
112210
100002103
322
410000101
100030000
100113100
1040020
100020004
30210001
201300010
202000012
100112020
1211020
10021300
30010021
210310
221010100
101002003
40011001
200102002
200200102
114100
100101202
1121020
110202010
1001401
1102201
230200000
100210300
300021001
100010104
100104001
10100302
211021
100123
201000013
200210020
11200021
41100010
120010102
30120100
301200010
2211100
102210100
401000011
30001000
310
121000201
10210102
10024
2101111
101111011
210010030
120021010
200111020
200010211
2110111
100002013
311001010
300022000
110012020
120301
10104100
1102210
200110003
21111100
3020101
104100010
100111201
100102102
200131000
131100001
10102
10111210
1222
1122010
1012210
200230
403000
100030102
100010041
101202010
2001301
330100000
3103000
104020000
200110
100040011
21310
301
10030012
300001003
41000020
1001014
210130
21200200
1010401
112001011
104110000
10330000
311100010
100001122
10420
10020310
201310000
110002030
1300120
220102
200121100
100300201
21002002
21102001
120000202
200210002
313
3100000
113101
100011040
20202100
10101202
20200111
101140
111100102
22100200
10001302
3130000
111020020
120000310
210010102
10022200
1114000
103011001
11120011
212001010
120003001
211000
123010
12110200
201010012
220210
2000032
14002
211010101
2030110
1420
100120201
114010000
210110110
111100300
4000000
201001300
111022000
211000102
120001
20003200
210002002
21000100
10023010
20112010
101010004
1003000
1100230
201100102
111202
10100011
31012000
120001111
102030001
310120
2001040
100140100
100021000
31000210
22011001
130100110
110001130
31001002
100012
23011
101100130
30100201
13011100
30000103
10122100
30001201
10140100
101102011
330000100
312000010
1110400
1042
12100000
1011211
100310200
101100004
101122
13200100
101140000
220000120
101023000
201000220
300013
112001200
10012201
220201
221000002
400120000
201011020
200310001
12100
111112
40001101
10023001
110110111
200112100
112020010
12310000
11101012
202120000
111110011
210110101
3001300
100100230
21220
22000030
30000010
120202
3000031
1312000
100011220
101100103
11004001
410001100
211000003
1003111
100101220
20200
31120
2020
1020310
230001010
30011101
201020011
2010103
2011000
1101121
23010010
21002020
310020100
103100101
201000010
2001121
100020040
23100100
110010112
10000021
300111001
110111101
2010022
311000020
10032010
211111000
400001020
140100100
200311
110020210
220000003
213000001
100210030
100202011
23200
111020002
20001202
10102021
112011100
110300110
12100102
110011111
202010011
210011110
300011110
121300
11003002
10110013
240001000
100112110
1210021
10011022
1032010
40100020
1030030
1040101
10000213
32001100
400010110
200220010
330001
111002101
12001102
20012020
110002102
121012000
102111001
101004001
1001041
30011002
101112100
31002001
12012100
20400010
10012003
400030000
30100300
112110100
101211010
110032
30210100
211100101
30000301
110122000
301002100
3101200
1120030
111120001
200310100
400010020
11101201
10310110
10000012
340
12040
202001002
402010
10101310
100110010
21000310
10011112
221000101
201100111
10012102
2003101
13201000
111001012
10013200
410100001
200301010
110120110
20221
3013
110121001
4001020
11001022
101011210
100200310
11400100
13001020
31011001
300000010
301000012
2300200
201001210
4110001
100110103
1102111
101302
110112100
103102000
11020012
101201020
11011003
320000110
11113
2300002
202010110
200200210
10120111
110012002
120100030
30000400
1201201
100100311
1010104
101020201
141010000
200002030
20010040
313000000
12002011
40102
3100102
1020004
21130000
110000101
301000021
100013200
1100011
310111000
30100111
121210000
20040100
310110001
11221000
20112100
300130
113001010
120220000
10201120
10200112
10231
100011004
2000302
1301011
3100012
1101301
100031110
102011110
112101001
120100201
21031
100001203
201100201
11110111
10011211
201112
24100
101020120
40000201
20020111
110221000
22000012
10003021
110002
101400100
100021111
200000041
104101000
31111
111301
100101301
101100013
302000002
141000010
10013011
1002100
120000040
102100300
2000203
111000310
10100221
10001122
310120000
10011400
1301002
101002201
200013001
200002201
2012101
40111000
400011100
121200001
402100000
202000201
201002200
100104100
1310020
10120300
100012102
212101
300002002
100000030
1030012
4000003
100002001
11010220
111021100
101110111
1103020
10111102
2203
101201002
120111100
1401100
11001211
201001
200020201
4210
201000121
131020
100011121
10102210
10001212
1020220
32000110
101200111
1220011
10022002
1410010
111102010
110300002
100000411
100010230
30010
12200110
130011100
302000110
110001121
4110100
100010410
1303
2220001
110010004
231001000
201211000
100130020
211000201
111031
112012
21200101
1211101
210112000
20001112
30101020
1122100
200100301
101021002
21022000
221200000
100000033
300011200
411001
111030100
11011111
21301
12000121
122000020
20020030
300220
102120010
100110001
100120102
102013
12030010
23101000
14100010
121000012
20201011
1000201
10030003
100012000
101320000
102030100
200001001
10010131
1301101
201022
213000010
110000311
10033
12010300
101220001
110202100
21101101
120020020
3000013
120112000
202200010
401002
1012300
211001011
12200002
32000101
130010020
13002100
133000
100100101
11401
10001203
2100310
200000200
311010001
302200
20032
1230100
32110000
200000110
204000100
2001010
100002211
1102000
110011012
1031002
111400000
200010130
1000132
21000400
300120010
11030200
10003111
101210011
101221
1101013
110200003
110300101
101003002
42000100
10002013
400002100
30002020
30031
1100302
101000230
110120200
400110010
2112010
100220011
100101013
11023000
11041
300000202
30110020
10200220
101001310
3001012
101102101
110401
40000012
13020001
310021000
110101300
1102012
100200400
200020210
102400
201000310
3010201
121020001
1031101
1002112
202021
11020021
120010120
1010230
302010010
22000
13011010
2211001
1210012
30000130
100111300
103002100
311010100
100011130
10102300
11100040
111010102
11111011
1112110
31201
111200011
100010140
20022001
1200100
130012000
300002110
100040101
300201010
200103010
101310100
302001001
1011103
10221100
10131001
41001001
320000002
20030020
13100101
100200103
200011021
10003210
100420
200032000
201110110
300210100
100101010
22200010
221110000
222000001
110020003
31120000
100130002
10210300
130100002
110020000
2010004
101000011
112110010
120101002
1011100
1310110
101130010
100011010
11112010
310003000
31100200
240001
40001002
10010230
30000211
211100110
1321000
11001220
1012021
123010000
300100030
112000021
120112
101030101
101001112
400300
111001201
112021
12101020
300003100
200000122
1003021
1001212
1011001
100021
20001121
111013
100000141
102001030
4110010
210210010
12001021
10201210
220100110
10111030
21100210
1200040
30121
101100001
1003120
120130000
142000
100111
2122
1021120
110310010
1001002
102000031
100230010
122010001
41101000
101112010
12001012
10004101
1321
10210030
102111010
100110100
10130101
13000210
10301002
230110000
3121000
120200020
120110002
102310000
11111200
111000013
11011102
33000100
32000011
1000321
221001010
400102000
30101002
300201001
200200021
100010014
420000010
23110000
2011012
201100120
10240
1000300
101210020
14110
30130
11120101
40010002
200020003
120000022
2021011
120310
101122000
22001101
10121002
10121101
2112001
220002100
20011120
100101400
10211011
1230010
1031020
1022101
20041000
2001130
1112011
12111010
101011
110000020
11120002
1000033
21201100
1200202
101031001
2010040
130002100
121100101
11400010
201220
1110100
10211110
10011031
1022011
300004000
210011011
102001120
1400011
11001040
2101201
210000031
120000121
200001010
30301
121001002
120003100
20013100
31010002
1000003
1113010
112120
2120002
21001003
400012000
120001000
21100120
11021020
4120
11310010
1001320
3030001
10222
300000004
10000111
202012000
2040100
1100200
10001200
410000020
411000001
202102
200022100
311020
100022011
1040200
3001
12010102
300301000
210002110
2100301
100102210
100011310
210001030
101002120
2300110
2013100
100100014
113200
12001300
21001030
300200002
21100003
3010030
1213000
100013020
2210200
11011
12000202
400201000
30004000
10032001
10012012
110100040
10010041
101101003
41110
24001000
310100200
202210000
200002111
201210010
200002
100111210
100002100
12011002
132001000
320100100
100213
200100400
11311000
10030120
1030201
301001110
112201000
111003001
20010010
11040010
10002130
210002011
101000212
110010022
310100110
1000330
303010
200100040
11211010
11002120
10300120
11013001
300010111
211010011
200120101
100004200
10301020
110010202
200020111
210000112
111002011
102120001
212001100
4000111
102003010
101000002
11320000
1110220
103003000
23001100
10101103
1401001
101000041
200110120
2200012
220120
100000000
110001040
30003100
201400
101041
10220011
10203010
1300012
130030000
20211100
110041000
220001200
101300101
1101130
110210110
4020010
22030000
400100011
1001131
104001100
100300210
100012030
20011012
31000003
120100003
210003100
400101001
100400011
100111120
200221
212000011
200030002
100112101
34
2301001
131100010
11030020
121100110
300103
100112200
4012
11200
11140000
20014000
210100021
32010010
402001000
1410001
200012002
11302
102100012
22000000
120110200
13102000
3110101
2022100
203110
200022001
1110103
132100000
301020001
10100014
10000102
100100140
204000010
103000120
200000311
111111100
30102100
2320
20120110
100003000
300001000
101022100
110130010
200011012
100001041
12201100
4000012
120200011
102301000
2110210
102002101
2010211
223000
100031101
10021012
212000101
110102110
200110102
12010
122020000
101300110
1030000
201013
1110031
21200020
132001
110030011
220000201
20004010
340000
200100310
112012000
11000131
220011100
400020001
201103
101201200
10203100
211000300
401001100
102103
10012111
11001202
231010000
30030100
102001210
11011300
121101001
21001201
11121001
2110201
300030100
110000302
2110000
21020101
201010030
210001102
110003011
100401100
111300100
100014010
210120001
11000023
400003000
121001110
102210001
2032
111001210
11001103
1121002
1020013
300020020
201000022
201100003
210010201
102010300
103020001
111200101
20220010
201040000
10041100
30310000
300300100
20003101
121201000
301200001
100021012
230001100
23000020
101120110
14010001
20001310
102111100
3000001
200112001
40010011
21120001
220100002
200101300
1202002
400210
31102
1411
21102010
1011004
201020020
100110211
102101002
104110
23101
20001022
11002012
213000100
300010000
11221
1201000
102211
140000110
30020110
11300110
1300
101012020
1021102
103102
40011100
300010201
210020200
201130000
200000212
100103110
101203
1021201
103000300
11410000
202201
21121000
3013000
11030110
102100102
112300000
10111300
3001201
121000003
202102000
300002020
20001103
200130100
20100301
103000030
20300200
10001113
101211100
202000
200032
11100100
10110400
30010003
201013000
110011
1000240
41001100
102000013
100210000
11301010
320000101
110311000
20201020
200110030
1003030
3000103
11000200
13000120
20110012
130001002
1004110
103010020
100121200
20001040
21110110
101000311
120010021
214
11001010
300201100
141000100
112100200
100131100
101002
10030102
10000204
1002121
200300020
14020000
200001103
20102110
1320100
200021002
100020103
410110000
11110300
102020020
1001140
20230
100011301
111210001
20102002
10001140
20000212
2021020
20010001
10010122
100110400
100100020
112011010
10320010
11021002
2001202
400000201
201300001
100040020
22003
100122001
140010001
21002110
20031001
220011001
213100
100000300
203001001
200010001
100011013
10101121
304000000
20310100
12101110
100021210
20120101
112000000
110000401
202002010
200210101
410020
10201111
10220101
1003201
120120100
1301110
20230000
300010003
201002101
101212000
2001211
100210201
212000200
311000002
110021101
101001004
231000010
100030120
33100
100000102
40
2102020
102012001
20021110
301300
100010032
11000203
11000302
101100100
101014
122001001
210101002
104010100
200130010
110021002
12012001
10111003
200011111
3010120
200101120
20200201
110020201
220001011
101200300
101032000
302110
100010131
1011202
11200120
300002200
200021200
10230100
200014000
101111002
3031000
3002002
100101211
101010310
1000024
10012
220001002
3111100
101003200
103000102
100012111
110220100
131001001
10020100
210210100
301020010
1201210
103012000
102000004
1111
10031101
231000100
102101110
100202101
101110210
12000100
10120210
3120001
1200112
10411000
300000121
11200102
401110000
210011002
10030300
10220020
21010111
100102030
40000120
210201010
21103000
12101011
1101022
100100320
100210102
100014100
110000131
100102300
31300
13000021
10210012
302110000
300310000
200211010
100200211
100021102
111000040
1201003
11000122
202001110
2000221
10030210
110004001
11000104
2102200
1310101
20002
104000101
10100212
20110102
140000101
300040000
201000100
301102
101100310
21300001
10301200
100210
400001200
210111001
40100011
102030010
12001120
112000030
21211000
10400101
100022002
1100032
2030101
1111300
130020010
300101011
100140010
1112002
210200200
300300001
4010200
11301100
121000000
104100100
110400010
10120
1001020
120310000
210001120
120102100
103010110
101021200
302101
110010010
222000010
220200001
3031
10201000
20111002
12400
102000121
100020220
20410
101101210
10020010
112001110
113000011
11000410
124
221010001
330010
23020
12031
200100121
100001131
11000101
100311100
201000400
100114000
121100020
300010210
201202000
112102000
211201
113002000
310200001
11003011
1102102
100010101
2221
12300010
101001301
311011000
3200011
1000231
40021
2012110
11103010
201121000
11300200
20311
10120030
100000213
1100122
200000032
40101100
1210120
12001030
2101210
301030
301210
102010111
200102200
30310
110220001
120210001
310001011
2011102
200210200
200201011
11121010
12110101
12010120
10004200
200011300
101000122
1004002
210020020
101113000
211012000
121110100
12400000
12130000
230000200
210103000
120100012
231100
11022100
3002101
302011000
301001020
130000
200011
21013
1201111
103210
12004000
130000012
20012200
20002102
10110220
102020200
11014
210220
204001
200020000
101302000
214000
11001001
210000103
111211000
121120000
11000041
20201002
10301011
12022
200302000
200200300
101003101
11300002
1132000
101110201
11101
20001004
200000302
3020200
1003210
20031100
41000101
104002000
2000113
100210111
20110201
220000300
30010030
20040001
2020201
111010111
11220100
43000000
220003000
42001000
1302001
200300200
230100010
300001210
220000012
3110011
100200031
22011100
30103000
30021001
12120010
130210
100020130
112001101
120003010
200000140
111120100
110101111
200120200
200020021
140200000
13003000
11011201
20010112
2012020
11104000
110100013
100000111
200310010
21130
1110022
10201030
1101103
241000000
131101000
102010
102020002
1231000
11101030
1010020
202100110
201200101
110111011
111001000
10100401
12002002
22021
301000300
20111110
110031100
12220000
200200201
110014
10021030
10021
302001100
20302000
11000110
10230001
310200100
220001101
3301
21200110
12020011
2010010
220000102
14000200
20013001
10002103
30200101
30002002
220110100
201111010
104000110
101000101
32200
1031011
121000300
220200010
20103010
212011
21001111
103001020
122110
100030111
101003020
100001140
102010120
100200121
21000040
20002012
232000000
230011000
10411
1001101
21101110
311110
102002020
200202001
221100010
201220000
210102010
111031000
10201
10010212
23000200
122101000
10122001
310021
100320100
1010113
100102021
311000101
4300000
101200030
1031110
100301101
22001011
110310001
110001220
4003000
300102001
110120101
1110121
2210101
210110002
2410000
1041010
101201011
3210010
200031001
200010010
1121200
12200101
40110010
20020021
1011022
300000211
140100010
200001004
11101003
1011112
201000301
1103200
220021000
100010221
10211020
10310002
10012120
202000000
220100200
120010111
200001040
102003100
200201200
100100113
1130020
122000002
310200010
10111021
122100010
40101001
111220000
230110
4102
101110120
1011040
110110102
110131000
200003101
2011021
21002011
21000001
2200111
201011002
1222000
10400002
300010021
211002001
130010002
121010110
10113001
102010021
110101021
112201
101201110
100212100
10110121
101002102
211030000
310101100
13120
11101000
4
213001000
202101001
410110
100004011
20010013
110200300
320001001
102211000
101001040
110110120
10211101
10001002
411001000
121111000
20000104
11100220
1102120
120022000
200000002
201001012
12000301
21010120
100201
200030011
200000014
202120
11210011
1100212
112001002
10000300
103003
100120111
202010002
201012010
12110002
10213
2400001
120200002
200022010
200111101
200001211
103010002
10312
10110112
100141000
22210000
10401010
10231000
13102
111000130
21001000
12000040
122001010
203101
10000402
21000031
11012011
11200003
122101
101200210
1000312
30001120
300400
130010200
103100002
201012100
200210011
200023
10212010
321000010
100411000
1011010
11001301
1212001
112100110
20012011
32101
10321000
210220000
221010010
1030111
11012200
330000010
131110000
12100021
211210
110100121
100023100
1220020
1020103
210010021
1203010
2001004
132010000
1041100
12100120
31020100
20110111
100002220
200040001
110001004
11022001
20110003
211021000
201030001
1400200
200410
11230
11100112
21004000
122110000
210001201
120202000
41001010
1411000
102022000
10200100
10012300
22000003
131001010
20021002
102200002
3011110
14101000
110200102
23001010
210200101
12013000
11004010
1200031
21021100
202010200
102001102
110020
20002201
210202
300100111
101002111
10000222
103201000
110101201
1010101
20200012
10120120
113020000
31101100
311100001
400030
200101021
40030
112200010
1201030
300200200
210022000
13002010
10011001
200013010
110230
10302001
31100020
200101210
20000023
131200
10020130
20001031
10120102
302001010
301102000
200203
3400
10100110
13002001
12001
20003110
3040000
120111001
11121100
3100003
112100020
300012001
111000400
204100000
20110030
111010021
12010021
11131000
42000010
20021101
10011301
10110031
1300102
310001020
3001102
102022
11001031
121110001
120110011
2300101
100230001
11100130
1002001
200320000
200000401
10013110
10041001
114000010
11102200
1110010
12000010
400101010
120101020
101011300
110400001
111021010
210010300
31110010
200010103
203100001
202020001
102011020
11400001
200211001
23000110
10011130
101010022
21210100
30100210
111201010
100032001
111120010
100000132
22011010
10021021
230011
200102101
103000021
111300001
101013010
121002001
21012010
20210011
130101100
113100100
10002400
300001120
201003100
102000022
100400020
31210
1121110
122011000
300020200
210040
1100410
22200001
100303
201120001
11010400
24000100
12002110
20200120
210000010
203011
4000102
102100120
100200010
100020100
200100112
30000040
101000401
101311000
10420000
1010302
10402
20200210
10110040
302010100
301021000
200010040
34000000
110010211
21003100
12010012
110000122
103110010
200013100
130000102
21010300
20011030
104200000
14000002
120010300
200031100
110003110
310000210
2020003
300121
11020111
21010021
30130000
41020000
200200120
13
114100000
220020010
111002020
100011031
10100101
201202
100300030
103101001
100222000
10410100
140011
10132
11202001
10300111
140100001
10000411
100011100
100001023
11100400
40000021
2100103
220111000
402000100
40210000
300100
1012003
10211200
21020020
31001011
310000300
300112000
12100201
100240
121000102
101202001
300202
10320100
10204
22000210
3021100
100101022
30011110
201020200
121003
20113
131101
2100022
122010100
120100000
11001400
320000200
201001030
211100011
200100004
100100212
11100211
11100121
21000220
22000300
21310000
302101000
10120003
10022020
13021
210101011
101010400
101110000
40010101
210012100
120111010
30004
102112
1010122
12001201
120000013
100201120
103002010
10130011
211
1021000
103120
120400000
110010400
100201030
100203010
200101102
1010014
211001110
111130000
2130001
2101120
201200200
3000100
300010102
2041000
14010100
111201001
110110030
300101002
112100002
11302000
210021001
101110030
120110020
10010221
110001022
2100100
110013100
1001221
101110
100031011
22
11111020
11201002
2120101
40110100
3010210
301011001
100002112
221002
40001011
10200031
10002022
110111110
101101300
2001022
220020100
101030020
102110101
12111001
320001100
122000200
100311001
13030
100002400
30110200
101000131
222001
20100040
20211001
110002012
102102001
1000012
200000203
210000013
2001112
101120101
102130
10041010
20012002
10020211
330001000
3010000
20010130
104000020
302100001
12100003
10040110
2102101
203001100
220200100
2100040
312100
101110102
300011002
241000
10202110
123000100
104010001
1102021
14200
11210200
120013000
101000140
310030
302000200
130102000
11011012
3300100
101120002
201200002
2040010
2302
110201101
10210201
320000020
1300030
101000200
10010101
10120012
122002000
311001100
1213
10101112
121020010
10200310
110020120
1101004
110003200
41002
300011011
201020110
111101200
11104
1100101
10212001
220210000
300000031
120013
120004
110100211
203100010
100024000
210130000
310020010
400000120
30010210
2000140
200101201
40000003
112003000
1100311
22110010
21103
22200100
211201000
1303000
202110010
4030
100001011
2220010
300400000
211110100
10320001
11120020
100002010
20100013
30020011
102010030
110300200
120021001
311100100
11110030
3110002
2000101
1120102
1101220
22111000
401000101
1023001
100000222
101000410
14000101
101001220
200120110
203002
300031000
20031010
101230
10100140
201031
200100100
20203
20030110
30003010
10002121
230000110
132000100
3020110
40003
1211002
12010111
111011011
31001110
120004000
2121001
1004020
2212000
200110021
111010300
41011000
20011111
4011010
13300
4000021
300013000
100003030
2010202
3010021
401100010
103100110
132010
1013110
21301000
10001401
220100020
110000200
101001121
112003
1010032
212010010
11112001
1200004
201101110
202001011
120002011
100122100
4010110
111200200
110120020
1113001
310000003
400002010
11110201
10002202
10112101
11201200
121
211120000
300020011
130110001
110000110
2011120
111002002
31300000
132000010
10200022
2201002
2110
10110100
100101121
403
10010320
21001
31210000
30002110
30002011
20000200
4210000
2311000
100202200
210100201
310000111
200203000
110202001
30100021
14200000
2301010
101101111
10003
110100310
101020210
400002001
20001130
20011021
11020210
101104
12003001
10103020
1110040
200110012
100041001
101100211
3010
10103011
2002000
100010203
130030
100203100
300112
4111
304
110100031
130200100
301010110
1000210
1020100
1001104
101101030
1001110
200010112
1100320
120300100
310002001
110111200
202003
11021110
100002121
121001200
10201012
200030110
120000301
200001220
230200
10131100
223
1010221
140010010
103111000
300000310
112011001
102201001
100200022
200002102
202200100
2004010
2000041
12110110
11010010
20030101
111100003
10200040
103021
100103002
1100131
220003
100301011
112000
20101201
10021003
300003010
200220100
104000002
100010200
100003210
11002300
10140001
10002112
321010000
301000000
41101
12010030
11110102
10101001
210200020
100003
221100001
100400200
1111102
1110001
13010002
312100000
410100100
210400
11100022
4011001
200200111
202010020
101010103
100010302
1010320
1001203
300111100
101013100
410001001
20000041
303100
121200010
210012001
11010022
110300020
100300003
300001300
30001102
102130000
1114
12301
12000310
13030000
230100100
21110101
101030200
301120
1011121
22012000
13020010
221001100
20011102
110010001
11110012
120210010
10040020
10100113
101010001
1002031
310010011
113002
210020002
301100110
11211100
140110
121300000
20200300
200200000
320100001
200003020
301110001
301000102
202300
401000020
401001010
100040110
10011010
11102011
111010120
32001001
400010101
200100001
11001100
12021010
1023010
100330000
101031100
230002
1140100
200001031
12002200
10010002
140010100
101401000
20000140
10131010
101200
20100130
30211000
100041100
300010300
2003011
202002100
1011400
100400002
204100
100300012
11300101
200104000
120101101
100020121
2001001
130001011
140020
13010101
31000120
10021000
10010020
140020000
131000020
10101004
11220001
101010220
12301000
11110210
101010100
122200
2002300
3102010
1032001
11110003
201021010
11113000
20100022
400111000
10003003
210100111
31101010
1400020
100041010
20001301
102010012
221000200
32001010
120030100
210120100
111210100
12010210
14110000
23000101
111103
10120000
31000012
21010102
200101000
302002
101301100
220111
402100
10100131
210201001
1021111
300000040
201300100
2000320
110002201
10001041
1000213
301300000
220000210
20101300
301000210
100000021
11010121
1020040
10030000
230010001
2111101
100003120
301000003
2122000
3020011
23002
100023001
1123000
111003100
111102100
30000310
300000013
122010010
120040
20100121
101001022
301120000
11020003
10033000
101100022
10101220
32011000
200401000
2011030
100311010
1200301
23000002
20002000
20210020
10202101
20100031
10120201
400021
3022000
100100104
20002300
12100030
200014
100020112
1120000
20210200
321000100
30013000
2013001
20111101
2041
210100102
11000014
30300100
21112000
100033
100110130
11032000
112010101
12000013
10310101
120301000
1300111
21110200
211010110
300100201
200002021
10201201
20010301
221000011
130120000
11001013
32100100
110010040
2013010
212000002
111110110
14000110
301021
1032100
101040100
102000010
20400100
100102111
133
11202010
140001001
130021
110203000
201400000
212010001
20210101
11012101
100312
20010103
100200100
121000210
10001131
201301000
2111011
10000
113110
220100101
120021100
113000002
41200000
202101100
100312000
100130101
100101100
421000000
310000030
11010031
1022002
123001
1110310
12120100
20041
10110130
12000004
1000204
310001110
102001300
112000111
102000400
1002220
120400
211000012
1110004
230002000
121003000
11000311
11001130
21003001
200000101
101100202
101000014
1310200
100004002
22002001
30100000
30000112
2300011
101012110
100001212
22100020
1221001
22110100
113011000
122000011
331
11002021
221011000
200401
131100100
300110011
2031010
11030002
111001111
420001000
222010000
100020010
10210120
31011100
20200030
112002010
30012001
2020210
131002000
10141
104100001
201101002
100012120
10100320
10014010
11021101
30021100
400011001
1022020
210010
300000220
10110301
130120
210020101
400001011
120211000
110000104
120031
11110
1110301
3100300
200400001
110100301
100000042
100101031
111001102
30001012
210102100
13000012
2022001
10020001
200003110
112101010
201100030
31110001
100121101
11010130
110100112
12000103
130001110
131010100
20000020
20011210
202020100
101004100
301000201
203200
302020000
203000011
10110202
10101400
21000202
211120
11010004
300000001
210011101
300001012
21100111
112100011
1420000
12110020
12100012
110230000
20110300
110000014
11200000
100001230
110100400
1100041
21000301
300200011
120000130
2021101
10000024
101200102
1013101
101021011
121210
2023000
3000121
200111002
110102011
110210200
110200201
110032000
200000410
2001031
201101011
1101112
110003002
211010200
1204
14010010
10011013
11010301
210010000
210030010
31030
101010112
110001211
200101012
130100101
200020030
40101010
2201110
410002
112002100
220030000
221101000
102031
100010023
3103
112010020
12102100
300000400
30000013
