4000104
32031
210120
31140
10032
3021120
3011001
312120
4103100
3302010
1331010
1040220
4004010
1222200
1123020
102321
1200420
110301
1301301
32301
4041000
4031010
232002
4020
2313
4230000
303021
21303
1001031
3010104
4100100
200301
2000112
134001
2202000
1300020
2130021
1021020
1400130
2120310
1004400
211230
2310201
122031
1013310
2021310
3200031
120033
3140010
3110001
1332000
2232000
2132001
1021302
2002104
240012
2112300
2200311
1240002
2301
13113
4101000
2001003
2112000
130302
1100304
122400
100404
1202031
42000
33120
2022000
3020130
20331
132201
4320000
4110003
3003
2121003
2102202
101403
31410
4002021
1113000
2101020
10113
2040003
4200021
1010133
13041
212400
303000
3002100
31221
1122300
42030
24102
2130300
2300130
4020012
4010013
220320
1301130
3110310
410103
200142
1242
2000313
302010
2100213
2031210
2022201
3024
3001212
23013
1010304
3102120
332010
102003
1022022
110403
320103
101313
1221003
2010201
123
240030
1320201
21123
31131
1113003
2042010
310104
300114
3132000
210312
3420000
3213000
4030011
2041020
30201
201024
3011010
312000
201303
422100
201123
201132
1101
2042001
1030110
2210310
320001
423
110340
22113
22104
1201320
2030400
3303
1100322
20022
2003100
2203011
130041
3100401
2301030
1104003
2203110
100104
311010
41301
2010012
3132
1400310
1002222
2300310
321003
201420
14010
4040001
2000022
132000
1130100
220230
1200132
3000402
2000040
412002
1122
3000141
1101300
1301103
1302012
1200201
4010022
2100240
3041010
1030230
1041003
2031
2000211
3102012
310113
2210103
23301
1302
203121
1230120
2223
3011004
3003000
2100330
1110
2023020
1001100
3101013
4140000
2330100
1301004
2241
2300112
4010310
1420020
1013400
2004102
2210100
2012013
2020011
2001231
11103
4040010
2121300
1000221
314001
143010
102201
4201002
40230
10422
1302300
213030
1132002
2120001
23004
4122000
311004
204000
1024200
2024100
402102
124002
121320
104040
330003
310110
3000102
1020
312
3010032
2000322
3120012
1012302
200211
300120
21042
3010020
214002
4003110
113130
4122
4010001
22302
1001403
2200302
2033010
320004
200022
2001102
34011
2302200
2000001
2401020
2103201
1030101
33030
1231200
1100043
3201
1422
200124
3210300
2002122
2031000
4021002
13302
104022
13140
12012
2221002
3211020
3210012
1044
3111
4110030
3020013
1000203
1403001
2200032
2030220
2023011
3003021
120300
3140100
41010
4110300
2000403
130020
2200410
2010312
1010430
3001221
2400120
1000224
403110
2230002
300330
200013
1001430
3130011
102330
301104
4103010
3200010
3002010
4000014
1103202
100203
1022013
2012022
3301110
2020023
3100410
4210020
210210
3010311
2020302
3411000
130122
230121
2004030
1402200
232200
230301
1110003
103203
40311
1410300
123120
212013
3022110
14001
3002130
3420
414
4000410
2012130
2001123
221040
3001014
1020033
40002
1014000
3011202
230220
223011
120204
3011040
11133
10014
3201120
201000
1300212
402021
2130003
2003400
2201220
4230
3120021
410001
31113
2101023
2020140
144000
2030031
2212002
300042
100431
1300203
1430001
21003
1331100
1000113
3102021
231201
3011220
1010403
122202
430101
4002012
133020
30123
4130001
120330
2041002
2004021
212220
3000033
4013100
1043001
213
1030113
1100034
400041
132120
2013300
1032003
1002033
1220103
1204200
110034
140100
11013
3013020
31401
4100010
1300113
20220
3101220
303003
4021200
2010120
1200321
1031022
220221
4200300
110202
200421
3001140
3300000
2420001
2000241
11100
102012
10200
410301
112203
1130001
1304010
4023
3222
2001132
201210
33003
233010
310230
202122
41001
1020303
1002030
2200011
141300
330000
4210002
1220301
2103102
210204
331011
2230200
3310200
3030021
2032011
3401010
111003
3400110
1400040
302103
1202301
302022
2021220
1002
3310011
311400
3030201
2121000
203130
2022
4002030
1230
3200040
2100204
2013120
1002213
120312
2140200
2100201
32004
3013110
3003003
4004001
220032
2102004
31032
2420010
2402010
1301040
1004220
2002110
420021
1020330
400221
124200
3020112
3001401
4000311
1310013
3210
222012
3022020
300141
1100031
2001312
202113
1030311
1302030
2033001
331200
103023
131001
3020400
342
4401000
20430
2223000
3210003
2030001
2000400
2120013
2042100
2121
1213200
2130102
1032102
1110000
44001
1023210
133011
4000032
1400100
3101100
203220
1000014
41040
2103030
1013001
2310030
2000220
4000212
101322
3330000
1200312
4400100
3300210
4030101
2131200
31011
3200112
2212200
1034001
1030140
2103
211320
210213
2023200
3020022
321300
2011200
33201
3001230
2200212
221010
3010140
3024000
310203
1101003
4110
3210000
3200400
1430010
1042200
1013004
3310110
3001104
3020010
220302
3101004
2300400
32220
3110031
3201102
1040022
1220220
2310003
4202010
1003302
2003031
1123002
103011
2312100
1231020
2102001
2001024
1404000
1103010
30120
30312
3121200
403011
30111
2142000
1012020
3001410
304110
1100010
2010222
211200
12321
1224
3311100
3000120
1130220
1130031
300123
1010313
1131030
1311
4002201
1301022
1040010
3001131
200322
1040040
3220110
310014
12204
1220100
203040
104202
10410
2301003
2220120
1030011
3002121
1223001
2201040
422001
31302
1002312
1401
4002300
30012
423000
2321100
2400
1003410
1002012
242001
200214
2300001
2101230
1100022
13212
210042
302202
40023
2010123
2013
4011000
301101
303012
2301012
2031102
1001313
3100140
202212
123000
111030
30003
1011030
1003122
311001
4100001
1030020
1310130
130002
1202220
32100
3311010
11031
1310031
2220012
1000101
2040210
1004301
104010
12021
3020031
2301201
2020401
22014
1224000
3001041
3000030
2023002
2000202
1002231
100422
3300120
2100033
213300
300312
1003110
1002321
130212
130311
3312000
2203200
1221000
2000121
100113
30000
123003
2020110
134100
1202130
203202
401301
401031
122301
1001331
2400201
1131300
23220
1030410
100221
1302021
2011032
30213
3102210
102132
10131
31014
210030
4203
310131
24021
4041
3114
3020004
4101300
1341000
1300140
221202
2301102
24003
140004
103140
2030010
2001300
4100301
300
403002
210300
3001113
2213001
3040020
2113002
302100
130131
300033
1100400
132012
21312
2003211
13203
1004010
13401
3320001
333
1320021
3111000
410220
4100220
1242000
2212020
213003
101022
21210
3120300
3200004
1002300
202023
43002
1022130
3212001
104400
4210200
420000
2002011
3013011
2102100
131400
3402000
3000
2302011
133101
12024
2034000
2040201
2010231
2001240
111
4010040
4000041
1400013
1010301
2130
2010033
4001301
2312001
3122001
114
3302100
4000020
120240
1204020
2024010
1012203
3110013
312102
1013013
10233
110100
314100
102123
4020300
2003202
2120130
200130
30210
1020420
114300
2000031
222300
1040202
3010131
1210302
102000
42
401013
1132200
313110
2102013
1000314
3231000
330012
1010331
1332
320112
3010002
1021023
1020210
322011
41031
4131000
3013002
2100012
1041300
1001001
340011
32112
3040200
3000312
33
300201
20301
41220
1000032
233001
1202010
2100231
23001
2331000
3010203
42102
12420
31311
3033000
1000302
32130
3312
11010
2020104
241002
4012002
2320011
1003011
102312
3222000
1232010
2040012
1031100
1001301
2010102
3301200
204210
1404
3203001
10041
342000
1004130
321021
1322010
1320012
2041200
2102031
2011230
40110
3000204
1200222
1012032
201042
202032
1300410
121203
20142
1100130
1043100
2021004
12132
3202002
2133000
1322100
100023
303030
2000133
2032110
1020201
3210201
221100
340110
311031
302121
31110
2010000
1110033
2100420
20223
3120
1130013
1003104
301110
310023
2210001
2013102
1000440
403101
1100340
401040
3004101
113031
2220102
1001130
100224
4104000
300012
121230
4030110
2030301
403020
1000140
441000
101301
1133100
1301202
3221100
420201
201012
100413
1310202
1330101
4003101
1210023
301032
20340
43011
11313
3001011
3300003
1303020
3020220
1100403
2321001
300024
1043010
10221
212004
3321000
2222001
223110
1300302
2030211
410130
2412
213021
201102
4101003
2300022
1031310
102222
202104
11043
2010024
2202
2101200
3101022
1003230
2240010
2031201
131202
2012220
22221
21204
2240001
1001322
221013
341010
1003212
4020030
3300102
4000023
3021030
2000103
1103013
2031012
122004
1302201
1103022
3101301
3001311
141
4002000
4020210
104301
1011
240000
2104020
4400001
1000200
221220
3031011
1300101
1031001
1004103
224010
3013101
2030112
2142
3102030
320022
3100032
1013220
1010031
312012
1410030
1133001
1101033
3010410
3231
1000143
140103
232011
1230000
3010023
1222020
1020102
1320003
4100310
231030
220200
320130
20403
221130
2220000
2043000
1200120
400410
1312020
2014020
1010010
1001022
2020020
3002220
3000132
2200104
24
114000
32001
4130100
4300101
4100040
300021
2002401
321210
13311
2000100
201231
2120100
301302
200040
1200024
112002
3100020
4002120
1312002
2310102
30321
1204002
200400
3220011
40104
30033
320040
11430
1143
2003013
4000131
1103301
2000412
3100212
2310210
13020
100410
11322
301311
4031100
2004300
103320
1023012
410031
401100
101331
1140030
1002210
121032
1303002
2231001
1130022
2100123
1013301
430011
312201
33300
2202021
2222010
2013201
1010022
2001210
100143
2010030
430200
1020231
120420
13104
2112003
1300221
12120
21330
30204
210231
3000111
30024
3100011
4120020
204300
1201020
4101
3201003
130320
20232
13023
3122100
2002032
2000430
224100
100311
2011020
42201
302112
301041
2102103
413100
223101
2302020
130230
20241
1413
3012300
320013
3101040
202221
1010043
310011
2003103
1400004
1100223
30021
1001103
3210120
110232
1003020
3000024
1330110
3101001
3200103
202131
41022
2101320
4410
23310
2011023
431010
4002003
400140
1203012
2021130
4014
200010
1031010
3114000
3202101
100200
110304
310302
2102310
21030
4300002
303102
103002
100002
40302
2011320
221301
3041001
3012021
2100102
1003401
440010
213210
4400010
200043
2300031
1023003
1311000
2300211
104004
21132
4310100
3002022
2000034
20013
102
131004
131103
4200210
34002
1323
2232
221022
100110
23121
2230020
304200
404001
102021
20214
1213002
32103
1000131
231300
1221030
2110230
20202
110430
1130310
1300104
401001
1103220
21
3221010
400104
130140
21102
2000340
2400021
330102
3100023
2003010
1102203
2202012
414000
101223
100134
3240000
3103200
1001400
11034
110010
300000
210303
210240
3021201
2400210
1022001
2100
123210
2220300
130203
3400101
3201300
2033100
1032120
113013
3102102
200310
200034
1040400
2011302
1002201
1000122
40113
3210021
113220
2020320
2430
3031101
4220010
1400220
340002
1310004
2301120
143100
102231
133200
223200
2200041
2000124
3310002
2210022
1010001
132102
312021
13221
1104
2202030
1400010
120303
32400
3000303
4014000
4003011
1100331
1030122
301113
2010402
2001321
3022101
200412
2330010
3001020
1002003
123300
1320210
1000134
102102
3300012
3000420
1103310
100314
4202100
313200
3010110
1220031
1202103
100131
2200230
2300103
233100
103041
4410000
1022004
1131000
230400
200223
2200113
1100040
3011130
303
1143000
2120400
1302102
1032
3100104
211203
1200300
2001330
2000013
323001
102300
3011100
1300002
2200002
2032002
4010100
1313100
2302110
101133
120000
103230
11202
100230
2001
2402100
340200
1011003
3301101
3001023
3010230
400203
21000
1022301
222201
104220
4010004
2311200
1030014
3401001
3101400
10212
2313000
1313001
302004
31320
240120
14013
2213010
10011
402000
1021320
3100302
1002303
2014002
3001302
1213020
2133
321
1033200
4012020
4010130
1331001
1310100
1301310
131310
410010
103104
1003131
122040
140130
2400030
3000213
320100
1310040
1203102
2010240
3101310
101100
110310
214200
2040030
4011300
2311020
2003121
140001
211023
14040
301023
2201022
1031130
3200310
12033
113103
4101030
210420
220104
32121
1233
104103
10140
110331
2320002
3203010
3200130
1403010
1013022
20010
220401
213000
1033011
3042
3002112
234000
1313010
320220
321000
2120202
32010
204
3212010
201204
4020120
2110203
220101
3022011
24120
2300010
430020
32040
2002140
3200121
130410
204021
3001002
230100
230130
2014200
3200013
1011303
112200
101001
321102
1304001
110001
3010113
3004110
2310000
3103020
23112
22020
1004031
103122
2003004
20304
2010204
3200100
1401003
2101032
2012031
2104200
200430
110013
1400022
1240020
1002420
3240
3111030
103401
104310
2000043
202302
2002113
1000422
212031
40101
1003002
4200102
1240200
2200101
20034
1003311
3100113
311202
3201030
2200320
2000130
2013210
3131100
22002
13131
2031003
2301021
1040100
2002311
1030203
311220
1003113
202011
3400200
1212030
1010100
1320
301122
1032201
3103110
120132
202140
1340010
130401
120024
2201100
4200030
4301001
400230
1134000
2222100
320310
2204001
302220
201033
201003
24030
122310
131013
102024
2403000
4200201
1004022
2340
421020
10341
3011031
313002
2320101
2130012
304002
1024020
1021200
231
311301
3023001
2003220
1301013
212022
2030040
1100004
2020221
1040301
1040013
142200
130110
2130000
230010
103200
2002212
201
210132
3200022
2321010
2001222
400122
3002013
2120220
400131
20121
3004011
400023
100233
120222
204201
1101303
3011400
3100203
22023
131130
3311001
1320300
130023
2203101
2100021
2001204
11340
100332
1200213
1002021
113004
3130020
4040100
4022100
400320
1002402
2002041
111300
230040
1002204
3020301
140031
224001
10242
301212
1001223
113022
12042
2103003
232020
20133
221031
2230011
1100232
102042
21420
1200003
4001220
1132020
132
111033
1140
21222
1133010
2110023
3100014
40221
21213
3123
3121002
1410
2220021
1012002
1020132
240003
2103210
2100132
313101
3120003
231210
221103
131010
4220001
2030130
2020410
312003
230031
1201302
3010011
1300200
430002
1200042
420
12402
2120040
302211
2221020
1014003
3130200
1300122
123201
1122030
1001004
1021230
1010223
202110
402003
203301
2010042
3001101
4031001
3000240
3000222
2210301
410100
100440
3014001
3000003
2000304
1000044
120210
21120
3203100
3033
2120004
3102201
2200200
4100004
1032300
1102023
3110004
204102
40032
1023102
300030
1402020
2102301
1200402
13230
4320
220131
4300110
1031202
3104001
1210203
13014
4000230
3003012
3000201
1103004
212301
100011
4120002
4003002
320121
30303
332100
103032
1000341
130101
101220
312210
202203
300240
131031
120042
2320200
2201031
1100013
1044000
33021
122010
40212
4002210
23202
411000
3000021
2011002
120321
3004002
1001043
3120210
111303
110313
3012030
3003201
1220010
143001
2201400
12000
2021001
30132
1000110
104100
110322
41202
3123000
3103002
3032010
311310
22131
3030000
4220100
220410
10431
3100320
2410200
102402
310401
2340000
3031200
1413000
1210020
2131020
1002123
3010122
324000
121023
210402
132300
2100210
2020014
140022
4311000
4201020
40320
1004013
3131001
140220
22041
3220020
2300220
200031
4401
1102020
110031
2200023
4100202
3002031
341001
1310301
1130040
102030
2040102
220140
2022210
3003210
1010130
20322
21231
3411
2030022
1023120
2020041
4302
3010014
1301031
131100
2200401
3040002
4001202
23400
101202
1400202
2012100
12330
1000212
4011030
1020300
3000042
323100
331020
2311002
3301020
300321
3100131
401010
10143
100302
1042020
234
3220101
10224
2002320
2100222
1010400
3021000
2200110
3321
2000142
1000104
14004
1022100
1320000
400200
1113300
1201002
1020402
123012
1322001
1202202
44100
11220
2003022
1110303
2210040
1010040
231102
3010200
2001033
212103
22140
2002002
1203210
1300311
21033
21321
100032
3113010
401400
3014100
33111
14202
134010
104031
420003
120120
2430000
2132010
1102200
301020
23130
1004202
3030210
130200
1304100
103020
203001
1030320
2021400
102420
2303100
1002000
301230
2201001
1020321
2002410
3010221
400311
4000200
2401200
1104030
2204010
202410
2100300
40020
31230
3230001
1023
3101010
402012
202311
2210010
401202
401022
30330
2000010
40140
1303110
1300110
2403
1230300
330021
203310
1003101
420300
312030
2102010
1300014
3310101
3220200
202230
2001303
400020
120021
3301011
1233000
3202020
213201
20112
4000113
210033
1201200
2101203
12123
302013
20103
120123
2020002
2002230
1422000
22200
1032021
3111003
210321
2013003
4200
40041
1210032
300210
32202
3402
3023100
2010213
2020212
2040
1000011
3230100
1002330
4000401
1032210
112023
202014
3000231
420030
1401300
102303
1103040
42003
21300
1030221
2020122
1001010
1000002
1400031
1232100
2310120
32022
4310010
300402
112320
3120000
230001
302130
300420
1140300
1004004
1004040
4102020
4011003
2210202
30042
2101302
1013100
410202
13410
40122
3301002
1122003
1120200
2123001
1102032
400110
1030200
1210200
3202011
122022
44010
2200203
1040001
404100
12210
4000221
2302101
1020123
1020042
2302002
2000301
2022012
114003
330030
313020
2202120
1040310
2022120
1022040
432
3221001
3042000
2020230
3110220
3002004
1310001
23100
2022021
2030202
3030
20130
2002302
332001
1013010
410004
210000
1223100
1000401
201213
411030
3012201
30300
2200140
20001
110220
12201
3200001
1104300
2001021
3020040
1300401
1200303
110040
1032000
14310
20124
3021003
122103
320211
24012
3102000
4301100
2420100
2211030
2023101
400011
212130
3002310
1232001
1120302
2301210
1020012
4010202
3020001
4001310
1210320
1120023
1100220
121020
1202001
2020113
2000214
400401
4302000
2322000
3330
1030131
41004
2310300
30
2010330
1330011
2200122
20100
440100
220122
4221
1130010
2120022
202320
31212
2021040
1001013
1314
333000
2040000
2210130
201321
202101
10404
1314000
320400
2304
3000210
32310
11232
43020
3200202
302310
241200
210201
1203003
2001030
2012400
1120230
1120020
1203120
20400
10320
3410010
3010101
3100122
321030
33012
3020121
1120203
2401002
10413
1420002
1001040
103221
3012120
4131
2203020
231003
2130210
1103130
100020
200001
1012320
30411
14022
2103012
201402
1200
2421000
1220022
113100
2010003
1002102
10101
13110
2300121
2012001
3120201
4020021
2003310
1301010
3410100
212310
1440000
2023110
1010004
240210
201312
34101
3310020
2021202
1010013
2001120
401130
101010
10122
2102220
1020213
2003040
1402002
3101103
330111
31200
2310
2140020
2202210
3014010
2112
2004000
301002
103410
301401
1323000
3202200
42021
3031002
1031220
1010220
3021210
14031
3000300
2204100
1103100
2002221
240021
4021020
23211
2034
2130120
11403
3100002
3004200
3000321
2241000
2312010
1310400
322110
4100022
2001201
141003
3300021
4200000
2100024
32013
2301000
1321200
1023021
3020211
1003203
1400400
1131003
3131010
400113
4030002
2231100
301203
2001420
3103101
0
2021103
4110000
30222
3104100
2022030
2104002
1202013
20040
2410002
2210004
2021031
300003
231012
1014
12
220014
311022
4022010
1033110
3100311
12102
140202
231021
2300013
201021
2040300
1310103
20043
210021
330210
12300
130011
220011
1200030
1030302
2110002
1201230
120012
41013
230202
2201202
1200231
1002240
413010
2300100
311100
2032200
222000
131040
3101202
300303
10020
1203
2121030
1013103
110022
40203
1031031
221400
101031
3011310
432000
10314
4010220
2201010
1040103
3113100
3031020
3001032
410022
104013
4102002
302301
3021012
1131
3003111
4212000
2020203
1122000
3111300
222021
2120010
101103
4201200
2303001
4000011
121200
212100
120201
10134
1330002
223020
222003
1103031
200304
4100013
100101
4000140
22320
4300020
33000
1311003
2012040
110223
3040101
303111
2010210
3012012
34020
1031103
213102
400212
11310
1000410
4001100
322020
1130301
100041
1420200
1223010
2201130
1011300
3400011
3320010
2020032
1401030
3100101
10311
1340100
210
3000000
210102
4020201
210330
101232
4010400
2201013
2100120
100140
30231
3001200
1401000
2210400
310032
1030212
3121020
12312
1400001
2021013
300231
23031
420012
1140000
1321020
2112030
1103400
243
31122
4311
4012200
1041030
1040004
23040
311130
40011
11040
1203300
220002
1011330
103101
1301001
140301
2020101
3030300
2303010
3002001
402300
310002
203400
3000012
440001
101013
3200301
1130400
1041000
2031120
1010310
141030
2010303
2101002
1011033
310410
1041
3110010
3300201
4022001
400002
1140003
310320
2012103
100242
1302003
23010
142002
4030020
2002203
421002
232110
2124
2020200
1020204
2130030
1230210
2200221
2200014
30240
220041
1341
3100230
1400301
1220400
1110030
2001402
3001122
11001
3003030
1100310
1022310
1031301
1012023
1001232
102204
13032
2310021
1001202
1101000
4032
101310
213120
101304
1202310
1030041
3112002
3021102
2003301
122100
112020
4013010
2102040
2102022
420102
22311
1230102
42300
2123010
230013
200232
201300
1100313
310101
2100030
1200021
1134
3012003
222
41310
2320020
1340001
2301300
2002131
1000404
113040
220212
2402001
2400102
1320102
1101030
2100303
4002102
1031040
1023030
211002
1221
1200330
1003320
3010041
301011
210024
1212
2031300
1030032
410040
113310
301410
3030030
303210
2013021
1230030
204030
1011000
2010
43200
10023
4113
223002
140310
3200220
41100
21201
40200
2001012
1202022
2021301
3201201
4011
201222
1002024
214020
101130
14400
24210
1300320
1130004
33102
431100
34110
3400002
4100130
41103
1010322
3200211
14130
22410
4200120
1000323
2040021
102120
310020
3210102
4100103
1012200
3110301
14100
2124000
322101
2201103
1020222
3141000
3110022
410400
404010
2400300
2110020
21240
3300030
302400
1000242
3201210
120231
314010
4202001
240201
4001004
1311300
1301400
13320
1022103
2030310
1320120
1220001
3113001
1130202
2022102
101430
3300111
10302
1023300
3110103
311103
4120200
3021300
132030
3002301
1302120
1103103
100320
1100001
2021100
1002120
2122200
220020
303201
1201032
14220
1200102
1034010
22011
300222
3100221
4310001
4001040
1403100
121302
3012210
300102
1302000
1031400
42210
40401
1102302
1021032
13002
4221000
2030004
2024001
1004001
110133
1212000
4002
100401
3020103
1212003
10323
222210
220311
2220030
302040
1001220
110103
3022200
202020
422010
222102
3021021
301140
3320100
1300023
1000413
100014
3011022
310311
3001110
2400012
2100321
400014
3020310
242010
11331
4113000
2100003
1202100
140040
4103001
2040120
1022220
3213
400101
1431
121002
200100
1022031
3212100
200112
1103001
200133
1300041
10440
2032020
1003200
2002023
302001
2003130
1000311
3110100
413001
3120030
2120103
1100202
203211
1202040
2012202
1032012
421200
140013
310140
3001320
3000114
2300202
3003120
203103
2100312
410013
401220
14301
1201023
2022300
3032100
231000
1010232
22110
2020311
142020
212202
210123
2421
411
3022002
2201301
1020240
123102
12240
3202110
4100400
4000002
103302
30030
1300131
203004
31041
40014
21021
12030
31023
21024
120003
1200000
4300200
1220040
300132
1200123
2020131
113001
1020030
2113020
120030
1010340
40131
2230101
2012301
2013000
1312200
222030
1013130
1013031
2004012
3204
3012
11130
2103300
2000310
1203021
31020
3130110
3030120
304020
1010103
202200
3401100
140010
3003300
1300032
4001031
230310
1210230
30114
4300011
2140002
202002
1100100
3211002
4030200
2010300
3100110
100341
1100301
103131
321012
22122
331110
3010320
1430100
2211
230022
2012310
104130
3010212
441
3002202
4013001
1202400
3410001
3300
2021010
2110200
1102320
200331
2001213
2000421
3122010
4003020
4000320
2310012
101004
3102003
3012000
4001022
1100103
2010420
141000
221001
123030
3021
4003200
300300
1310010
3112020
122130
203112
2410020
130032
3110202
31104
1230003
4130010
1220310
2102400
1303011
111000
222120
3011301
430110
402120
11022
301221
2400003
2002200
132003
1030401
411300
4000101
12222
3003102
220023
1010202
103110
2400000
200313
2030121
2043
240300
1014030
1123200
1203201
1033020
203100
100323
43110
1033002
1004310
2220003
2231010
4023000
330120
1031004
310212
310200
1001034
2220201
241020
110130
321120
2010132
24000
2003112
204120
4000302
120
212001
2100000
200121
3141
1310310
1031013
132021
30102
3120120
11304
2130201
4010010
2000004
1130103
401103
3001203
1311030
133110
2022003
3020202
3130101
113400
331101
1104000
124020
340101
1113
300411
4104
403200
1001133
321201
3013200
2001000
4000122
1410000
200403
1003014
341100
2202300
2031030
1020120
431001
402210
4001400
200220
1321002
1200240
2001042
2002014
211302
211020
3100200
2221200
420210
221310
3210030
1000320
2004120
3102
132210
4010301
31101
3032001
2211000
1302210
31203
1020312
42012
12231
3204000
400302
2123100
220203
2004003
322002
2210013
110400
2000331
1400103
1024002
3110400
221004
103113
2000223
1130130
240102
1000020
2122020
20211
1030023
2002020
2240100
1023201
320031
12303
1003221
3012102
3230010
323010
230004
23103
3002211
4102200
2120031
2220
2120301
2300301
2030100
1201203
1200210
113301
13011
320301
1310022
301320
2004210
3100041
2210220
2210031
1030104
200340
313011
2103000
140400
3011103
114030
1200204
22032
1000431
102213
3
102033
131022
22101
1100430
1021203
3101031
111330
301131
3030003
1200012
22230
1030002
1000332
3000123
2202102
240
420120
311013
120402
4203000
1320030
2202003
1200033
2000232
1102002
20313
130113
1032030
331002
1042002
1040031
3201000
320202
230112
2012004
30141
1300230
402030
101043
2103120
200202
310221
41400
4200003
2102130
2010021
10401
2013030
20310
412020
201240
212010
4020000
1330020
1203030
1410003
302031
2100042
1001304
220113
4020003
411003
1003023
3101130
112230
144
3130002
4010103
1120320
1220004
2201004
2004201
41130
3002040
203010
122001
304101
2412000
200103
1021002
42120
301014
4000110
1221300
203022
1013040
3201012
4001103
1310220
1022202
123021
243000
2300004
401310
3041100
402
2214
300204
201120
4032000
4001010
2220210
30402
312300
1231002
2201310
2010321
3040110
3010401
1110330
210222
202041
1003041
131301
1220202
1202004
2100402
1020024
1000041
3211200
3220002
113202
1000023
2213100
303120
1303101
2200131
324
4200012
200241
3000411
4010031
2103021
2031021
242100
3004020
1003032
340020
4001013
1014300
101034
330300
3000330
3010302
20412
1113030
1002042
103014
3102300
322200
2320110
2331
400032
204003
2012010
122013
20421
320010
10104
1000230
1001340
1002132
3110130
410310
24201
2304000
4100031
4001001
2230110
2110032
113010
101040
31002
3104010
2002101
231120
201201
4301010
3030012
1102230
2021022
21402
304011
4140
3303000
1300011
203013
32211
34200
3040011
3400020
11004
3031110
4004100
1230012
1101330
1040130
210012
2013012
3103011
103212
1220130
13200
20004
1001310
110043
3030111
30420
401004
112032
130221
100212
11400
1000233
300213
112302
110004
2211300
230103
1034100
10332
412200
130104
14103
102240
40410
12213
1303200
4000203
3002103
2214000
102210
1212300
301200
201330
210003
13101
1440
1222002
1012230
101400
2011203
2203002
2110320
1020021
10002
103311
1004100
232101
230211
11223
24300
1003140
4212
122220
213012
220110
2003001
2131002
1120002
1301220
203031
120102
1230201
3020100
3002400
1220013
33210
3140001
402201
2030013
3023010
4020102
131220
10110
3300300
1020000
200004
11301
1100133
3201021
310041
303300
1230021
100122
2113200
133002
2202201
2004
104001
311040
1330200
2030103
2211003
212040
3120102
3030102
330
1431000
330201
201030
1013202
12003
1110300
2032101
1022010
1301100
1033101
2322
120213
43101
2330001
2200020
21012
4001130
2110302
202401
2300040
1023000
23022
3210210
1020003
10230
211032
204012
3011013
2122002
300111
1203000
1210002
20031
1010034
3112200
3110040
130014
3302001
100044
13122
10044
1022400
10203
310122
2132100
1120032
22203
101340
22401
22212
