200322
3020232
4032030
3003000
2033040
2002200
133032
13302
332130
2301
4020300
1030230
123033
313302
13233
321033
300300
2013330
2031033
3400302
3010020
402303
322020
3033012
330300
1302330
2203203
1000002
3200331
230013
330030
3330
3230130
2320302
3200034
23043
3003222
1320
201
2223003
1030320
22230
332040
2013
2330202
233310
230301
3310302
322002
330201
1002303
340203
3302010
3032022
3300240
3210030
20331
1200
1200030
1200033
33033
120030
332301
2200032
1032300
1002330
223203
403320
3033003
4000203
2300232
2100033
3130002
4000230
20322
4203003
233001
34203
3240003
3220320
3013020
3030033
2322030
1300302
320004
3004002
34023
2300022
3432
43032
3303012
4200003
2202000
2200320
220233
43320
3000303
2130003
3031230
3300210
2304000
3033
32340
4302300
33030
2030040
1003200
3340002
10233
300324
1000332
3200403
213330
202302
320103
3330030
4033002
2003001
2031330
3120030
30042
233010
230220
310230
4200303
2232000
1303200
2103330
330
300024
2034300
1023033
1003002
400023
300321
432030
240030
320310
4203030
1302300
2031030
2030202
3130032
24300
334002
40203
2400003
1300023
2020332
3120330
230034
100332
3213
302004
4002030
2300013
2000034
3022302
323103
340020
4000332
1330320
42003
3031020
2330103
3210033
420030
230043
103233
320403
20430
31023
3000201
2300001
3103320
200340
320130
231033
3040203
3303021
2032200
310332
3002400
302130
120
1320033
132033
103200
202002
4320
3000243
3330000
2320230
423000
203010
3032310
1320330
3010200
3330210
2002323
3231000
3202200
3301020
3002220
203031
3320004
312300
2322003
1303203
33300
2010333
3210330
3003204
2020320
3203310
3203301
3030402
230232
3023310
20220
1303230
1020333
1030233
1002000
2000031
331020
33021
2040030
1002003
2000103
220332
301200
12
200031
3310200
3040020
323010
33210
2203023
1300323
222030
332031
302040
3320220
3320310
32220
2103300
1200003
2000220
220002
3004320
303132
4023000
3201000
240000
3040032
3023010
304320
330132
2020032
3231030
402003
3023220
23202
2040000
3400023
2000313
100320
20130
3302001
301320
4302003
3030003
1023000
3200004
13203
2100333
203100
3304200
3231
3003102
3330012
4023003
2020230
3420000
3310203
20100
2430003
303303
3200133
213300
231330
2003313
3033210
3003
3213003
3202230
402030
240003
3003303
3000333
133203
3320040
3302220
3033300
3030030
2200020
2022030
203340
4002
300240
2310033
1200303
30030
320232
23232
1032303
204003
201300
301023
1002
300243
3303300
4002003
430020
233301
3020133
120303
3033201
33204
2310300
3003321
323220
12030
3001002
3033120
2033220
430320
2040303
223002
40320
32403
210300
201333
3323100
3022320
43200
30300
323202
120300
300423
4023300
4030032
2300322
3402030
3204000
3020403
313023
23130
3033000
1300203
3402300
200331
324000
330123
3303003
3300300
2340003
1032000
3020100
32310
4230000
4300032
2310003
243300
23103
4003203
1332003
200004
20334
3002232
3002304
4003032
30003
3230103
3230031
3210003
4030200
1020303
3023301
23001
4300302
323040
2430
2343000
2030340
402000
3020103
34230
1233030
2003301
3001332
3300123
4002000
1230033
3201030
3323010
1023
2300313
32043
3000423
4330020
4030302
3000300
3232002
3040302
2300004
302430
3310002
3004023
303231
2013003
202233
20004
3100020
220032
102333
4000032
2313003
2003022
2003031
2000202
331200
1302003
2200023
3321003
332220
2220
423003
200304
1023330
2030220
2001033
3233100
3203022
310203
3000120
3033021
1233003
3333
303330
2013030
3300303
30000
310032
303024
2002320
200010
321000
3030222
303102
2400300
2203020
2003223
40200
2034
3003213
4300320
2300040
220320
13320
301302
3200103
2313030
3102030
31200
33120
3243
3000000
400230
24003
23100
22332
2300133
3220032
423300
3022020
12333
330312
1320303
3200010
203223
22203
302322
1233300
2003010
3130023
12303
2031303
2030232
2023302
343020
20340
3210
423
1323003
2000433
3330120
30402
30321
1033002
3232200
220203
4030002
3201033
433200
230022
22002
301332
32130
2230020
1200333
403200
130302
3320400
4023030
2403030
3012300
21300
330204
4303200
3300003
3234000
3000402
2313000
1203000
3130302
103002
203004
2310030
243030
100002
300204
33042
2300103
2000040
3223200
202323
23331
2032020
4303020
1030200
200403
312003
2202330
2300202
3220023
3020001
32304
3010320
334200
4023
2040003
213003
230100
3012303
2330130
3030123
303402
333300
3202203
230313
3020031
23034
310233
3302310
3002322
4000320
203400
3310320
3320301
3040320
3021300
320013
30213
2133003
2220303
2010300
2004330
120033
30102
3000021
3430020
200430
13020
3032220
302034
302310
33312
3333000
4002303
202200
3020202
3302400
3032130
1033020
2030100
210033
3020322
3010002
312033
3000033
2313300
2002020
3203004
103320
202020
3013200
3102
2000343
32013
3340200
2301030
2004003
3210300
312000
43023
2322000
1203303
2001333
2003322
3203130
2033031
132300
3023130
331320
1203033
3022203
3023202
3300402
300333
202203
331032
302013
3330102
4020030
1003233
433002
120003
2403
2003004
3331200
3000213
2003133
3200013
233022
3220203
3012000
1033200
3023100
20001
3303201
3000102
30432
2233020
2003202
223230
203202
340002
3123
300033
3020400
20034
33123
3204
1230000
40023
3034200
3001203
301203
2301000
3233010
23304
33213
233220
3021030
1032330
10200
3001302
303201
3030312
2302002
2003400
1000020
3130320
230001
400200
223320
30120
1303302
200001
3002004
303222
2031000
20013
1300200
3100320
4002033
300222
3043200
3300042
2130033
2033103
1033023
230430
200130
3210000
100233
320340
2130300
2330031
2030001
31233
3000123
2000133
320322
3000132
30222
30330
3020313
21000
2233002
3202032
232203
233040
2030301
430302
302001
3020220
3402
303012
2033010
30333
2010303
3222300
420300
24
1330302
2202033
2043300
403203
103332
3300321
2232300
2103000
3024003
2232
330402
3003300
300000
1300332
10323
34032
2203230
213000
203430
3001020
432300
231000
201003
3013002
102030
3323001
303420
2232003
1203300
3230004
3203400
3103032
1303002
2043030
3230010
232002
4230
330102
3342
2200203
333
3203031
223302
1302
2330400
2032302
3200304
233103
13002
3420300
2032203
222300
3022023
3001320
3002040
2001003
3430002
220323
322023
3030420
3013320
1323
4332000
1300320
3133200
132330
203322
4230003
430002
400002
21330
3303120
2230200
2303220
210303
324
330321
2130030
1300002
2032230
340320
20031
1003032
3032400
3004203
2403300
303030
2040330
2022300
2030400
21
2331
3300012
2323002
3020130
24330
4302
2223
33000
2020323
2020203
310200
330000
313200
103203
102033
13230
3002130
31302
203220
3024000
22032
330213
3312
33003
2030130
2030223
1003320
233004
1300032
3342000
3032103
2343
1332
3
3230400
403302
123300
3312000
3102330
3201303
3032202
3032301
2022330
3231300
132000
234003
200301
100023
323004
303204
222330
3012033
320040
22323
2304030
3231003
333003
3103203
23220
3002034
1233
2230230
1030332
32010
1300230
3200130
3310032
30012
3020331
3120
1230300
321003
2300031
2023320
313032
303312
2031003
200040
320010
320001
3030021
3030231
1030302
3310020
3022200
3302013
4020
2300400
223023
30033
2001303
33102
33321
2100300
2040033
23022
3000432
2003310
3220302
430023
23031
2013000
3200223
2202300
1303023
2000403
4323
2330013
2001330
3320100
3300120
312
331002
3000030
2303040
1203003
3023022
313020
4030023
2130000
342003
310023
332004
2220300
1320003
230322
3020013
30240
330303
220200
200343
3301203
303021
3203001
321300
2020023
2010003
3320202
23004
2013300
320100
210
2202030
340023
20301
303033
1300233
32223
3031200
332013
3000330
3400002
243000
230004
3320001
3132003
3320013
3000003
3200220
23310
20310
332001
3003042
4300023
2300301
42000
12330
10020
4320000
3133020
3012330
333201
4020330
2000130
203232
2030403
230403
3321030
3031023
2400
3330201
1200330
200220
3300222
4032000
1323030
2033100
204000
3100002
20400
3330300
4032300
2300304
1002030
3120033
2330100
43002
330420
300210
1023003
332022
222000
210330
3032013
3030240
1032030
2023023
200103
3020304
32322
2004
30210
2203320
2300010
423030
220302
3010032
1333020
402300
302301
2043003
3100032
302202
3042
3120303
333210
330330
1300020
2000013
3302130
203403
12033
2433
1332030
1330023
2030031
3102000
3100302
300231
3103023
3021330
301002
2400000
1002033
3403002
3240000
3220002
23013
2300043
2003340
3103020
230103
323022
13023
31020
3432000
3203100
3100233
3020043
310320
33402
2320032
1303320
2004030
130332
3313200
201330
3001023
2333010
2013303
3200031
132303
133020
2200332
3102033
230400
3030024
2220000
2030004
3230220
323001
303123
2030022
203034
200223
3320130
3000222
3000042
4200000
2223300
2003232
233013
300120
32313
3403020
133200
200034
3021303
21333
3023040
3031002
2302203
2100303
2020302
1000320
231300
3003021
2320023
2043000
420330
302220
30420
3030300
4002300
2002233
1003023
3203010
322320
1023030
1033032
2030010
240300
123330
3022230
4302000
2303202
2200323
3100023
400020
30021
3120300
130203
312330
323031
3002202
3004230
3002403
3002313
304020
23040
2303103
300
100020
3321300
310020
3004020
332400
2322
4320030
1003203
2000100
130032
310002
331203
2333001
2303301
2302032
2030322
3002340
1000302
3222000
4003002
4000323
2030313
240033
1323000
1230330
403002
3324
103230
3013203
303321
32031
330042
400320
240330
3023103
323013
320034
2303013
3200400
3303210
3030321
4033200
2000301
3201
4332
3030132
2223030
3203202
3203013
302031
31230
2301330
2303004
1032033
3240300
3301320
2330310
132003
3003201
2230032
2000223
3103002
3100230
40332
320022
3200001
430230
200433
3010230
312030
2202303
2010000
213033
340032
130023
3042300
3000312
3002001
4233
2300100
2003331
1000203
432003
42030
3230100
123303
3043020
40233
2233200
2013033
3230202
202332
40230
2033400
3230040
3031032
302400
3300024
400203
321303
332103
1030323
4203
240
30342
2030304
400323
230331
20223
302223
3301023
33231
3010023
21303
3030330
3210303
420003
3001233
333102
3030210
2033022
2000232
400332
223200
40020
2032032
200232
304002
200100
24030
23340
1030032
230031
331023
3040200
3010323
2010
4300203
1020030
2003034
3403200
231003
301032
3000234
3330003
32100
3000012
1000230
3032001
302100
2300223
13323
12003
3002031
3003123
2220330
400233
323301
310323
2031
340200
33201
3234
3003024
3004200
3240
213
2130303
2230023
2000001
3102303
3023031
3003231
4002330
1320000
2000430
3324000
3312300
3003330
2133300
1030023
201000
2002032
3430200
102330
32133
3000420
2310330
2020233
123000
42033
3302031
31203
4302030
400302
3320103
320331
3302040
2001030
3400230
3203040
21003
4200
3204003
3202002
32001
1230
203310
102303
3020034
40032
204
2334000
234300
130323
4000023
3200022
3023001
2310
102
3130020
232320
304023
3332100
3032040
3030303
2323200
1302303
3240030
3123030
232200
3130203
430203
23403
2133000
2300331
2033202
1030020
2004000
13032
3034020
2133
2303310
1303020
2303022
2200200
301323
3032100
3003003
2300220
3010332
3330021
123030
23400
20343
3300132
303213
3102003
3010233
31332
2433000
2310000
2330022
2020002
320202
330003
3200040
403230
400032
2400330
3204030
3400032
3004302
302022
2002203
3322200
33132
123
321
4020000
230040
202032
3020223
300432
330012
1203030
303003
10203
1020
3003012
3322020
3022032
20232
3302004
4003020
1320300
3203220
3200043
2043
3423000
203043
203022
343002
33240
4020003
1003302
3222003
3220200
203013
3423
4000002
2000043
3200310
333021
343200
1302030
2003100
1003230
3013302
3020010
1033203
3222030
302313
2313
2400303
1020000
3202302
210003
31002
3030000
2300034
2100003
3420003
3321000
33330
3023400
303240
3042000
321030
2304
3002310
1033230
2033013
2003043
3200313
10320
2023203
2000310
300420
3300312
300330
2004300
30132
4200330
2320200
2100030
3300204
30201
102003
100200
3023004
2230302
2203302
300303
3030
240303
1332300
3130230
3202020
220023
204300
403020
202230
320043
2130
1233000
2203032
20133
304200
32331
4000233
2230203
2022303
3042003
3020004
4020303
2331300
1320030
32202
2010030
2000004
3400020
3020340
4000302
21033
40302
3302100
331302
4300230
1203330
2200233
3232020
233031
32022
133023
100323
32004
2033001
2000010
2001
3000231
4230300
20313
2030133
3132300
342000
20202
1030002
3132000
3313002
3004032
2332020
2010033
3010203
10230
4323000
3313020
3132
1002333
203103
4032003
2032002
320031
402
2130330
2300403
1030203
3031203
3012030
3002133
32103
40323
31032
3300000
4030320
2300340
231303
3320010
2301300
2030310
2000334
22020
30312
2340300
2000304
3233001
3202320
3001323
3002043
2403003
2331003
200400
3312030
322230
3100332
123003
220230
34200
32301
4030020
230223
230202
201033
332202
23223
30123
3000342
2030043
2030034
3200340
203304
3320022
3300330
1020330
10302
2103
33222
1330230
403023
234030
3001200
1000200
233202
10032
30423
300042
3303000
3303
3030204
2330301
2203002
433020
420303
204033
230340
4300002
2430030
3103200
43203
3003402
333012
2323020
3123003
320430
3002223
3003120
1230030
2302023
2003130
3230022
3222
2332200
22320
301020
3024
223020
3301200
3032004
4203300
4300020
2000400
3201003
200133
3302022
300012
4320003
2301303
120333
103032
3020430
2010330
30303
3200100
233100
21030
302010
32034
3000204
2002230
432
1302000
3031320
3043002
342030
42300
1033320
3120003
3200430
213030
223032
301233
3003210
3003240
3120000
340302
304302
330120
3021
4033020
33303
2000322
12000
22233
23301
4003230
2133030
232302
222033
323100
20304
30324
2100000
2223000
3230301
3230013
3200301
320133
1230303
2003040
132030
130233
210333
3200232
430032
100032
3301032
3204300
3203103
34020
300312
2330004
120000
220020
3023013
324030
3340020
302403
302043
4320300
2220033
2030013
3400203
3123000
130320
24303
2333100
2302020
2002302
3130200
222303
130002
10023
3030042
1003332
204303
304203
300123
30024
2400033
2002023
232032
322200
20103
2403000
420000
2103303
323130
24033
10002
3031302
4030203
3402000
231030
300021
3003030
2400030
312303
300132
2320020
3220230
402330
133320
321330
1332000
2202003
1000032
3100203
330240
4020033
3213300
432000
130200
204030
3312003
200022
304230
1200300
2040300
2003220
303
133230
4233000
1020300
313230
3034002
2331000
3201300
133002
22302
24000
3300201
3300021
3003312
33012
2331030
2022003
200310
300402
3033030
2220003
3200202
3320031
2320002
2001300
12300
3020040
4200033
2302302
1023303
3300
130020
4300200
2003013
3123300
3103302
3300231
30204
2020200
320223
42303
23322
3331002
2330001
2004303
42
2303400
40002
4330200
3000
3010302
43230
200334
231
1230003
30243
232023
323310
3002331
302103
302304
1020003
3013023
322302
1323300
1000233
243003
34002
2033301
1002300
3223002
103020
20043
0
4303002
2300430
1000023
103023
32430
3303102
3223020
232230
120330
340230
3301302
3201330
130230
320301
23430
301230
324003
3030102
3024030
313002
3332010
2200302
430200
3322002
3310230
13332
2022033
204330
3040230
2300130
2200002
100230
320304
23313
20403
3332001
2303031
300003
2032023
233400
320313
2330220
3030120
33024
3100323
403032
103302
3000321
3000324
3021000
3022002
323400
3002100
3002430
2340030
303000
2030430
420033
200202
2230320
1203
234
333000
1023300
2031300
230010
3001230
3400200
3100200
3304002
234000
20022
3033102
201030
10332
3300213
203301
3302103
4003023
330033
303120
300102
30234
2023020
201303
13200
4200300
3300030
2340000
2303001
2200230
333120
324300
2022
2300310
1032003
1003323
200313
43302
22200
1333200
3420030
3400320
3321
230304
3040002
302340
4330002
1330203
2040
3030012
2030331
2002332
2340
2302230
23010
302331
300201
3303030
2232030
230133
203313
320220
2023230
20010
3002022
331230
300213
2322300
232020
3020022
332100
3000240
2303130
2020020
2001000
310302
3301230
132
4230030
1330200
3200322
202023
3003132
4003302
22023
3301002
3300420
3000024
3202023
203130
4003200
2220030
2000340
200043
2100
3032010
31320
300342
2332002
200013
313203
330222
2033004
2003103
1003020
32232
243
30
2100330
2003403
103323
2334
3300102
333030
2301033
233130
302133
3030201
2303010
3220020
203331
1032
342
1330032
2304003
2022000
2003304
203133
42330
2430300
2034030
3102300
230130
102300
2002002
3302202
3002103
1302033
20040
3302301
302232
3030213
4200030
2103030
3243000
210000
3024300
1330020
2103003
1033302
303210
2302200
23133
3331020
330210
2320203
2203200
2034003
3040023
3003420
1200000
3020310
43020
3300033
2033130
3310023
313320
332010
2034000
3213000
3021003
34302
2330040
222003
334020
330021
2003430
3230001
202320
4203000
2230002
2301003
300030
2030103
3020301
31323
30231
34320
330231
20433
3002301
2202
4030230
2330010
2023002
230310
3013032
322203
304032
2320320
2000022
3230310
133302
203040
4003320
3133002
3103230
3021033
3012003
3012
303300
33
3042030
3013230
4032
3003033
2000331
342300
2310303
203001
100302
320400
32400
420
2430000
1330002
2302320
2023200
3213030
2023032
1020033
210030
3000210
303042
102000
3002010
300234
2004033
100203
3304020
330024
2303100
2103033
2032320
402033
3001032
3032031
332310
33420
1333002
2304300
2033310
3402003
3132030
3420
322032
3002013
32040
4000200
4000020
1303032
1000323
213303
222
