312002
202040
300113
4004000
2032001
1030310
13310
3013010
40220
223100
1030301
301400
2310020
3102200
2300120
1300013
2001230
400001
224000
103001
3000302
12320
200132
2200040
200033
2002004
332
132020
100310
31031
3400100
4031
2000210
4000202
2020202
1010003
1003010
3100031
30020
202130
103010
2231
1020320
3100022
100304
40040
4100300
3000320
3030101
101303
100322
3020000
310010
104300
202013
3030011
1100330
2200013
130301
310202
34010
13040
212
1310030
303002
2020031
402020
401003
213002
3212
3104
2003000
1202300
3103001
2100200
400013
311000
130040
300104
2210300
10010
200303
120020
2021
4010300
1040000
1000100
321020
201320
14000
21203
2123000
2213000
203300
340010
110303
130202
100340
1310000
4000310
200
130031
4300001
3300110
1000103
300221
4001
2203001
3000041
410003
220400
210002
300320
200330
3021002
1020023
21302
3110
2231000
123002
230120
2000303
3120002
3040100
3000212
1000013
232100
221030
320120
3300200
2030030
3000401
203
110030
33011
1133
4301000
1030130
20033
40400
143
3100130
2130020
310130
20120
30140
1331000
1300220
2003120
3003101
430001
133100
220100
34001
3302000
31040
1002023
130400
200231
11033
10331
4001300
3000020
13010
224
4040000
201002
100223
100232
133010
1031030
1032002
2001002
1000331
301202
1310
2102
2042000
301220
21200
22100
1400300
3001310
1000034
202202
300122
2000030
1322
122300
2013020
304010
103220
1403
1031
1340000
120002
3000023
2310002
122030
100400
31022
20204
1232000
210320
43100
43001
22013
1230020
3210002
2023100
1020020
401300
202004
1043
3200003
302021
10001
1003301
1030013
2002310
2200220
3210200
1103030
1300004
1010000
23000
312200
230210
4001030
2222
303020
2202020
1033100
3004001
302210
21023
3230000
201020
311
2002040
4031000
1310300
3021020
2004002
2000012
140000
122000
2300003
1040
30410
4000004
1100000
1220300
1200320
3200021
440000
204200
4220000
100133
100022
20222
103022
2020001
1000310
132200
202301
32201
2123
1020203
3130100
1100030
1030103
3002201
420020
100004
12032
2003030
20201
23021
1030400
1002320
2002010
1003004
410030
220220
310040
2320010
4200002
3110000
1300031
3012020
4100030
230012
104000
200312
23120
10031
30014
2402000
200402
40130
23003
3010130
10013
30200
3013100
20
203120
2210030
1001030
2001023
320210
201302
100430
40013
30104
3012200
2102300
3031001
1003202
1002002
310301
21230
3140000
1130300
2010230
3020
1000232
4000010
3020102
1030001
40301
20321
2032100
1003100
2002031
200012
2030021
3000410
30212
1001
314
101
3012002
3130010
3202100
1003001
410300
4022000
20210
42002
210302
304001
100001
300032
2023001
1030040
1001000
404000
2420
140
3310001
33020
3000011
22010
22040
10322
4010
3041
3100220
330020
1301030
2004200
1000022
4013000
2312000
2103020
3040001
110000
301013
100043
233000
1302200
3002021
1000403
32
400220
400031
11330
1203200
10340
11003
4003001
3003011
3002
10220
4130
4030010
2200400
1200230
1013030
2132
1133000
3100010
2020022
2003021
11300
31220
23201
3410
200300
3011
2000321
3000104
4010000
323000
1040300
313100
130022
202100
2000033
2120000
320300
320003
1033010
210020
220031
302120
1400000
100034
100013
2100002
20420
300230
1300001
2031002
1002032
131003
40310
113
3300002
430010
400130
220040
40010
14003
1000043
3020030
1310003
23030
1022030
3010310
1020302
1001303
3032000
31100
1100
2000021
2002022
300110
21002
1304000
2302010
3101030
3020003
1200002
1004030
2213
2210003
3010004
1203002
2030201
1000220
3000110
301301
4000001
210203
203210
2120003
1300301
1010330
3020012
212300
3221
2130200
1303100
3301001
2200010
300002
2020010
143000
220310
3400010
2240
202310
402200
401030
22001
4100000
300020
1040003
22004
1320200
1004003
24002
1010
3221000
110300
130130
2030
3003110
3302
1003013
1000031
3000014
221
1200020
1200203
2040002
1031003
1030202
101033
200240
203003
2132000
2003210
2001020
3001040
213200
310310
200201
2003003
10043
300212
300014
41030
20123
134
2000000
230300
230021
10103
10202
3203000
1300310
20303
201032
100040
3401000
3202010
1030010
3001004
11303
422
1230200
1013000
2030102
3041000
3010103
130001
302201
300410
31130
1320020
20030
3410000
122003
3001103
4010030
1303001
3100100
1003400
213020
4020002
3031100
2000204
120023
102230
2200130
2230100
1032020
30023
102020
4000031
1203020
1300202
2020301
400301
110330
130103
41000
4000103
311003
130013
33110
3010010
1003040
301100
202220
30302
32003
230000
1103000
3102020
1100003
1030220
2300
320102
1403000
10310
2201300
1020032
2
3000230
2013200
3010040
3002102
2000402
3000131
232010
1223
3103010
210023
301004
100403
300140
2312
20000
2300021
3020300
2320100
330002
1043000
1130
3140
4000130
2240000
2020100
4000400
200123
31013
3003002
302000
2021030
2022002
103103
302012
40100
32012
3220010
30401
3301010
1300022
400022
2321
242
2321000
1220003
30203
221000
223001
13013
10004
2400200
3200
2000312
123200
1322000
2020040
2000
400400
223010
220004
100313
42020
3102002
11000
1001300
231200
2200004
2000330
1300040
2020130
3000101
1304
2100203
4003010
3301100
3002120
310013
30011
3002000
3100004
2001320
340100
102200
31301
3200102
203030
30032
140003
322001
301001
103004
1022
2203100
3000122
322010
3030200
2022200
20003
400202
100103
30122
4103000
230
23
422000
103400
100031
22301
2010320
2012030
3022010
2010020
13301
3110003
2031200
3001001
1220000
1330010
331010
101330
102320
102203
300041
23210
4300100
1040030
1032200
44000
22310
1130030
1010300
1010030
4001003
1000004
400103
2220020
3100013
331001
2402
2102003
1031300
1001003
31010
1023200
1300010
3030110
3001013
20102
10022
2400002
222002
110033
13103
2204
3020021
3001220
13220
3010202
3001010
2000201
140300
221003
301130
200321
10313
1030004
41
4004
2003
431000
20024
3104000
2201030
2000213
101003
10301
4002002
2103200
3320
2303000
1003130
1010033
2400020
2032010
2030120
2102030
1301003
3201002
1100300
3011300
2330
410000
4000220
3002012
43010
14030
3401
2201
3001301
3203
32021
4000022
2000300
3200210
300302
2020103
1000040
110003
4300010
10040
4000013
3001400
341
2030000
2230010
1202030
1300103
2021300
2002013
310031
201203
4003100
300401
202001
1000313
2000102
300011
3000203
3030002
202010
30221
2330000
3101300
1300100
200210
24020
3030020
330200
3010022
210032
4400
4022
2030300
1023002
3000140
1000010
134000
302300
1003031
201200
202031
33200
1400003
2003012
233
403001
400310
340001
231002
2030003
3131
2001302
210200
300101
12203
10304
200003
3002003
3200120
3100301
1003310
123020
32102
10400
4030100
122
1340
2022020
2010200
204002
1103
3100001
3200012
231020
302102
10100
3131000
2301020
1030100
430100
42200
3310100
1200023
1020200
2002103
2033
2002001
1130003
4000100
2001200
330011
22022
12002
4103
3122
1301
2120300
2200103
3300101
2001203
1000130
321200
202400
320000
3120020
2300102
3004100
3001100
1002020
400010
130100
2420000
103031
3100202
310004
203102
3311
3110030
301310
100220
22220
1220
3020120
3011003
104003
41300
1202000
2040020
2020220
310220
320021
10034
3101
3002030
3032
403010
130004
24200
1034
2013002
1313000
140030
200024
30113
3300020
4010003
22103
1004
2300030
3120200
2120030
2230001
2300012
30230
420200
220130
3212000
1430
1020002
1000133
230102
100301
3010013
203000
2024000
3001130
310022
103301
100100
200120
320030
13031
3011030
3020201
1000223
3000221
3000311
132002
204020
1200032
200213
3210020
1030022
2002130
403100
201023
1331
2100230
30002
302
300131
1202
11
1300400
1430000
2220200
303200
2200301
203012
100010
30101
200000
1030031
1004300
240020
102023
2301002
2000132
320201
330101
2201003
2200001
3011000
2000042
22130
30041
2120
1313
1301300
44
1002302
103100
303011
410
2200310
2100032
2020310
314000
102002
1013
1202003
220301
21320
20021
110
1400030
32300
311300
440
3110300
2202200
2203010
2020004
2003201
402002
113030
222020
3400001
3013001
2000123
130220
104030
40004
33101
23012
2300000
401
3220100
200030
1013300
3031010
100331
12200
4310
332000
2210
4040
3010301
2004020
1003220
212030
103040
1232
3103100
300203
310001
14300
1302020
2102000
2021003
3001031
220001
303110
10403
3000032
2002220
313001
301103
2002400
3100040
102302
40022
131
4400000
13400
320
120320
120032
40103
3003200
3021200
1000304
131000
131300
32000
2302001
3100400
2003102
2000120
400100
240002
331100
2000003
3100103
1022000
1020230
311030
310400
220202
202103
3220001
413
40031
2010023
40202
12020
2310200
3201200
302003
1100303
2300201
401000
303101
40001
1330100
20132
1023020
2000231
13100
20402
20240
4100
4130000
1022300
413000
4013
2024
300200
1230002
2000420
100130
104
3000002
3200201
32030
3022001
1010303
3010031
3004010
321002
4202000
20012
1303010
3010400
200102
200204
200042
12023
3003020
2202002
2012300
220022
13202
22202
11030
20231
2210000
3101000
2100023
310103
10223
3311000
3000113
2000024
133001
103130
13004
30110
4301
300023
431
14
3014
13130
1000322
1000202
32210
1200200
3101003
2031020
3020210
2020013
2303
1130000
3113000
2200202
23102
4020020
2200100
3010220
2030012
3010001
220013
301022
4000040
1000340
120230
2200022
2130002
1103300
3201020
23300
1022003
1003103
341000
3200030
12302
31400
4200200
2204000
20300
2002202
1000400
1000430
400040
3200000
4220
101300
1013003
1033001
1001330
1003022
220010
4020200
3002300
4002020
3014000
2030210
2300300
1103003
1031000
320012
10232
2012
1223000
2100320
1100033
2012000
2023010
3010100
130310
103013
2003300
2033000
2302100
2100020
420002
322100
12230
20312
4310000
2010203
2010032
400004
31001
2222000
21020
32120
131030
4202
242000
1300130
3040010
2000222
230201
101000
20042
2201000
304100
31202
3023
1000001
301040
10430
30320
2021000
240200
210230
200222
1320002
1002230
2001032
3001022
222200
3202001
2103002
1034000
313010
212003
200021
404
2220002
1330001
2200031
113003
330110
22400
30311
1400
4001000
33002
212000
232001
120203
203021
30131
2100302
3100310
13022
21032
3023000
2020400
120200
130010
22031
10133
3130001
4002200
2320001
2010302
310100
301031
4200020
2002301
3001202
2000240
120302
202022
3022100
20330
1001033
221300
103202
31004
20213
3300011
4000301
323
1000301
113000
220103
101030
301010
3320000
100202
13001
3113
3122000
1301000
2300210
3002210
102032
300311
34100
230030
230003
2012003
312020
41003
10130
3200300
1220030
2010002
103310
200420
3000200
3310010
302030
1302002
1200302
2040200
1004000
1002200
4030001
3230
1002203
201230
203201
31103
2042
2002100
2301200
113300
31310
4100003
