3003203
333002
30230
3330002
2003300
3000323
300332
2000
3302
3300023
3002300
320033
303302
3003230
332030
330002
300233
23003
3032
200030
2303
3330200
2030000
3032003
332300
33203
3230000
2030330
303203
3323000
3302300
3323
3033002
323003
3300020
3233
333020
30320
3332
3000020
330203
203030
300023
23
3233000
3023000
2003003
332
320303
303020
3302003
2030300
2000303
3000203
200333
32000
30323
302
3000032
23030
3300230
2300303
3032000
3020300
3030302
3003200
300200
200003
3230030
3020303
2003303
3003032
320000
233030
303230
33302
2330030
3203000
3020330
3020030
3003023
32033
20003
3230300
3023003
2030003
3003302
302330
203303
20000
20300
30200
3320300
2003033
2000333
330302
303032
2300330
3023030
2030303
330020
32330
3303200
333200
2330003
2303000
3203030
2033003
3000200
233000
330230
3330020
33002
3203300
3200303
3030320
3302030
320330
203330
303002
32003
300020
32030
2033
3203003
3300320
3300302
3020003
230003
23330
20
3032300
330200
302300
32303
3230
3332000
303023
3303002
200
2330300
2300033
3300032
323300
20033
2003
2030030
3000302
230000
233300
230030
30203
3002330
203300
2300
3200003
3003020
3000023
200330
3230003
3033200
3000320
2000033
3000002
302000
300302
230
2300000
3200030
3030203
323000
300230
300203
3033020
2003330
3000332
200300
23300
33020
2330
3020
3320000
2303030
200303
33023
2300003
3030032
3002303
230300
320
3320003
2033300
3000233
332000
303200
23033
33032
20303
3200
2300030
3003002
2000003
30002
2000000
203000
3200300
230330
23000
33320
20330
203
2303003
2030033
302030
3300200
3030200
300323
300032
300002
2300300
3200033
3032030
3030020
3002000
2000330
200000
320003
23303
2330000
2003000
203003
200033
32300
30332
30020
2030
233
323
2303300
3300203
3300002
30233
3023300
2000030
302003
30302
3302000
3000230
30032
2333000
3303020
3200330
2033000
3003320
230033
33200
3020033
320030
30023
3200000
2033030
3030230
2003030
3002030
323030
330320
330032
33230
20030
3320
2333
3023
3020000
3002003
2000300
233003
230303
330023
3203
2
332003
302303
3030023
300320
32
3030002
320300
203033
302033
20333
3320030
3002
3002033
303320
