3013021
1402
23320
3212200
204010
42040
4210000
2021320
132010
202123
14023
402001
4020301
3304
213100
301012
4200400
2400103
2130310
2310103
2001031
2000041
2110
1000303
334
1000234
123202
203110
3021202
2010313
1000342
222103
202213
1201030
13000
240130
31231
1120
2223100
413200
3020104
322012
23131
10204
1003312
302011
420004
242200
110332
1042
100330
1201033
1240030
3121300
3221200
44020
21040
340300
1000222
3102031
220201
2022400
4003210
4330
120034
3030100
2203120
2100001
1302310
2220301
4000021
2110000
323002
4231
4301200
40033
3002320
11002
240010
2013400
2010202
1202020
2004220
4040002
1030231
320014
1243
333010
1023010
342001
3001012
301312
2103031
2010013
1301203
30400
3123001
2123020
200413
123100
1320103
1030222
420301
31024
2210230
1010200
2003122
3203020
3010000
3020032
1230040
2202022
3010402
3300301
3013000
203320
33031
2020042
230014
3340000
2023210
23140
4001203
41302
200032
2041000
10303
4042000
13240
1222
30340
3241
23023
2002123
1000420
33202
3003040
2304010
300304
1020034
2004031
410320
3021001
3300001
3210004
202102
3020140
30214
3120202
204310
1303030
2032003
2313001
1043002
1300303
2431000
3002200
1332001
1020004
2000110
233101
14230
31402
313030
300340
30202
1320100
3232
1132
300214
4300210
21130
32131
4420000
2322010
232021
110302
3042001
2321020
20323
3022021
400030
3201013
420100
4020040
13120
412
241300
2401300
1042003
2404
3000220
400012
203212
3003121
2043001
3120220
24013
3400300
3003031
2231002
32002
3200014
4003003
2302102
1000243
103204
100312
24022
2400100
130120
1023013
3401200
12331
3013300
3112003
1010233
300043
2020210
20143
1003303
2020012
102040
1034020
4031002
320032
1032310
3034
3113200
3103030
2201020
1103032
3032200
343000
2330002
2322001
230221
100132
3103000
320041
20314
220402
220033
1302022
300430
1021330
120040
3021220
4012003
2130004
2100031
1020232
321100
21304
31021
3000100
2140003
2031022
4220020
1232002
3133
2331010
1004023
122302
1324000
231001
2040202
301003
2100100
3202021
310231
3001420
1302103
2130040
2100340
2200204
2001034
4010302
440200
120430
203140
300124
1030240
2001313
32101
2010040
2403001
230203
2102230
1202302
213001
202222
14020
3000223
3301210
2130010
1020040
433
214030
1400200
230041
2100010
2014003
3101230
4321
2202103
2021230
2032210
200221
200311
3020113
2310202
3100231
11332
10123
3031210
4120000
220132
12013
302032
1231000
1320001
3201100
2033002
10000
3131020
1230022
1020133
2020312
301
101203
2013100
24103
20032
230110
110020
200404
321301
40021
10132
2300023
2030014
3040201
1203400
3213001
2301040
2100043
2201302
1200103
1024300
110203
102004
320122
1430020
200233
3240010
3133000
2400004
3020011
3220003
2300113
32302
10300
302140
232030
4032010
2120020
201223
3022030
12223
3421000
1031023
320203
1130002
2001022
132400
3041200
10024
4002031
1203001
1230400
1000213
3200104
203221
3010024
4203100
2002102
2003014
3001
1300012
103402
202132
3130000
234100
221023
4210
2104000
1100020
224020
202420
310123
1003000
1400320
1320202
300403
4303
400201
4012000
330010
213004
1423000
211030
42130
4003201
33220
1000123
200401
3321010
2301022
2011
21010
2021020
21322
10012
2021302
303301
1001020
421003
401230
210220
230122
130024
4001020
204301
201301
3042010
131032
3001132
2013004
2022130
1003201
4222
300412
3200230
3003220
2220004
200302
3003400
2030002
3311002
312013
4010032
2200123
2020102
2002420
3101320
3102130
210013
3011320
2403010
234001
113302
4002310
1120030
1320031
31003
204400
10432
3004120
2203000
3112000
403102
301021
300322
2130400
1030102
20401
3004201
4001320
1030033
1031032
4300000
2020003
1304002
2202004
3300040
3131002
121300
113032
131023
210223
23011
2021200
2010133
3200113
112000
222031
1103002
2302120
2001403
1001230
120013
200410
1310203
2413
122032
4010023
2212300
4312
3310003
1301230
123310
22102
2030320
2000200
2200312
3132001
132013
24301
3230020
4010320
1300204
1002022
401200
130123
220012
302104
4203010
30103
211303
22024
2200402
4021300
3030310
1020031
102001
3001210
4100230
3210001
10234
3032110
4030120
2022001
110023
2040013
2300020
200200
12202
4030030
130021
34201
3402001
140020
102340
10021
32401
4033000
2024200
1010032
231100
210031
3024001
3303001
1240000
1004302
4300021
3201010
22120
2002231
301033
2040022
113200
103420
301222
3033010
300313
30310
220312
3020122
3031021
4002022
240001
132022
1200310
2200042
343
13201
1213030
2004004
210103
313003
3022003
1040200
402220
121000
133201
321103
3200320
400042
40402
24001
4031020
4402000
3020002
330103
2023300
1130023
3103201
2002000
1234000
1000024
21310
22240
3320020
1031302
3210400
130042
304120
2233000
30040
2040220
2203201
2300131
2220220
230140
110002
1100230
2031001
310210
1330300
1203022
3201301
3022201
21220
13123
332020
1302220
222310
320212
1210003
1132300
2230012
2100034
1200001
3214000
3010123
312301
4001302
2310310
1201300
403012
101302
23401
20242
2410300
3103021
3102004
122002
120340
232300
1000240
12430
300004
3011020
2000014
1003204
104023
2031301
430201
201313
12340
3430000
40330
3110023
3011203
2131
2044
1300033
233011
232210
1030312
2200420
12301
4030012
2010322
2200
204103
2023000
340030
200023
2003113
2032
1432
3302200
202204
200113
32221
2001232
330130
24310
4030003
130303
1040203
120103
3020020
2003230
1310302
2303110
2201203
104203
321010
4231000
2030200
3124000
3211030
3042100
2140
4210300
231310
22033
2032102
2033011
2004130
1300000
2400310
2301004
1100203
3230101
40210
12310
142
4200202
2030401
10231
30031
4000222
2230201
203002
3400003
1020013
30034
100210
3040120
320221
1200430
3000310
2201023
200203
2002204
431200
124003
33211
4130200
1033300
2032000
20002
12130
1223002
2023030
2202301
2101033
1030132
3221002
133102
3310012
4030000
2200213
123130
2110003
42004
1231030
1330120
103000
100300
2300401
3130120
3301300
20410
1020010
22021
1203100
120322
103021
23014
2331001
4003300
4012030
2203210
4310200
4000231
2000332
12043
21004
31012
1003330
1030
130102
40204
12031
302014
4102000
402100
21331
214
2030023
1010302
1002040
3212020
131020
1231300
1013230
130000
3100042
130204
203011
1003012
2320120
331120
1330000
31303
2003203
2043100
4300012
1304020
3120400
3003211
241
1330012
3002002
2013202
3101002
410002
20041
4200022
1003120
1000021
201004
311200
1300201
241000
201103
2122
2200300
430030
1033030
22
323110
3040030
123301
43102
32203
420202
2020030
1232020
1001320
4022020
2100013
3013120
3020014
3001204
2100403
3222010
3230110
122203
34012
4320001
231013
1002001
1100002
4031200
2013013
1020130
22231
22030
240202
20104
1123000
10312
3301012
231031
2011330
3302101
2023003
230410
210322
2301310
1200130
3110032
100231
2102020
34030
2030212
3130201
221032
210001
34102
1300003
4200040
4002010
2202010
331201
3100000
4103002
4020310
2200201
2023012
1004200
3313
12304
2323000
1004020
3000133
2222200
1030213
3322
3012004
22210
1243000
2001400
110233
14320
2030311
2100313
2003200
110323
3021004
3201400
2103022
2041003
1030303
2030110
203410
400330
322201
400420
2031220
20200
3020101
310102
31240
32212
2220031
1013020
3021022
42400
331000
2120320
1300420
2022100
220204
1030300
2302300
1223200
1040032
2000422
400222
220231
4210030
1003024
1000210
2043010
303220
101332
100123
220303
1301200
2103130
1100320
3010
210403
203014
3310102
2204020
1012
21301
13300
1002031
140032
2002003
2031130
310330
4230100
3012103
3310000
4201003
331
4202020
1200403
3000130
231103
43210
43012
1300030
32230
3211000
3110203
2320102
4200031
3010012
2230300
1210000
2220202
210034
3220030
2032120
1000324
3012001
2130100
2040004
1010332
102232
4120300
2410003
2202130
3300022
1100032
3110320
102301
3013012
3033100
2200321
112330
130201
2400220
2230
3032002
1033021
202012
3000112
1024030
2030101
3340
310321
2104030
120301
1234
240031
203113
302113
1423
3400030
412003
222220
202021
12232
2100304
4201030
3211003
310222
2042002
20134
4004200
3310
220120
312130
2200000
2340001
313120
3403000
311023
2030020
1021033
2022004
3131200
3122020
231010
121003
3300310
312310
21223
11023
2242
2014
203401
10213
10102
3040300
1003042
300220
2030041
1400002
1004002
2033200
203020
2202001
32023
3400102
3024010
2101
3211
3010033
1300312
402400
2410
1210030
3102010
321001
10240
3004003
4302100
2000323
3023011
32104
4042
3004300
230401
2341000
202030
20203
213301
202210
4300102
1103020
2400022
2113030
2002132
112033
322102
2413000
3001303
1233100
2300110
2004310
412300
13231
3300031
330022
1321
323020
4220002
3001030
1012000
23302
2022040
43021
3310030
231400
202303
2003041
1000432
3030211
3000412
2224000
2220103
200332
3420100
3001021
4120
1132003
320020
1300210
4200130
2130301
33400
3130
2003221
3200212
2113
3310300
4040200
133012
4103020
310402
40102
130030
2032030
4004002
2013310
4100002
1312000
320023
322021
12403
21232
1030003
3101200
3311200
300112
3202030
2210320
320002
2201002
3000403
2430100
3021130
442
3212002
134020
2013130
1032022
1020340
3100402
310042
3421
1302100
1320400
1000423
3231001
211000
103024
40132
4400002
4400200
2200240
1100323
1013032
3120301
211330
41020
11233
3043000
1010323
421030
222130
110230
320110
3001042
3300202
1030201
3220102
134002
133210
3022210
340012
300202
3301021
233200
1240300
300130
2013001
3103120
3031300
2321200
2013040
3321001
2420020
3120040
120001
13012
2002240
3002032
1023130
10033
2010034
210313
4220200
3400120
1300321
1402000
2110033
1013203
3013210
4032100
2400001
2221030
23230
4200001
3132100
240400
204202
322210
3130030
300010
43003
1020313
32011
2203003
2200102
2303101
112003
32122
3112
2242000
2000131
240022
400
1300
124000
41200
40240
30133
1222000
1302400
3030103
2300032
12022
4000030
2010301
210043
3001000
303202
200323
1040020
340102
1320310
1200220
2003140
240103
231220
330202
142003
201001
3301201
3102202
3203002
4032001
120031
100234
2140000
2310220
43000
2023102
2030203
3320110
2300200
1031320
122200
22330
3202
301123
2213002
10330
1000312
100240
21340
3320002
2103400
2000341
120043
200314
3023020
340003
13303
2021032
3121003
440002
103240
4120030
13402
2320201
2010403
2000221
3010420
310204
11302
322003
1100332
131200
12313
2103001
2103040
30322
3101023
4000003
3310021
2420200
302320
302203
2004400
212020
2230030
322300
1220230
2202100
2000134
3000340
211300
320104
420400
240220
203122
12220
241003
3300013
201220
301330
2030011
4240000
203203
1023100
3023110
1240
301000
220330
3130012
4300003
3402100
3210031
221002
3010120
3010321
301213
33103
34300
3200011
113320
33121
2410030
2002042
3012013
3403
4003102
4010203
1003222
2301013
4201
300421
3122002
2020033
2231200
3121030
231202
2320300
2020402
2000011
420022
3311020
13420
2012320
310132
2041030
4200301
1420000
2103103
3322000
2303002
2201200
3102100
3024100
301231
3220000
131230
230212
20131
2310100
1202200
1040023
201340
31132
2230102
1203103
2010430
30013
1002010
103321
1000330
202033
400102
330301
430300
130300
1023310
4020220
303130
231301
102010
3040021
1231003
10321
4420
30313
3222100
432001
220420
210202
1020001
223030
130312
21313
1003030
2130103
130003
31300
1022200
2000122
420103
310300
1312300
403
4022200
1020322
1002103
3102103
1230301
3022300
1320301
1020400
3122200
310312
303121
3200020
2120200
3203011
22123
2123002
33004
30403
3022
430012
12133
1300300
3202012
1310032
1200013
1002403
3300121
1322002
3014002
2401
202240
1040320
1022023
423100
123040
120130
200110
3020410
1403020
3002221
21013
2024002
22132
3000124
2204200
3000421
3010303
1103200
201202
3022000
33013
1010203
3040
230113
1320013
3223
1002202
310213
22222
331021
1004230
2030032
133003
1204030
2200021
20212
3232000
200041
14302
140002
1230310
1031200
3011230
321400
1133002
403000
1430002
3303010
3003013
403300
1310230
30232
1010020
3420010
2330020
100321
2003410
331003
2001340
110200
130321
34120
2224
1021
3032020
3000214
20404
423010
2300122
3120130
3301000
43030
1000204
202003
1342
3120031
2220310
2113000
2310400
312103
2341
2340010
3021040
2002024
212320
113203
1012303
2302021
1020301
3000322
2013220
420031
33100
2304001
1313200
2044000
2020204
10120
4021000
102133
1312
4300
200002
2011000
2002210
2000431
100033
2040130
2031100
3140200
120022
2120302
300400
43300
402040
244
1103023
312010
4100020
310033
1031203
3100012
3312010
3023101
3020221
24130
2232010
23410
430210
101023
2030113
220042
2202310
1001200
2001040
342100
2210002
3200410
2103202
2400031
1034200
1032202
2002222
310024
20413
430000
1013002
432010
3003130
2201230
2002213
201013
341200
310420
40420
4132
3301003
301102
420130
2020201
1213
23203
203023
1021000
10
3100222
221320
223201
2122003
132301
2020321
200143
3010102
41230
3102220
1004203
2002021
314002
1310200
313300
2230210
3220300
3231100
3100213
4040020
3100420
241030
2100331
4013200
4023010
1210330
1203010
1302010
1020304
2320
4100200
2003101
3140002
34210
3301
2003032
1322020
32320
102220
313012
3223000
4002001
1003240
214003
3100030
103312
30142
100303
3204100
3021400
34021
313
1032103
201010
303001
2313010
330112
1000033
4000
3400210
3002212
1302202
304030
1020220
3210202
224200
102022
1303021
22201
43201
104020
102403
2100133
300103
1000132
3103012
3000400
2201320
40
3011200
3000121
4000024
3140020
400231
131203
2330101
2200231
21043
2400202
1400023
2223010
1220200
30043
220024
302212
2000020
1303201
2203021
401032
3010312
4000330
1230130
2022202
2003011
243001
4004020
1002232
3412000
201430
3004000
3120013
2301010
1200133
2020231
1030024
3200032
3204010
322120
1030120
20023
4120003
1201003
1200031
2010304
3220120
310201
31420
1320220
2300101
101032
32110
4132000
1102303
130330
4020130
31033
20302
230104
3200302
31000
220213
1130032
400132
2200120
2020330
4002100
2020420
222010
3023002
310
13321
2104003
1003213
2000113
1003033
1002310
2000440
3202120
1032400
1030042
3101020
130210
301402
2133100
3202201
312004
330121
1000231
303004
1022002
310240
4204000
3130021
10210
20011
2400010
4200004
3030022
1213003
3410020
4000300
3000040
4012300
30412
1103203
2003002
2022031
1003132
10423
303211
4020400
1400032
2120203
1303120
3100201
120232
31222
1420003
2030131
103
3100123
210133
320401
2134000
403210
312220
12004
3004102
2400013
2303011
3010240
2404000
3040012
2143
3003022
22003
1020430
1030402
3200101
312022
332011
2123200
4002040
133030
2200210
300232
4003120
20320
1000
420001
221200
201310
4201000
1203031
400240
1420
4030102
330100
1022302
410020
3032101
3412
4021003
1000003
2220400
1032100
1023004
3100120
100012
4301020
2310010
2040100
1002013
132103
4402
3214
1310020
2301100
210430
2020300
3041002
1043200
2004010
3203101
403201
3011032
3010042
3013003
2020
210331
3021103
23113
3331000
1300222
2100322
2012302
310120
2310301
1342000
2100103
1024000
220
4000042
1300042
20422
1030330
1332100
23200
123022
300121
4001230
2022022
3102040
4200013
3012010
3130003
42010
1001323
330013
1020310
1002004
143020
22204
2020303
202300
2301220
2100223
3201220
3011002
3033001
1230004
2103100
1302001
1012300
1003210
310003
341020
2002321
123220
4130002
1023001
104200
2401003
1210300
302200
1023103
2320000
3000301
4021
4020013
2311003
2300104
3120022
423001
203104
2002330
322
2003131
310030
410203
3022102
4000012
1023022
303013
1021003
1003420
332200
201322
24010
34
313102
1220302
1012033
2023021
30421
2200024
140302
2210302
1203202
100102
4000201
1120003
132040
20014
4400020
1022320
3003103
1330210
3241000
123103
42310
41032
302221
223003
2011303
120313
202120
101002
2302210
2034100
1000201
3320011
2030302
401203
120403
2014030
13030
1333
2301031
2031013
1020022
14203
302020
3300004
421000
4200103
1432000
103003
100030
34000
321040
30241
4312000
23110
3004021
3200023
2223001
2300014
3313000
400204
240004
102430
2002201
1230001
3011023
20113
2000203
222004
133000
130
2000101
3220012
3300010
3010213
3031120
3110200
1200202
40303
2030221
200122
2222002
2012032
2010400
1202203
1230103
213010
2303020
2000224
3013201
1032004
3101203
13102
4200220
2200030
3102013
410032
4300201
1303210
2012230
3201004
4123
4300120
3000331
2110300
33022
311302
3030004
341002
22420
1003102
130222
340
1303000
303022
2100220
1100023
3330001
4302010
2021203
132220
1330003
3031012
320011
213040
4033
1000012
3200110
3040210
3010132
1040230
1200043
3104002
100243
400000
2202040
2011030
1223020
2220100
1100302
2010100
2010340
140200
230101
4100302
1002220
224002
4001032
1200301
2314000
2102200
2042020
2020240
1030321
3000001
200431
3240001
2040001
103132
311203
1331200
4200100
230302
2100310
2031010
30304
23041
4130020
213130
100342
3030121
1013320
4000321
1233001
223102
2003320
3030040
103102
10402
2000242
3000430
1330102
320113
3030112
3040000
342010
40201
3201031
1202023
1203004
32032
204004
1123003
3002122
1102330
2010223
230131
102013
2210032
3003301
2401030
2132020
301303
2103010
142000
3010030
400033
2122300
2102320
314200
42022
302401
4000132
2003023
2301400
2041300
2000044
300142
3003100
24004
2011003
1323100
1302130
2031040
1001332
102400
202312
3012130
3320200
24220
2101000
2302
3201103
4002301
3201130
403021
210301
203302
2220010
104302
1022032
1200304
102304
100222
3320101
300310
1032301
2013103
200224
2034001
330004
2101300
1002034
4103200
2020120
3120100
1120330
3030220
3000304
2322100
12001
31321
2302003
3020401
2312002
1402030
2000413
332101
3002230
12034
2431
1304200
1300120
3220201
1222300
2212000
1230010
2001133
3010204
3330100
30301
200011
20431
2130013
1302301
23221
2422
2310013
3402010
402010
2011300
100024
302410
242002
3001330
2420002
2001430
23212
3013030
2310022
1102300
2040010
4002130
2100232
3310210
300100
2031004
3120001
21100
3030010
1022020
2020213
1001302
221203
201034
320131
2100430
1033120
43
1220320
2102002
11203
1201000
2013010
3201022
103123
1022230
143200
203230
3400000
2300041
32041
2311030
334000
41203
2332000
1202230
1102033
3031
2131030
1310002
1030210
3102310
213400
113230
213202
3020311
2231020
20044
330220
10030
4030210
1033210
1033201
3003112
1331020
1200232
3103
213310
221230
2320210
1203301
1003231
112300
120310
31102
2132200
2021023
3002110
2003302
4020031
1032010
3121000
2120002
2012023
3110230
102034
1320004
400300
113002
302131
4230001
3400012
220021
2400040
3200122
201022
13222
12040
4003021
301132
3101302
1100200
3102400
220210
110032
303040
4002103
1133200
3010300
200140
2120230
332002
20311
2221000
320320
1310320
300034
214300
200440
42301
4300300
4001200
2033101
2032021
3020131
340210
42100
13204
330211
230023
430021
1220032
244000
104230
3220210
420010
3121
223
2003311
3004030
30100
112303
3001024
121
1400230
212203
32014
13330
22300
222013
101320
2014300
1220002
2302201
1301023
1023031
1010023
2001130
22321
3200002
304102
3031201
4000420
2030410
13132
4030201
422200
213103
13033
3201040
1003021
2031103
3030013
1303003
1000300
1313020
320140
4123000
33040
3312001
1012030
30223
222400
300241
1322200
123004
2134
112
3300220
2034010
2314
1430200
340000
1340002
2101303
23020
23104
3031003
2203
100402
1331002
4201300
2140030
2300212
2010130
402202
2302000
1200010
404002
213220
203131
13210
1002400
1023400
421
4013002
2004013
1002043
200212
2220040
301300
1200223
2200222
140203
2002300
202231
2203300
2210020
2220001
2332
430120
132310
3003310
1023220
3120004
3000022
1203220
222100
24031
3030301
1200040
1323001
2000023
124300
321310
302041
3304000
2130220
200230
400123
3030001
410230
430102
120004
3012040
320410
3100321
202201
200044
3022012
20140
100
22000
2213020
22303
424
300013
1321000
10333
10342
3302011
2240200
2012200
1320022
3211300
1032031
32200
2000140
4
422002
21103
1300132
2131300
300001
200131
4222000
2020000
202
3014020
4102003
3012301
21202
223300
240100
3123010
1300231
32020
3200311
312040
3100330
3012022
100423
410023
132130
110320
3210010
3000211
204031
4000102
1303012
2012203
201133
2212
1324
3303100
1320010
401302
132031
3000010
2203012
203101
3021301
10222
220003
220240
30121
2130001
2400301
2040400
2001004
240301
3301120
4100023
1020100
212023
13024
2340100
131002
11323
212200
14002
24400
340021
1
432100
2000410
2212003
1130200
2004022
4000204
121330
120202
3021031
21430
3104200
240013
1023301
2140300
1200022
321022
2402002
3210022
113020
3004012
1001032
2100301
300133
1012330
3012220
3420001
2023201
4000120
2000302
103012
42013
2000230
2300140
23032
131302
3010222
32113
103303
1002223
1003123
310021
12100
20020
2012020
2101330
101233
1000321
3302002
4020103
4010002
1321030
30004
2010004
4102030
442000
431002
2042200
202000
1200400
2001202
4240
3034000
2103220
323011
41023
4000303
33310
2323
402103
212032
204130
3300130
1042000
2001322
3021010
3001102
301042
20230
40024
210004
2130130
1203130
2002120
400213
3031000
2240002
100204
4330000
30130
1000120
102130
340120
4310002
3201001
130132
42103
20122
1000402
2010022
2310031
2110303
2103310
300022
210022
1230220
40321
204013
200320
30220
2011033
2031400
1032130
3220
40000
3101032
21133
1123
2000002
1103302
2014000
2001103
2113003
1020103
210340
1133020
310303
2103301
304201
2220130
2022220
2004301
412030
232120
304210
3300112
1032040
3200203
2301130
2203030
1420030
2312200
102322
11230
4002202
2032300
2422000
223012
220123
202024
20440
3004210
4210003
3202000
1002331
440020
140023
222301
132004
203041
40120
2304100
213022
210010
40231
331012
31042
1200313
2001301
2023
2010043
3100210
1202032
1023040
223210
201331
44200
330040
2102203
1300123
233110
2120023
1001002
3201202
11020
3100303
2430001
330001
200020
1020223
2010103
42202
3230002
1330201
2120032
1203040
2100022
1020331
133
320311
3000013
312100
1033012
1323010
413020
20224
1043020
3100033
4003
2000143
242020
1300330
1000102
234010
204040
3012310
2403100
302023
300223
2020222
3123100
2320003
2110030
400120
204220
1220020
2100202
2031310
400021
104032
102331
2132002
3124
2010331
1130302
32140
40312
302002
140230
314020
2200033
2102023
1030420
10201
301204
1402300
2020021
33010
1033003
1023202
3002311
1330030
211003
40213
4013020
2300230
3012031
323101
3002011
2401000
1010320
321031
1312030
2004202
3210013
311032
1302040
303031
2301001
324001
14200
2110330
100333
1002340
3222001
102202
1340200
3001240
121033
22213
4024
230311
1301002
2100004
402022
40123
1003003
2002312
120304
2232001
130420
3002014
2033020
11032
4010230
220300
2101003
231004
304012
3020320
3020212
321004
1002322
2300320
1230100
2301103
212302
3321100
4301002
320200
20221
3020023
40003
1021300
2000104
103210
1302004
3120010
232201
2240020
303400
321013
2302030
2001220
2330110
3331
3000232
4020010
4002004
2000233
1300213
3130210
3110302
3010201
3300100
1002133
100042
2041
1002130
3410002
104002
3012100
13003
102313
3040003
4002013
1100233
431020
4003000
300301
1210303
2402200
1103230
2013031
210100
40012
20101
1000333
133300
1031002
3001321
1400203
1032220
1031020
404020
210232
210304
1203013
1002100
1001233
232
201232
3010210
12010
3000241
1232200
122023
221302
232000
402013
3001222
3100300
31312
3210103
2001010
3240100
3112300
102310
3001402
322030
2410000
331030
214000
211033
4000033
2133010
1021030
1032013
2001223
221020
1400020
2210200
302230
33130
3120310
2104
4000312
2003020
1222003
20332
404200
210040
3001120
3100003
1130203
2300221
1042030
2010220
3000142
1132030
312031
301240
1300024
312202
3213010
1420300
2100040
103120
3300211
4000210
2023120
231130
31330
1301032
331300
2000032
321130
3300103
2000314
2131003
40030
2001100
330310
2313100
123031
2030230
2300002
2310130
1040302
4030
3020110
12400
4230010
13021
1320130
3210100
200104
1403002
2202202
4012
1210
230230
3102001
20341
2001310
3132010
3103102
121030
13042
2030122
1130020
203032
40300
3001003
1400302
1123300
1004032
3010330
103030
1202002
2040310
2001331
2221003
4204
22312
230200
313021
2221300
2103004
2040040
2022013
1002313
304021
2200303
3113020
3312100
303310
433000
2012002
3002020
3001201
2130022
1302031
3400021
133120
3002023
132001
130240
201043
213013
3000034
3000004
2213200
134200
42220
4010200
201400
20110
204001
1321300
420220
123013
324100
21400
23122
31210
400003
3010021
1222030
2402020
2232100
2104300
3110020
44002
3020200
1321003
4000240
30430
1010230
243100
3204001
204100
10324
24100
2202031
2300410
2000212
2230000
2143000
1204003
1303
2001001
2301202
410200
140320
130012
201304
1300021
3021013
1040002
333001
2311300
232102
230011
2230021
40222
1042300
2031202
304
1022203
4310020
103300
2010310
3100132
3130300
1402003
2122030
300031
200014
1303300
402310
230320
1220203
2101030
43120
3002302
2001043
424000
3103003
3230011
2301301
123400
103222
400312
101230
301420
1013023
2320021
2040301
3004
1203310
2002012
4100203
102043
2210023
1200322
2310040
2022010
1012003
201040
320230
3200140
331210
400303
3102022
243010
200101
311002
1102030
2202220
23002
311320
11200
1230202
2222020
2003212
400321
131320
311020
3001231
33112
2330200
33301
30010
212002
101323
3001312
2200330
3030031
220000
1233010
1102003
1030021
213031
130213
3030202
1201
3210130
100324
3002401
4200010
422020
400024
210400
2440
4002220
2024020
420310
201031
42031
1301320
2002402
2010010
1301302
402031
4102
30112
1332010
3031102
102100
3110002
103213
3020041
2130031
1020202
3210301
21031
2203102
2002033
2331100
232003
2220022
2233
3120103
4023001
312001
2200132
200341
12103
1003300
2031031
3202102
1310023
2000404
223120
121303
30124
2003110
120223
1033102
2102032
3302020
2230003
3001300
123001
100432
4320010
2300311
3100102
132100
120133
102031
3022120
301120
4003030
3000031
2440000
3200401
3032011
1204
3142
2002030
1002304
4001023
21001
2221
1034002
2020123
1013302
2320030
2022301
10003
223021
4000000
3210040
3200131
231040
21022
31204
2003401
3100
3400201
321202
13213
4020004
2001013
2202400
1302013
3210220
3100021
303100
430
222202
1330
24040
4200310
2040103
402301
401020
202321
3300400
1002430
1000042
120010
4320100
2004040
1001023
22402
302122
1120303
403030
2204002
23101
3000202
3203110
201130
3041020
1030123
2010232
122020
3014200
10243
2311
233002
2103013
13312
1340020
1030000
2004100
31
100213
124
4202002
41320
1031230
2113300
2102302
301030
3401020
400210
1240003
3020203
1313002
230032
330031
2004103
132202
4020202
3410200
303103
2000320
3221020
41002
3330010
1123030
2022310
1002301
3130102
3100024
3013102
321220
100000
3002131
1403200
212230
3302110
143002
3011302
4024000
3003001
220030
1220023
100021
312400
4303000
3000043
304000
2013301
2010001
401023
200242
1024
3000103
1030030
1130320
1204000
1300240
1013200
40042
3230200
4203001
323200
2310004
2100400
2022103
3202210
400402
4030300
301321
3002410
403120
1120000
3013
3001123
330400
211
3231010
302311
4102300
4023100
3003202
1300402
30022
2020024
4202200
421300
112030
1312003
2212030
230002
3400
3430
13
233020
1210033
3213100
410302
310000
313201
3030130
103330
33001
1003321
222022
1000030
11320
3020230
1201330
2032012
2004001
3104020
3100312
413002
3301030
203311
1300102
2013022
2030140
3200221
202330
130033
3142000
2312020
3043
2000311
4000123
3021100
2131000
2310001
3012202
14032
302101
3200200
1010002
320302
3220021
3002104
2321002
1003
2002303
100420
4002400
2320012
1103320
3001213
2133001
304003
123010
3002113
301201
3030400
2230120
220222
3010231
2200012
1132000
1120033
301210
3002203
3040102
3020302
430003
142300
222001
3031030
1102000
2400130
2002
4321000
103201
3201310
3002101
3203200
300040
120100
101020
340201
4213
30211
3202300
300331
124030
4300030
304300
303010
2001304
120331
1333000
31201
1021303
2010031
3112030
23311
2311000
1201303
210130
200422
2122000
4100032
4030021
30331
30001
31120
4213000
100003
32311
1033000
1200100
4020022
1004320
133021
21034
103033
3001033
4000402
31123
4100320
2100130
401320
102223
3002140
31213
333100
120400
32410
2202013
201100
302110
3010003
2201032
1001203
101200
4000213
22042
3000313
2033110
10420
4010020
122230
231022
3002041
2302012
201403
303112
2200003
3100204
2021002
2330011
3310201
1102
1000000
402004
332110
302302
2430010
1303102
2020132
220321
4021030
1200004
3401002
102103
320101
230020
20233
1030204
202042
2303200
313000
1213300
1320040
1200034
1003402
240310
120220
3103300
3012400
1024003
2003104
113023
100201
310012
4001002
3003010
31030
3021310
4302001
100120
1230031
3210310
2000401
1020403
12322
300211
2040031
103231
2300203
1200331
3100240
220102
1231
203200
1230013
1030012
1213000
1200340
322000
3200041
4020001
2130202
222040
210310
3310120
313210
3202003
104320
1120300
2220013
1033
3301102
301024
3003004
402130
240040
232012
22012
34003
2400400
3103210
130231
403003
1032001
420040
420013
204022
202402
200134
10042
1202320
3023200
4003012
2210203
1204300
324010
2300302
223000
1301020
2300011
3102301
412000
142030
103042
4020100
42001
1020043
21403
331102
1130230
2032201
2030104
4022002
3113002
401002
130402
311230
24202
1330021
122320
