4300310
240020
3002402
443
2240030
2330102
204302
10031
330014
3100133
221033
2420
30413
3003221
4300013
4300001
2230130
302222
3030131
1000433
2000243
2204030
1020203
130400
1301000
2012330
1031300
1030130
2020004
2123000
1310003
1303310
130331
103034
4103
1303301
3400001
3130301
131030
100103
2324
2320010
3200
3332
3220022
3103001
3301310
1004030
3240020
230204
13322
132302
2230100
134030
4202300
203030
122003
3200012
120032
3340100
4000301
1400330
1304030
3100043
3301004
31430
1340
223040
422000
3303020
2200103
220400
4020032
3310202
4001330
1203032
3100010
2000300
1103330
3130100
203300
2004002
302210
3431
103103
3010010
42320
3002300
1022000
110000
3300014
341
3030203
1333010
3103031
4022
30140
333200
2200001
2000231
10313
3031022
300044
100223
2223002
1023023
223031
2002100
413300
232100
200210
3311000
1032002
10301
3001322
1223
41
3330020
3212300
2130020
400301
1100033
4130003
1030133
200321
1034003
3103130
210323
3000041
304022
2000303
323300
3020102
313100
23222
42230
131303
300410
2200034
3420200
33131
3023012
322013
10043
3120200
3341000
1310030
1004303
203024
233021
110033
320000
1230320
1300301
40403
4001
2132300
42302
2003123
2002004
130313
30311
2021303
23012
3101
2234
3030041
4220300
3221300
430202
310100
3004031
1133030
4330001
2002400
133004
33230
3310001
3012023
3010322
3001220
303221
122
2300204
2023100
3410000
440000
130130
200234
2120300
1020233
233300
300233
3133010
311033
310301
1200320
13301
131330
3000422
230303
320132
3310100
3020123
230222
13103
304100
1100300
2043200
3101030
422003
1130303
33320
33212
200000
13340
1223000
2220020
3011003
3030101
301043
2030303
3204020
1430030
1203200
402230
101330
1430300
2233100
11003
4300103
4000034
2034020
2022020
12323
20231
420230
123200
212003
4032020
1000034
203312
330401
3022130
3331010
2003201
403220
4300022
223004
201023
3330011
3220031
312023
3200300
23024
2033300
1433000
2200223
310133
4300010
23030
32213
3000101
301220
410330
4003400
1320002
2020220
202130
2032400
3020222
40004
4220003
4020230
1003202
331310
40133
31403
330221
2320001
1002233
120233
4200200
2321000
1031033
30404
202040
300032
402200
100040
440030
130301
103340
3410300
331400
2240
2204000
2300123
3140300
3232001
323120
1022033
2030
3113300
4000322
4002230
3101330
320222
3043010
33113
4032200
4000304
1003331
3422000
31304
3040400
4002020
232310
303014
3203030
2300102
1400003
2020322
1023200
310013
20210
3002030
2020001
3014003
3004004
2400302
2301002
2030042
41300
1200302
40313
330311
4043000
2403020
1232030
1323020
1304300
314000
1304003
300230
3022400
3002132
4022003
2230400
320330
300002
2023001
34004
3300131
1330013
2024003
220013
104003
3002000
2020130
4003301
30323
3210302
301133
3030311
2203301
2000102
1313
233003
113000
4202000
2203220
1003103
3020231
3122
3220010
1300223
3232100
3010040
321200
4010030
120023
1313300
1202003
3100232
3010220
204320
4031000
2130023
2330
2022023
323012
302123
1300313
2004200
34013
2120
43301
4103030
2302130
310331
1003403
2003012
3101000
343100
40001
2220002
2020310
313013
3003104
2300024
20213
3001100
2402000
2023040
2132
303410
4002002
1300304
1023020
3303002
4040003
201320
103313
301004
210332
324002
1031000
1030010
3100100
30113
1010330
2323100
2321003
303320
3300113
20240
4000043
2102033
3300221
1032230
3210002
3104003
303122
3140003
132230
220040
2042
2240300
222203
343001
113303
210320
3010001
1000043
1202000
24200
24230
301013
440
131
2023400
1030043
313103
3004301
3300122
1230203
2003402
330113
3230030
2033030
2023310
3002
200201
322100
223301
3040301
240200
233120
31001
2000033
2010023
4203002
2042003
2032301
210302
4230020
2203031
1100030
3231020
3021002
2003330
1030331
113300
43400
2032310
1020002
4040
3001004
2300300
1103003
3403100
3002303
1300043
2023130
1020323
3200102
3020120
4010330
440300
202103
2030210
3202022
32012
210032
3000023
2320004
222320
202310
40331
32222
122303
3340001
1330310
3123020
40220
301403
2331200
2203130
2200040
2002301
1000202
4103003
1300010
310220
1010300
3210230
104030
333020
1223030
30233
43220
2020010
3400004
1301030
2100323
3011033
3222002
3001223
1223003
30203
1030103
1002332
431030
4300220
3040022
23240
4230200
4000130
2202320
2030024
233201
204032
31031
1202033
1022303
2302040
3202031
3130004
3022220
3021032
4000031
1233200
2203040
1003130
1001303
22040
3300110
30104
303023
4303100
4010033
3104000
322022
30131
22223
322001
313004
3002024
3032000
2423000
3320120
11333
203240
1001033
1010
2302103
3200123
201032
21320
1331000
3101003
3002042
2010203
3230210
4033100
2310320
1302203
2010233
103130
3040031
312032
3032201
3100031
100430
2123003
2012303
3302102
313400
122330
340013
3003140
2320130
2020013
3323
340001
22130
31100
32312
104330
3010004
3024020
4040300
4030400
4001003
3220001
202202
130100
24302
332021
3040004
3022100
1340030
230033
2100302
1030100
313202
304010
3001313
30134
3300302
1200233
3404000
42023
24020
3201320
3203012
3311
3102200
4004000
2323001
1100003
1010033
42200
3233
1300034
4320002
3300212
14030
3034001
2130230
202331
324020
202304
1310303
1030430
3201032
3020303
344000
3230300
1300100
2200133
13331
3000221
330212
4000001
2103302
3313010
3023210
1032302
3020021
20222
320213
2133002
1004003
3220400
322202
311030
303230
302033
1003220
3221003
3000341
2022002
3004400
30041
4100300
202034
23210
23312
23042
401303
313040
321023
34400
302204
3123200
413003
430301
202301
40301
1333100
303401
1300013
3002222
1023320
403022
103400
3301301
210203
12002
4200032
1300430
202043
340010
3031031
3410
4000040
2230031
313010
22013
3300140
2200331
2032103
103010
332201
321032
10223
20030
1003304
103043
43022
3300410
32300
3403001
3132002
3202220
11303
2130302
2001002
304031
3000014
23000
201332
2003300
30143
2210030
423200
3011000
22322
1003223
42020
1003004
3201023
220304
31004
3020201
313301
110
2333000
4020023
1030223
420302
3040040
3300002
2032013
100202
14003
30440
2042300
200243
3000314
1230032
40202
3003020
1313030
1033400
3223010
143030
2321300
331202
3134
4301030
4003013
300320
2031032
302321
222302
3004310
3303110
1310300
300104
21200
4004300
1202300
2100230
400400
3042020
3300020
3220100
322004
320120
3200321
2002103
230231
220022
33101
2303000
233030
3200231
3010313
31133
3012032
2222
213320
301304
303110
2024
2301320
2020040
3210320
3100103
3002201
303032
1033022
310313
3003320
33200
1032020
3020210
3020321
4200230
2203010
400043
3024002
422
210002
302012
2230310
2000012
240032
223220
130223
1302002
1200203
40103
1303130
3200420
430031
102203
20420
3200330
3402002
133103
232301
20021
431300
223100
101300
3044000
3014300
301430
301313
4010000
1220030
1100330
223010
21302
1013303
123023
2320100
2330210
2031200
400322
1033202
3013100
230312
4022300
4030103
2400020
2301203
3004100
2001323
432002
203021
320021
40232
3030032
2100020
3130010
242030
33023
3032012
1403
400304
222002
3022310
3001022
3113030
3132020
3102020
2231000
32123
30101
3020003
3100331
223400
221330
203420
4200203
330203
330032
2200400
3120302
2100200
322040
303311
2030330
2032130
2201330
202313
1230002
203000
102023
3040100
32120
1400300
3000431
3023000
2130203
2033102
331130
3000110
3120203
312302
40430
3301010
304040
123203
12020
4030001
2000330
1034030
2003204
1003013
2223020
3102302
3201302
34301
23021
4202030
1230302
1003133
201020
314300
403130
221
3000140
2010323
432020
3013013
20234
31310
2033120
3200030
2020223
3220310
4002320
1233002
213230
3400220
4030100
2033
120302
103013
4130300
3430001
3201203
240023
3302120
204230
21332
4023020
3012002
3031040
220031
24023
4400300
4000313
1220033
232010
301022
333101
33122
2302301
1030322
1003310
420200
3013130
3000143
1330220
3100013
4313
1322030
34130
202010
4040030
2200013
1300004
1034300
1000322
2013002
2002043
321302
3301100
1331030
2132003
30401
113
3040220
2320400
2100332
3122300
240203
2020133
2003312
1000232
1302200
1303202
3123002
3210032
103310
2331020
1304000
303203
2300213
4200002
1203320
22004
210200
3140
2302031
3220040
3203201
3200240
1031030
44003
3203003
1023302
3110000
2021000
1030022
2031230
31223
2210300
2040230
33401
4020203
230402
302102
3330110
4223000
4103300
1203023
300323
4130030
103232
3010403
2020103
3400130
3202103
32132
2100002
1004000
3331001
3000134
2300330
2300321
1030031
3113000
43100
3102203
310040
110003
3003230
1220003
2012000
3020042
3000302
1032203
334001
1403300
2120033
311303
413
333110
1000310
431000
201233
320321
331022
30044
3300230
402020
340004
300431
3224
2300402
2002202
400130
331004
2021
1200332
410030
310022
4030130
4030022
2032040
1033031
2402
3410003
41000
404
304103
3030221
310034
220103
202340
40022
13001
314
2013200
301400
3003110
3013031
3023003
2022203
2031002
2102
3001340
222023
30011
110330
3000011
1004
3203300
402023
130310
3031103
301301
33302
2302004
3131003
3010043
13040
1320230
2300222
2032100
3104300
32321
30221
130022
2321
4133000
2120003
3100340
3330002
4004003
332102
304001
1330004
300020
2023103
3312020
1003040
3204200
4003004
323000
1023203
1001000
203330
1033040
230120
303020
132200
220331
11030
320204
2300030
3140000
400001
1000400
313031
4003100
1220303
1323200
230030
3110033
423002
230021
2330300
130202
100331
332012
30224
1130330
232013
13304
1331300
2040020
3131300
43040
100022
2231
1323002
1043030
2032202
3100220
3031100
2200004
43010
43310
4030013
32030
1020032
133301
3013001
3001133
3303200
2023202
104000
3001430
3203
3100322
3313100
12230
301040
33410
330020
120200
203120
3101303
224030
120203
3312002
3001040
31103
1013000
130103
43130
410003
202022
2123300
3024200
3130022
3103013
2200313
400031
1403000
101003
3010013
410
2340002
2003321
41030
22313
1300133
1333001
322220
3304001
3222200
3300320
2310203
1302020
10400
10304
1103033
1032200
230
3020000
301130
31010
1004033
3200021
102302
103304
103001
213023
202133
3310022
4301300
2220230
2000021
21023
130322
4310000
1103300
1033001
1040330
2032001
13022
3004202
103004
330131
1320203
3110003
3020402
13220
13310
430001
200432
34031
300041
301100
1310
2222003
2300312
3000413
32003
3340010
10013
303101
300404
1100303
40310
301103
4000400
1000331
13013
2003231
3130001
200240
40010
2230301
2202203
2043020
221000
3103301
4022000
300401
202400
22022
3003200
20321
301223
300413
202001
10322
310430
2003000
4002023
1230020
33032
430103
430040
3023021
320123
3041
4300031
223001
20342
2202023
22403
23123
203123
3221030
301034
224000
4043
334100
433001
400313
200021
140000
3401300
3003410
300341
2000030
2123030
3010301
20042
33011
2232002
1203020
302024
1030001
14033
12320
3003041
34202
3102320
23420
2132030
2302202
31043
2002313
1322
2231003
1001
1023230
4100330
1000340
3110330
100034
4010300
220310
2430200
2001023
2000120
1100
1403030
140
2040023
1020332
3020300
4010303
1300340
3032120
103022
200312
4001033
2321030
1034000
231032
130004
3201002
401300
3022001
2013203
1013003
333011
3004220
2300231
2003120
3100310
1400
120332
3310031
300203
2030132
432200
3200204
4031003
1130300
1000304
31022
100343
310322
2300420
3400310
3013103
312230
322130
2300
403010
240002
100433
320024
43004
3001232
1030040
4031
2040002
402002
41033
2330030
1302302
133010
22043
33221
2220032
3313001
32204
100220
310400
4300202
130031
3301022
4230002
2120030
3202202
223022
4302020
3220013
300143
422030
100133
3021203
4003202
1220300
3020213
10343
134
1302023
234002
220430
331031
330041
1003010
3122000
3200042
230123
203213
20204
2403002
1330031
30200
44
2340020
1332200
240320
313220
10130
2100320
2200022
143300
3000404
4013030
1322300
2010332
131000
3011300
32201
1040
4320020
3322100
320402
301001
3302030
402203
100313
403301
3004013
4304
1010303
403100
2400230
10001
300311
3320003
3230120
23132
3320201
20132
3030104
1022300
4000013
101030
320303
430100
13232
1103
300242
133040
230321
340220
1322000
2301302
3304010
1303100
2004320
20402
304301
212
2022200
1003340
1000004
2202002
1040030
3001031
3020
230042
3400103
22400
4340000
1320320
2202200
13133
1133003
1000220
131003
10103
4403
2303102
1030220
2000432
3331100
4300130
3430010
3200402
133220
210230
2420300
203003
1033013
3013220
3010202
2320013
1001030
202403
3001103
2034200
2030231
3001304
22340
3200003
1203002
2023013
3202100
3010103
2240000
2312000
1030403
3310040
43013
102323
420203
2310002
2021300
2004302
323102
3000230
3113003
324200
10433
2012003
2030123
104033
3004010
331013
4303001
1220330
23
100301
3013004
2033003
2310020
4000133
1330103
302201
310004
13100
41330
4002203
3202010
2330003
320012
3133100
4003031
2430002
1230023
1301003
4032002
3000332
32
210020
3003101
2010320
223103
2324000
1330400
2010230
423020
213032
1133300
1130033
133100
20201
30314
4030004
322031
23402
2000123
204020
220130
200024
13034
2023031
4223
3003401
213302
3030230
4020020
1302320
2301230
3021020
4033001
40031
3143
2032220
2030240
2202302
1002203
4202
243200
3030401
2023301
212303
4033010
2003030
3100430
101
302000
1030034
130013
302213
300224
310304
2012
413000
1030301
3242000
3210200
3134000
20324
3221
2002304
330320
2301200
2030021
3231002
420320
202232
1130030
1203302
2032004
403013
3110
2003033
1313000
234020
43202
1300220
40130
3314
4030010
230213
40400
3011
34022
1330130
322103
40340
1230200
3200213
213203
401
4000331
333002
3310400
13403
1301303
1003001
304400
2231030
2230001
233
2301020
2302013
20303
103220
202013
311330
30242
31400
1300022
1013300
200
410033
243020
3041300
3323000
422300
2102030
400223
103403
3203120
400103
2204300
2030012
40100
1040000
132203
34040
2303210
3103004
11330
2120000
3002213
303113
303212
2030033
2310230
332120
232004
4000004
2200304
2300021
2040203
23300
10040
231203
1202030
3204002
404030
1043
3000410
1343
4020302
230201
1133000
2003102
3032
3040013
12023
3104
224
20330
2001320
2303030
4003130
1331003
230330
3301001
3041003
3010232
310031
303200
1203203
331103
132032
301232
2243
1332020
2024000
1013030
2003210
340022
14303
2310200
2013032
1300130
1300232
130430
2000201
3301220
2302022
3034100
1000334
22100
3032102
2302310
1300400
2030120
2302100
1303010
200102
1040003
102200
221030
1300040
30023
204203
200042
2432000
2302400
130304
24320
3004001
330122
3131
3310013
4300100
4300400
230300
3401000
3400400
2210330
3033200
2102303
133013
3010310
31232
2020304
3101033
1002002
103322
100322
300011
4000220
11000
433100
3030023
1303022
2033012
230003
42032
1103030
1301033
2200202
2043002
3003122
2003240
2003021
1000103
3103310
133031
33002
2001200
3440000
222230
2312300
2230040
1033130
223013
220043
3022013
222200
3030122
330104
343010
331010
303002
2123
303140
2120330
3431000
220322
23120
1400303
2022320
2033201
22301
1030232
2000321
302330
3320
4310003
4013000
4003220
340130
3222020
430220
123230
2021330
102032
24032
4313000
1230230
3420020
203204
1433
4200023
2130002
204023
3003302
2232020
1020023
2234000
20024
33104
10232
4202003
204200
100310
2400002
300014
3320030
4100030
30032
120020
24002
1304
2220320
2023004
232400
200342
3321002
342002
320102
2102003
2001020
4003010
1340003
2300012
1000001
230420
2000132
1330301
2024300
2020430
1000223
212330
2103200
2030321
3203021
3012230
3212030
210233
330023
1203230
403004
1033220
3132200
240230
24203
242300
3320012
2230022
1000343
3401030
40322
1200002
404000
4003040
3400100
31322
1002032
2000423
410300
3000212
2312003
320312
4403000
2032010
2022032
32024
14330
303104
3000203
400331
400220
1003301
3040010
314003
22331
4001300
3220130
130220
3033101
3000104
4232000
2420003
3021320
10133
1301
220301
3012320
321203
4030301
300332
213020
3013202
2000024
3212000
4030220
3003203
2222030
2320310
232031
3310103
310340
300221
1330010
3100202
3221000
101333
321002
3002120
3031220
3004022
2300132
4331000
32303
2004023
122033
10100
3304100
4400030
1003430
4000403
4000232
3011303
3001310
302120
2200031
3401003
400100
3031310
4302200
140003
3020024
1330202
2002040
3402200
3213002
11033
3301040
2213300
1332002
1033010
401033
3040310
1303004
1030304
2002133
3122003
3220220
34010
4100
3010400
222032
202322
200132
12203
31130
323003
4022030
2342000
3034010
300101
400202
1232300
3201020
4200320
3130130
303131
120002
3302012
2222000
2021030
1003034
20432
301202
3440
1330001
402320
2103320
2023010
2303300
1300403
3004040
132023
313001
2030003
1020230
102230
3301103
203222
310403
3001301
1003043
130010
4203020
2042000
200402
13202
433010
4020320
4000340
2303021
21203
20120
3120023
221300
1303400
3130220
201200
3010223
2312
320
132002
1320032
1030310
1000031
130040
1001300
3120320
220403
304310
4031300
1000130
3103103
10403
1000430
40043
33140
201002
3040001
4004
3230201
420020
220010
2030030
302132
4001030
1030013
220202
1300031
242
2213
300110
2010200
140303
3004103
2033000
1003022
3300311
1031330
103100
313310
322310
3001043
122300
231302
202004
2030402
3220301
134300
134003
4030310
2220302
2020313
403040
3042200
3040103
2002031
3041030
420032
13223
3002102
1022030
1000013
232220
3120002
3043100
4002032
2023220
1300202
443000
2003
3210023
4100000
4310300
2304200
2302010
2031302
12302
3302021
102020
2203013
1002323
2000402
12200
302003
3202130
3000224
2230202
3230102
4220
4301000
2030300
4002302
103040
3311003
33311
4004030
2320022
2200130
3301031
34310
402032
2320031
2034002
3013010
302420
4130
2020100
1130000
2220023
2040200
1100000
3032300
3301130
22232
2213030
341030
4430000
3040130
102233
22220
21233
2103230
10334
2300003
2103002
13130
1030202
3320210
34103
3022040
14000
20423
4130000
2013320
2013020
304202
11
20243
3004130
1320020
2320040
3100304
3022031
320240
2203001
431003
3023201
302231
3120230
310223
22034
1010000
3130400
404300
403400
10034
203012
2020340
3130040
2201300
3013301
221003
2130200
2304020
3100403
2300201
2100023
203042
2402300
2002340
102002
3031004
3000044
31013
30302
2000213
22310
300113
4031030
3032003
302312
1031
3300032
3002003
312203
4100003
1013330
331220
1033103
1032032
2023022
3201230
3103400
3021200
4000430
341300
1232000
332030
1310330
200012
340100
33020
2001233
43103
4400000
1313003
2202230
1010030
202100
3322010
321320
3400022
410000
22010
301322
302021
4232
2430020
3130013
401330
200213
3003032
3032021
1004300
4400
3014000
3013400
3032030
2222300
1043000
1000022
102320
3203210
400022
14
302303
200330
3100400
31034
4200302
3302201
2020301
130133
12233
2002001
400232
110303
3001001
30014
2223200
2004032
3230
3000242
1430000
1340000
2202032
404003
2203103
1022330
1022003
1004330
242003
2230220
100130
4220030
2022230
2002034
3341
320033
104303
4133
300314
2220200
2004203
3133001
3200201
3202310
3011030
3300200
3000002
2313020
2230103
30020
2332001
41303
3030002
1330040
3230000
3302003
1000010
323201
4000202
1033310
3210020
143003
431
200303
1020302
1430003
303302
32330
10331
2320220
2203400
1030340
212030
22103
2300033
3400202
202430
44030
3410030
123302
3010133
23102
10430
32000
30332
430310
2342
4400003
2233010
200324
33110
3130031
413030
100004
311300
3320000
1023002
313130
3030140
400340
3020012
3023300
1303013
2200430
20300
1000301
3010022
342200
3413
1320302
231230
230240
14300
10202
2000000
430130
103133
3001400
3022103
40034
32210
330200
2103020
1303001
2302001
2020400
31340
3003212
3330200
3020033
1000403
110300
210023
4322
2033021
1020020
3400301
202031
22031
2303201
1030004
2000240
310130
2310032
3110030
330011
2403200
2001332
3030011
232202
103031
100001
311003
310232
2103032
3231200
400004
310001
42002
3103040
34220
2210
3000233
1103000
32033
1002023
3031001
1003232
3200120
2100233
3210203
110030
200420
2004020
400013
3310004
3020330
4001303
2313200
3223001
3031301
310010
30341
4300040
1302230
1040303
3420002
400310
334010
3404
3002330
2420030
2203202
3100040
320210
203303
2021033
233012
4310030
3200024
3002210
3003113
2002220
2000324
130232
2243000
332003
3014030
3002231
300134
2031203
1023032
1003100
400430
23213
103223
2240003
3202301
231002
110333
13430
4030202
3230012
213002
3010031
3203102
1400000
3430100
312020
3010130
321020
3001130
3143000
3201200
3102023
243002
122030
4303010
234200
130001
230132
3020420
3413000
1010333
100400
140330
203210
310202
2330000
2301032
1031303
3101300
3100313
4103000
320042
2432
2400203
430013
3033020
113330
4301
3003014
1302032
3220202
430022
232001
2013302
10004
330110
303041
2201003
3010340
312320
323021
22001
20102
1034
3200312
231020
123032
3310130
43031
1400033
323030
1103303
1013033
300131
3330101
2102300
1300331
3131000
3104030
403310
2200322
3131030
30212
2203310
23321
1032023
3403010
401003
3320102
3113
1200200
2300042
304130
410303
12332
2003003
30320
3003131
2230013
300023
2031023
300200
133130
21323
2004230
3100022
113033
3320021
3010100
4034000
1000040
3100034
330101
2303003
4023200
2400200
2200310
340031
4000010
2003042
1002230
32402
3310301
43001
3002321
4203200
203231
2340200
3220004
3100223
3023030
220232
202220
21020
32021
3200303
2400023
200033
132020
3020204
2204003
200333
3031013
2402030
41003
3301013
3021023
2033210
2012030
2000042
200231
3023120
3140030
3223100
3122030
2322200
2103203
1303040
2020043
3044
2213003
3202040
130340
3110303
201323
2332100
2301023
2021003
2003132
3240002
3020132
13313
4013
1330022
1200020
1200023
242000
101033
2002403
100100
331301
1133
300122
3000440
4003022
203033
2010032
2000234
3011330
2330201
2200010
120320
3022202
133022
3003011
2203100
1033004
3300104
3020240
10220
33014
3033002
233000
1100333
1031003
3041000
113003
322400
3001331
232022
3013022
3010304
2030000
2200043
2040320
3200210
232040
30422
2200100
2200220
103202
3022301
130403
2402003
332000
2310023
2333
3400010
200030
23303
2000222
230024
331100
1000100
3232010
12032
3002240
3002123
301010
1334000
302300
1303031
203201
40013
403103
320030
1300310
2040032
1030313
1003322
2000
3402020
220313
1400030
1130
2133200
202223
1022
1000313
3103202
400034
100031
2312030
220100
100340
3401
2203022
13400
4001000
3003023
1403003
2120303
2304002
230210
4331
3003002
2001302
1220
300440
4003001
1220000
1300103
21002
1310000
2012033
1030400
1001003
3001403
3242
302042
31220
310310
2030222
133400
220034
3321020
1334
4300301
2303120
200300
304013
32240
3100001
4320200
4000310
203
430004
3321200
3310010
4000223
320003
3002204
3103022
204002
1043300
3301202
32042
3012203
3012020
2201
4003103
2030102
4304000
2030213
2400320
1322003
4034
231200
203402
3200000
320300
1320023
2000204
122000
3000032
312002
1232
3030014
30230
2002331
3303011
3300041
2310302
2002310
302
20123
302240
1331
224300
3001034
222020
300140
2210000
2003420
340040
4030040
3023
300422
30122
3010034
3010430
3202013
201230
23330
212000
4013300
2020331
1002302
3033110
3300203
3202001
403001
2210003
300302
2030312
2002232
402302
3230003
1343000
1033301
2001203
131300
301310
4300004
2200301
2002130
310103
3002312
230012
3010331
33041
1002320
2300303
223202
231023
3003311
2000210
3100301
2300240
2030201
123320
4302002
313022
4220000
400403
13004
120230
2020034
3314000
4322000
4330100
3302000
4010003
1232003
4040000
2320202
310043
2010020
30002
2230004
3021302
302402
3100130
120323
4430
4340
3030410
2000333
2313002
133202
3310310
341000
1013
2201303
240302
100010
3030020
220004
101303
13010
230000
1040033
113030
44000
2003303
3213200
434000
200120
2133020
3130103
100043
4310
4000100
2002022
22430
3031202
13043
2020232
2002223
440003
2400032
1233020
200003
2024030
104300
4010
3030113
2300210
33203
2020031
3300023
2323010
2330120
1301330
200423
300212
2320301
340310
200222
21032
10340
2003024
44300
340103
311000
314030
4023002
100403
3311300
40304
230102
3043001
1202303
220220
143
1430
3012200
340202
3001013
2300120
1002200
1001333
221303
21230
23231
3033011
1310033
2102000
3120032
3012302
3023102
23033
212033
3300101
2322020
3020312
3000320
140300
13031
301331
3030212
3224000
3303101
2202020
2020022
213200
3030302
2331002
3110300
123002
2423
2032031
200123
301031
3000323
3220103
32102
30431
100232
322010
1003400
3102002
20312
2231300
3014
2010002
3103220
103301
3022010
3213020
2302220
1300001
3202400
203321
320201
100013
10010
2320103
2001032
4100303
323210
42203
4301003
2042030
1040300
2102330
3030110
430400
1200323
3102032
2012300
2022302
3001010
3422
420023
220001
2130032
1301300
100334
23204
3000113
331040
3002033
1300322
2303
103331
3103100
430010
3022004
104
4020002
2130320
2200232
31202
1303220
140030
3040202
3203000
130034
321230
1223300
2002430
3302
20033
3000020
2030204
223310
332210
2232200
20000
4330010
2210303
30110
2100032
1010003
2002010
1003031
220340
3031400
2000003
330302
131033
3042002
2000342
3202004
3000200
3013040
140033
231320
312200
4100033
1200032
400040
1320200
1003313
2002013
224003
3311030
3000311
400133
103430
40223
3031130
3200132
220133
31331
2201033
2200403
3100004
3020030
232130
3312200
301340
2220203
3030320
2213000
1130003
233210
2201000
303011
3233000
330002
2013230
133310
341003
3200222
403202
403031
101000
3001202
3300011
3030200
22304
10022
3000131
434
40040
134000
2322002
1032320
3002420
304004
3332000
232103
31301
2210033
2103023
311
4013003
1043003
2031020
332
100304
4200020
2020202
344
401000
330410
4003310
2230010
2040302
2032022
32231
3212
1020200
201203
322301
22133
3302210
11300
123020
3310220
31040
2300000
2132000
2203004
3130310
3400040
212300
3200033
330230
3022022
10310
3002021
332300
401030
23201
4020200
200204
342020
3130202
3230021
34001
220223
2420000
20003
223130
2204
304220
2010302
203132
1202
2030420
3031010
4002200
3400031
340301
1001330
201302
3300401
143000
233102
2000420
320420
20012
331001
320231
2100203
3013310
2013023
3212003
132320
340400
2201030
2002322
2000312
130043
1303103
2
3400013
3021230
3032210
3002012
4030031
2303012
20
302030
133001
203102
4000103
1340300
1020320
2001230
2003213
400010
2200340
3000122
1033100
420002
3322001
3301400
2332010
2330012
1002020
323
3103010
1330100
23003
3000401
30410
4000022
2233001
2330021
102332
22202
32420
330140
34100
31313
1202330
2031320
20333
1000133
3240200
3120020
3102230
3320300
3302300
1200230
2020403
2003222
