203302
3000034
304
30133
3403
3003034
33331
400333
301000
433
3304000
30130
2320000
2323030
3202330
3010303
20023
1030333
223003
3023020
3023032
304303
3303310
330040
3130330
220000
223330
322000
331033
1300303
2003020
3004003
2000233
3032020
30100
33220
3020023
43330
332020
400
3033010
4000003
2000023
3133030
133300
33202
3003322
300043
203323
3022300
32323
303130
300403
32320
133330
233032
3303001
3100330
220003
340033
4300303
1330330
2020000
3203203
3103003
330310
320230
3004030
3003400
333100
333310
4333000
3302020
333040
2303200
103033
330103
3000040
300433
300220
33004
2200033
433030
40030
2230
330202
1033330
130003
43033
3300010
3003001
32002
330220
3300301
3343
430303
3002323
301033
1330
3300202
3033100
2302030
1030300
1003003
40330
20032
3000043
3000022
33304
2032300
223033
40033
3031000
223
3022
3033031
2330020
1033303
2000230
3310003
3000010
4330003
1003330
340303
43
33232
310
3000334
2002330
3220030
322300
20020
302233
31
230230
10030
2033020
3322000
3013000
30202
4000030
2003233
400303
3322
1030000
100030
331303
330313
3330031
3303040
1333300
3230302
3313030
3031030
300130
1033033
2003002
2000002
20002
33310
3403300
3002332
303100
3330010
2320003
2033302
3200323
10303
3033202
2330302
3400030
3313300
310300
31000
32230
32203
1330300
433003
3043300
3023203
3010033
3330130
3300400
13
300331
3001
2230330
34
3220033
3200032
230323
200320
4030
30013
2002333
202333
3310030
3003403
3003202
33400
30223
4300030
2330230
2302000
130033
3020233
3003223
2303023
323002
3301303
3032002
3030103
2230000
3030004
303220
3003004
4003300
2230303
2000032
3200023
403003
2002
330130
303031
2230300
230020
320323
3001003
31030
4300033
203032
3320020
2303230
3304030
3003313
343030
1333
4303000
4003303
4000300
200200
3320302
2200300
1030303
2030302
2332003
1000030
3023230
3030010
2300200
3343000
310333
3000220
303403
3000343
4003000
2320300
1300330
2002303
3323002
230332
302200
2323
300430
343
2203330
2023
303043
2233003
2023300
2033002
340300
1033
300313
3303031
4000033
2032000
2030023
403300
323302
400300
200032
310303
3034
34033
33100
330022
2300320
1000330
3400003
3203020
3320002
313
2300302
3000103
3133000
203320
30334
1303330
3220330
202000
3030304
310030
3232
1303033
100330
3320032
3020323
323023
3203200
3004300
3003100
3030022
300010
3303301
2030020
1003030
3100033
230320
103000
1303000
2020303
2000323
3022033
232
2230033
2003200
3232300
3340003
33430
2320330
430033
31330
3003040
30340
3223000
133033
23323
3330103
3030322
303400
340
3300331
2302033
2020333
1030033
3403003
3100333
430000
133303
310033
301333
302002
1030030
233203
323032
30331
4300003
1300333
232330
310000
330403
13000
33043
103303
202
3320230
3301000
303430
2233300
2320033
2023033
3223003
230302
30001
3003340
33040
3433000
3230200
3230203
3320320
34000
3030232
3030310
3310
3300031
1033000
3403030
3002020
300304
2330320
2330023
2003323
20320
23200
3003010
2330032
3200020
220330
310330
320032
3033004
4003030
3430000
3220300
313000
3030013
2300032
3103000
3020200
302320
3330400
30232
103
330331
4003330
2302330
1000300
320233
3000430
303001
4033003
3430300
3400300
3034003
3300022
1300000
303301
2023003
23020
330322
3200302
203203
3020302
23230
2203303
1300003
3130030
3032302
330043
13300
3300403
333001
1303003
1003333
3001300
301300
3000130
1033300
23023
3002320
300013
3200203
304300
303331
2330200
232033
22003
301303
2233
4030033
233023
3304300
3100
2230003
3322300
332200
1030
3003130
3200320
4333
3030202
1333003
3004000
3300313
3330301
3303004
4330300
2203300
1003000
3010000
3302320
3000331
2330002
2303302
1300300
2030002
433300
1330000
313003
22300
3003133
303223
4303003
2300233
10330
130300
331000
40
333013
4303300
3400303
230032
1000
330232
2333020
3130300
223030
200002
3340030
3031003
2233000
2000302
3320200
3302203
3032320
1330003
3032032
332023
3302023
331030
303232
2030233
233230
3002032
302203
3003220
3013003
43000
34300
32200
1303300
203200
3023200
322003
23032
3040300
2203
333400
2203033
2033032
300004
3003031
2323000
430030
10300
3000202
303322
3223300
223303
430
3300304
300001
3203320
3202003
322030
3032023
3033400
340003
43030
333202
334
330304
3100303
3302302
302230
4000
30400
1000003
100033
23203
301003
3300001
3334
320023
30433
3000340
3000313
30304
2200330
40000
4303
2200030
230002
3302230
3303010
3000001
403303
3300103
3300040
3003043
2203003
2300023
2023030
43003
100
3003331
3130303
332002
3303202
3330001
2023330
3100300
3030040
30010
1300030
313300
3332002
3301033
1303
3043003
13333
13030
3033220
1330033
2003203
233002
13003
2332
2200303
3013033
3302200
3000223
3003013
3004
4330030
3430030
3133003
304000
33130
300400
3103
303313
30004
2300020
3300100
300022
30022
20323
330013
22
4033300
2300230
2000332
130303
3040033
3000031
2303002
3331003
302323
330100
3330310
33013
3220000
3320203
3043030
3331000
300100
2000200
3230002
332302
32233
220300
3300223
330400
22330
3034000
3002200
4003003
2320303
2303320
2030203
3020032
1003
3331300
2032
3030001
4030000
3230020
323020
22030
10333
3033001
303004
430003
3001033
31303
3300133
322
3031303
3303130
3033301
334003
3300322
330031
3230320
100333
3320023
343003
322330
40333
4300330
2302303
2000020
433000
43300
333103
300103
2003332
3310300
3334000
3331030
4330
3000310
30310
30034
4033000
103330
103030
304033
302302
2303020
2030230
130330
4030330
320020
2200
30322
2003230
203023
3043000
33301
300322
2200000
2333002
1003300
203233
13303
2300002
34003
3010
3032203
3001030
3303013
2323003
400000
3040303
22303
3001000
4000333
3034300
32023
30430
232030
2233030
232003
23332
33223
220030
3013300
3002302
3003430
33031
1000333
3233200
3010333
302332
34030
430330
202330
13330
2030320
3430003
3020203
133
4003033
2020300
400033
203230
33133
3220003
200203
3032200
3303022
322303
3301330
334300
332320
3002233
332230
2320
2032030
2030323
3100000
223300
20332
3300220
330430
300232
333004
303022
3300034
303304
2303032
3202300
233302
333130
30103
3203032
3031300
3030133
330010
330301
4000330
3310330
330223
3022330
2032033
323203
31003
3033130
3030340
3340
1333030
1000033
3304003
300223
33340
343000
323200
300301
3310000
310003
3300310
300340
3301
4330000
3323020
3032230
300202
331
403033
3023023
300133
300031
3331
3233020
100003
3040330
303010
3103330
340330
22333
20200
3301030
303133
2030032
3322030
23320
304030
302023
3040
3403000
13033
3000400
30403
30220
1
1000000
2032003
2003032
233320
3040000
2032303
2020030
3200233
303340
3001303
3220
3003310
4030303
2332300
3233002
220303
34330
3300130
4030003
2020330
130000
40300
3302002
2320030
133003
334000
3303100
3000301
3340300
3003301
4
4030300
1303030
3232000
3202030
3103033
3020332
403
3043
4033
3300043
303310
332203
3130
333031
33022
3030301
3000304
3400330
3130000
302032
3030403
3223
3000433
3033310
2033023
3203023
3200332
3023002
320320
3004330
332032
34303
2332000
2023303
3023320
322033
3031330
330340
3002203
3030430
330004
2332030
3232003
3130003
3020230
3004303
2030332
403030
320203
3033013
300034
3230032
3200230
430300
3000013
2200003
2003023
133000
3332020
3030223
130333
340000
31300
33403
1300033
2000320
3040003
3030313
1003303
3400033
400003
130030
3013330
1033003
3030331
3003304
3130033
3000322
300334
2300323
230023
304003
3330220
301
2203030
3100003
3002023
3033022
403330
32332
2302
2033200
3031033
3400000
301030
33313
30343
33001
2230030
23233
3300232
3330004
2200333
2023000
203002
3040030
3301003
2002030
220333
3433
3020320
3030130
3133
1030330
2020003
3202033
230203
103333
3332200
3034030
3030220
1330303
2302300
2002300
3010003
22033
3030034
30301
2002000
3200002
313030
23002
3303103
3330202
333220
3103303
232000
10000
3313003
323320
200323
3330040
3030043
3230230
200230
320332
320302
20230
220
303013
4300300
2032330
2003302
20203
4300
3302032
3000100
4300000
232303
133030
202033
313330
2300203
3333010
300343
2303203
1033030
3203302
3310303
3010330
320200
3003103
3013
330001
3202
203020
100300
320002
3004033
3002002
3330100
3313
2203000
400330
220033
202030
3013303
3203002
3323200
10033
3003232
2002033
2000203
3220303
3033103
30043
2333200
203332
202303
303202
200302
3313000
3310033
3010300
343300
313303
304330
4003
4033030
3103030
232300
3340000
3010030
1300
3333100
4000000
3322003
331003
303103
3203230
40003
3330022
233200
32020
303034
4030030
3003022
300040
200233
3033040
313033
10003
300310
333301
33034
1330030
3103300
20302
130
302020
330133
3330013
4303030
3200200
230233
3022003
3001333
2302003
1030003
100000
233020
3300013
2300332
200332
3022000
3030100
33103
30031
1303303
331330
10
333022
33322
230200
3023302
3020020
3232030
303040
2330203
103003
3022030
3300430
3000004
400030
202300
334030
3303220
30313
4000303
2020033
3223030
3230023
32032
2002003
22000
331300
3430
3030031
31333
3000232
3304
2033230
2033320
3202303
323230
3301300
3031
31033
223000
100303
3013030
340030
40303
2030200
2020
3333001
33010
1333000
2323300
403000
202003
3030400
3133300
3202000
3001330
3303400
3400
3300004
330034
2003320
200020
43303
301330
32302
1000303
3100030
103300
23302
3000133
3300340
333010
2033203
1003033
3022303
3020002
3000403
30040
200023
20233
3002230
