101310
101202
101031
101001
22110
2100201
3210
111000
1010301
1010010
213
21021
2010030
102300
1100031
101130
11310
1011
1220100
201003
3001011
2002011
122100
2020020
1010310
1020012
1100301
1010013
1203
1032
210210
2112000
3003
300120
1031100
22002
1002102
121200
100101
1130010
2100003
1012200
210021
10221
200220
20010
2001012
231000
2120001
103110
11001
10011
3001020
1010031
220101
3111
31002
311100
21102
1000122
212010
11130
1310100
1202001
1001202
300102
2100021
12000
2000121
1212000
2031000
2002200
3102
100113
2001210
310101
1210002
1101300
1003020
300012
2000211
12
1201200
2100102
2200101
2021010
30021
2110200
2030010
103200
3000111
112200
130110
100221
1102200
2202
132
211020
2000130
21030
2002101
110220
12021
220020
202200
112020
101013
13011
1110300
2100012
123
3000000
2012100
30102
113100
3010020
1002030
2201001
30111
2220000
2201010
11031
1001001
221010
110310
3101001
1020102
3012
100320
1001301
201012
100230
2011020
201210
21120
2121
1310010
1020003
102000
1013001
220110
1030002
100203
3000021
202002
3000102
1030110
2020011
2022
1110000
2110002
1301100
110031
10110
20211
231
210120
310110
1003101
2001102
330000
3002001
13002
1320
201102
1131
2100000
230001
20301
2100
1003110
1003011
2010300
1100100
1020201
2003001
23100
3001110
20112
2010000
33000
310020
2000031
210
201021
2120100
102003
1000302
100023
2011002
1000110
210030
1210020
302001
20100
20013
1300200
3101100
1100001
1100130
30
1001100
1120200
2030001
301200
210012
2130000
1200300
1100220
1013010
1010001
102120
102012
1120002
1002300
2000301
1000113
110130
1221000
2121000
1022001
10203
21210
1230000
2200020
2010003
131100
131010
102021
12102
3101010
2310
2000112
2010012
101103
100311
100020
1300011
30120
2010210
201
3110010
100200
1200102
111030
1221
20001
2001021
22101
10122
10311
213000
1131000
300
220011
103101
301002
1101003
1021002
3030000
3100200
201300
1032000
301020
2013
300210
1300101
32001
10320
1320000
2210100
3002010
2010102
10032
3001101
310011
2020200
200013
1000032
2301
3201
10101
321000
3001200
3030
1110030
1301001
2001003
2002002
3011010
3003000
3021000
3201000
202110
202011
31011
3000012
130101
201201
2211
221100
122010
120210
110001
200211
2211000
2201100
1012020
20310
2020110
1020
2001
110103
201030
1200210
2200110
200130
30012
210201
2202000
1300020
1003002
301101
2210001
1100202
1022100
31020
1000011
2103000
203001
200202
1020120
3010011
110202
3120000
3000300
3020010
12201
32010
3120
120201
1010022
111003
1212
3200010
2000013
1012002
100302
3
100002
30201
1002012
210000
30030
1101030
31101
221001
200121
2101200
1000203
3000201
112002
12120
1030020
102030
2101002
31200
1020021
12012
1110
2100300
230010
1200021
2210010
1110003
10230
21012
2200200
1120020
2120010
211200
300003
1302
312
113010
113001
2300001
1202010
10023
1202100
2000202
1000002
1000131
1000221
3102000
1200030
1103100
120102
13101
1031010
1002201
1001031
110013
10113
30000
1023000
2011200
1010100
20202
311010
132000
303000
32100
2000010
1010220
2220
1001022
102201
100110
310002
3300
20031
2020101
301110
100011
1300002
3000120
2000001
1030200
102
1011030
10002
1001010
2031
1130100
2002020
2000220
1030011
1023
10131
130200
1200003
3100002
11013
3100101
1100022
1002120
2003010
100032
200112
33
1100013
22020
1311
1020000
103002
1100010
2012001
121002
30300
2003100
2000100
3000210
131001
1300110
1200012
1001013
1103001
1000023
101100
1002210
31110
103020
13020
1010103
1013100
21201
11022
222000
120120
1021020
2001120
101010
11202
120000
1011300
12030
110301
110022
200022
110100
1200120
1100103
1000020
1002003
2200011
22200
20220
20103
1122000
120300
3110100
1101000
1200201
2012010
3021
120021
2310000
1220010
3010002
12210
1113
212100
1122
2000022
2021001
1010202
130002
3110001
2102100
1103010
111300
1311000
3210000
3020100
201120
11103
22011
23001
121020
311001
300030
30003
3200001
20022
1002021
120
102210
1203000
2300010
12003
1010130
1001103
1000101
1101
2300100
203010
21300
21000
2010120
1020300
2001030
1000200
1201020
2102010
2103
300021
1011000
1001310
2001201
120012
120003
302100
2102001
111
230100
320001
10200
3100011
1230
11100
300000
120030
2001300
200103
211002
101022
10212
123000
3000030
2100210
21003
222
11010
1100310
2021100
2301000
2001000
1102020
203100
1001220
102102
13110
0
3012000
3111000
101301
2112
312000
2030100
21
20121
1003200
1021200
3010110
1031001
1200000
130020
1130001
200100
1000320
2100120
10302
10020
2200002
302010
1102002
101220
100122
100212
3020001
12300
110010
1200
103011
3300000
200001
2010021
202101
210300
2100030
3010101
2020002
13200
130011
301011
300300
320010
220002
1210200
2010
1201002
303
300111
100131
3000003
200310
2002110
202020
2101020
1011003
1030101
1113000
1020030
3002100
3200100
2110020
122001
2000310
2000103
20130
1020210
2010201
2022000
320100
1310001
11220
1000212
1000311
212001
30210
321
11301
1002000
3100110
3011100
1001130
3010200
1000230
200010
1022010
2013000
310200
3000
2130
1301010
3001002
3011001
210003
201000
23010
210102
1302000
220200
3100020
300201
200031
1002
1220001
330
200301
