320333
3032303
32030
3000203
3000002
230303
323033
2030
3300323
33320
3030002
2330030
3002030
3030020
30020
320
333032
200303
300200
3030233
3203
3000023
3200303
3030200
302033
3030323
3002
3323300
320033
333230
3330032
3300230
3033200
230030
303203
3033320
3030320
300323
330032
2000030
3203030
200033
23000
3032003
303230
3033020
3303002
2030330
2000333
303002
3332
320003
200
300203
30233
32
230003
3320303
302000
3330203
3303200
30320
330302
2300330
3023033
2030030
200000
3233030
3200003
33302
302
2330033
2303030
320030
2033000
3020033
302333
2300
333020
303020
2003300
20000
3230033
32000
300233
3003020
300320
2300003
2003033
3320003
23030
303023
2330330
2000300
3230300
3302300
302003
3303203
2300033
2033003
3233000
3230303
303332
33002
2300030
2033300
200330
320300
330023
3230000
203300
3230003
2003
3030302
2330000
2303000
3032033
2333300
3020333
3023000
20330
3300200
303323
33332
230033
203030
3020300
3020303
323303
302030
3300032
3003002
2030000
203003
333302
3020330
3302000
3000323
2003000
3023003
323030
23330
3032330
3300320
203000
200030
2030333
3320000
3332300
33203
2303300
2303303
323
3003032
330002
330332
303032
3003233
3023
3200000
32033
3030230
330323
3020
2333003
2303003
3320
332
2033330
203
20303
332033
3303032
300332
2303033
23003
3332000
332003
333023
3030032
2000000
3203003
3003200
333200
300230
3233
300023
3000302
3203033
32303
3320300
3023330
320330
3002330
3000320
2
3233300
200300
3323030
233
20
3000332
2300333
230000
3200030
3332030
3302030
3032000
3330320
3003023
2300303
2000003
300020
3003332
332300
332303
2330
3333020
2303330
2003303
3332003
330233
3033302
3032
2030033
2003333
3023300
20030
3002333
3003203
3303302
2003030
3200333
320000
3002303
2303
30023
3330302
30332
233003
3323000
233030
2000
3002033
300002
300302
2000033
3203000
3333200
33032
3302
20300
20033
3233003
3203330
3200300
230333
203033
302303
2330003
2030300
30032
3000230
3300020
3330200
33230
3300023
3333002
2330300
233300
3032030
3000233
3302033
3002003
3300233
3000020
3030023
3300332
3203300
3302330
3230030
32330
2033
2030003
3230330
320303
30200
323000
323330
23033
3002300
332000
32003
33200
3000032
203303
3020003
20003
332330
33233
230
3303020
303320
230330
3020000
33323
30203
3003323
3330002
3300302
3302003
3003230
2000303
3330020
3003302
2330303
2030303
32300
330230
3003320
323003
23300
3200330
3303230
3033203
330020
300032
2033030
2003003
2300000
30002
330320
20333
303200
3023303
3032300
3300203
3033230
3330023
33023
203330
200003
30302
233033
3002000
302300
3330230
3303320
333320
2333000
2033033
30323
3033002
333002
200333
3200
2000330
233303
230300
3020030
302330
3230
2333030
2300300
3030332
23
3300002
32333
2333
333203
23303
332030
3200033
233000
203333
3323003
3023030
3030203
2033303
3203303
303233
3033023
3033032
330200
330203
3302303
3000200
33020
3320030
323300
3323
3320330
23333
3320033
3303023
30230
303302
2003330
233330
