10030
21001
10210
200101
101101
11011
3001000
3010
2000110
1010110
100030
200020
3000001
201010
1001002
30100
1010200
112
220000
2100001
1001200
11200
1011001
2002000
2100100
1003
1000021
1210000
2020
10021
1021000
20200
10201
110101
10012
30001
102010
100201
102100
1000003
1002100
200110
20110
210100
121
11110
1002001
1000111
1110010
211
2011000
30010
1000030
201100
1000210
10
1001101
1100002
2001001
21010
1200001
1001020
31
111001
1110001
301
22
12100
1010011
110020
3001
1201
103000
210001
1010101
1210
1100200
1300
1012
2000011
2101
1020100
2010001
11002
3100000
2000002
13000
210010
201001
1011100
100012
10102
1001011
1010020
1020010
1000
1030000
1021
1120000
1100110
1000201
1100011
20011
1000000
100003
130
100210
1
121000
1102
200002
11020
111010
110011
20002
2002
2010010
2010100
103
21100
10120
100021
3010000
300001
1002010
20020
300100
1000012
1201000
120100
102001
2011
130000
2100010
1100101
101011
10000
1200010
2000020
10003
2001010
1110100
101110
200011
100300
100102
211000
1101010
20101
1111
110002
2110000
300010
3000010
100120
12001
2110
1000300
3000100
1010002
2000101
1300000
1020001
1000120
12010
1120
1200100
2020000
110200
1000102
111100
202000
101200
1011010
120001
2000200
1030
200200
101002
1101001
100
10300
1111000
120010
301000
100111
2200000
112000
2001100
100000
22000
1003000
1102000
2101000
2200
31000
101020
310
202
1101100
1012000
1100020
3100
220
13
1001110
310000
11101
10111
110110
