3303300
3300030
3300003
3003033
3000333
303
3300000
3000033
303030
300033
3003330
3030000
3033000
3033003
3030033
3030003
3000003
330033
3333000
30030
300
33303
333300
3003303
300330
300030
30303
3000
3003
33
3033300
3030030
330000
330003
303300
30300
30333
3030
3330030
30
3030330
3000300
3000030
333003
303330
303303
303033
3030300
3300
330
33330
3300300
3300330
333000
300300
30033
333
3330003
3300303
3003003
3330000
300000
330030
303003
3303000
300333
33000
33033
30003
3303
330300
3303003
3003000
3000330
300303
3303030
303000
33003
330330
3000303
330303
30000
3330
3033
3330300
3033030
3003300
3003030
333030
300003
33030
30330
3000000
3
3030303
33300
3333
3300033
