2203100
1000022
3300011
2000231
1031201
3120110
1210130
3200102
11102
123110
20030
102020
301013
3001031
3100220
222110
3001121
33200
302030
1221002
1031120
30311
3102020
1201202
100031
3110000
3010103
330020
2000030
2110010
3100202
211301
110330
10010
3020
323
2022011
3011102
2022020
113012
12311
2120201
1200023
302
1031030
1123010
1312010
123002
3000011
302003
110102
3010121
302111
3302
100112
3020111
100103
311
3011
310130
1110020
103010
2021012
11003
2123000
2000303
300023
301022
20102
2111030
210002
1011023
1010312
1313000
200321
1112030
320003
10100
2210030
1020011
311201
10112
2103011
2010212
2120
1130300
132002
203102
2011301
1012022
2020220
1013120
20120
1110230
2000111
1103012
3001211
1311200
230003
1220210
2310101
2311100
2210120
2201
1231010
2031020
100010
2012021
2000000
1030010
1010201
221021
312020
2100230
1210103
2020031
1021022
3110210
210023
2100101
2002211
2021003
2010203
1300010
110033
1110302
1100210
1011200
3201002
1213010
1100102
10301
220010
103103
2003021
1100312
210311
3301010
2000
110213
1032020
2300111
20132
3320000
2002001
1200110
3111020
220211
122300
1303100
2211200
300020
3021110
102221
2201120
1011230
1301
3010001
2210300
2011022
113102
310211
2000120
1200203
1103
1110032
3000020
3212000
3210020
1203110
1010021
131
12230
1001231
230021
1002203
2201210
1201031
100223
132011
2102000
231200
303200
1301300
3301001
100211
1100330
301130
111320
101012
22202
1002212
3100100
1211
220130
2201021
1001003
1011320
3002102
1210031
2200013
1201100
121001
2213000
3001100
2201300
3203
1002101
3000230
3000113
301031
110123
110012
3012110
1210001
21002
1001012
3100130
1021013
2032001
1000232
210110
1030103
2003201
211010
2001311
210113
2113100
133010
1320011
22013
1313
3031001
1310300
1102301
31100
1010132
10331
3012002
3001310
11231
1033010
203003
322001
311120
1302002
310001
102032
3120200
1201220
101213
21212
21221
2131100
2022110
2011202
3110
1123100
1301030
23012
1331
221201
11201
1232000
2212100
20330
2002100
212
21203
1102202
2201201
21110
2000213
2013020
1032002
1001330
1033100
321002
10001
102131
213020
3203000
3102011
100133
2012012
1320002
220310
3020021
232100
2222000
2010200
3002210
1300031
100130
13301
2110031
2002301
3031100
1001300
1012202
311300
2212010
1310210
2100113
112220
103112
3012011
220301
320102
1003130
1103120
1103201
121031
310010
23
1000013
1001321
2100110
2020100
2100203
1020032
1002032
1200221
2000330
2012120
2132
2020301
2101301
320
233
1132100
1120001
202103
2021
111023
13211
1103300
2022101
10130
1010120
11222
131300
1200020
1000220
1011032
1321010
1102220
22010
112031
1211030
2120003
30212
230201
31022
2002112
1001120
201011
211001
130112
10121
202130
1101230
1030211
1001312
2302010
1130102
1003211
3010112
32000
2001002
220022
201032
2000102
12122
10220
102113
1120010
2003120
100100
3111200
211130
1212200
1030013
1200101
10103
330011
2210021
3102101
1211000
221003
1210310
20303
211100
31211
1330010
320021
13100
311210
301220
3210110
2021300
33020
1010033
2120012
2300003
3000221
1203002
1102001
32210
2010221
331010
221012
202112
1031003
210302
2330
2000021
2132000
2300201
2201102
3131000
203012
1100123
2031011
20321
112301
23000
1122020
1102103
2021120
1200230
312101
1220000
1033001
2110013
3200300
3030110
2210201
2033
203021
1200311
1210301
203000
100022
302012
2011031
1300001
2001101
231101
220121
3121100
321101
13121
1300220
2120120
2030102
1030001
1032110
1020311
3022010
3001301
3020210
1220003
1102130
1300211
203
311000
222200
2121200
2012030
31220
12302
20201
1110023
200111
11321
1230110
1000130
3010202
3101021
1032011
2002121
1130030
2300012
21230
1031102
1010222
3212
113300
103100
11330
11303
1210022
2001020
11120
3201200
1330100
230210
1201130
1002113
2021201
312011
222020
10202
1001132
201311
2002220
1003022
2011103
300101
13022
122201
3000101
21101
2102030
1222001
300113
3112100
230300
3023
3000023
3001001
221030
1120220
3010031
1300103
120020
2013011
3201020
232010
2012000
3010310
3003011
3310001
31130
130001
201023
1102031
100220
300203
130013
1011020
3221
201122
302300
201020
2001122
3020000
2000222
2013110
211310
1022000
130100
1002002
3121001
3200030
1100303
303101
101033
1302011
1201022
3002300
111302
13130
13013
2201000
1010303
2100020
301310
1120103
2300102
3100022
120221
220001
3011201
321011
2003000
120203
2030021
120002
230030
220031
2310011
3012020
3000320
322100
1100021
3001202
100331
12032
23030
1301003
130301
230102
23021
3030002
202121
22121
12110
212003
1130012
32102
3302000
1201010
2130200
210320
2202011
2002202
201002
22220
1302020
210230
2200112
13112
21131
23102
3022100
3130010
122012
2302001
102101
110000
2202200
202202
2121002
1300121
3120002
3001112
2033000
301103
1012310
3030101
2100221
3103100
211031
1010321
3113
11
320111
2230100
131003
2130011
10133
1131020
21032
1010123
20033
1130
1310
2301020
2100302
302102
11012
230111
3301100
2100032
2000012
1022201
2011001
113030
1130003
2110022
3100310
2032100
2120210
1220201
130022
1022120
1330001
330110
111200
101222
103220
113000
122030
1030202
1032101
121310
2102102
1002131
3113000
2030
23210
203300
22130
23111
1220300
310100
1200320
231110
321110
1010000
1301000
2101202
1000223
1211003
2102003
2310002
330002
300320
1101203
201110
2300000
1030022
111032
1020203
103301
2003102
101120
2301002
101000
31010
12002
2200103
2200010
1000331
101231
1112300
21200
3200003
323000
1223000
2100311
3010301
1012010
112130
311030
2020010
201302
3012200
2111
202220
1021001
1213001
1200302
2101130
103022
1002230
3001103
111002
120122
131000
32300
330101
2001200
2200130
3220100
3002021
2100212
103211
1103030
312002
1320110
123101
1002302
1011002
3131
2010032
101030
2201003
2010302
11123
1002122
3000032
1001222
3200000
3200201
1022003
1321001
1202021
1100
212102
101300
1021301
121220
3110012
1220030
2002022
3011003
3100103
2013200
2102012
102002
3000002
1103000
1231100
2231
212120
2203010
201101
1201001
1100321
3202001
3100121
12131
2022200
2001032
2030111
123011
110222
2130020
2311010
1202003
2103101
20111
2110301
2102201
31310
122102
2301200
3030020
221210
101210
1202000
11300
1000010
212012
310121
1113200
232001
300002
1200113
3100301
132101
13103
1021103
1031021
3122
3030200
320120
1021220
1021031
1020101
220103
3103010
3011000
3130001
2103020
1030301
1120202
1120031
2021000
1220120
3201110
2020001
201203
1000133
1001123
1101032
3002000
32030
2220011
2300021
102302
2023010
2202002
1020020
200231
1110002
3000131
101201
22301
11213
12212
10211
302000
2201030
1210100
100301
2301101
3011012
1100213
12113
1132010
1303010
1003202
1001030
3230
3032
1100201
3200021
1112
310301
2001203
1322
3001130
100310
2001023
3101003
112202
2000300
2020103
1230020
1300130
1012130
1013030
3100010
31112
212300
1003100
1301012
2
2001011
110201
211022
2221010
2102
112310
321200
1031300
320030
1210202
300110
33110
130103
1320101
1012301
122210
2202110
20
3110300
3200
21020
3211001
132110
310112
130130
22310
32012
20222
3003101
1100000
300200
200030
120032
1131002
230
1130120
1110203
200330
112100
120101
2021030
113003
2210
2100002
1012220
13010
121100
3012101
1212020
203201
2213
210131
1302200
23003
1000202
311003
102320
1020122
1001210
2121020
12101
301112
130121
3010130
2321000
1103003
2101022
2011013
1223
301010
1000001
3003200
2320100
200132
1203020
130010
3023000
3202010
2021210
32021
120212
1013021
2031200
1002221
3000302
112022
2321
2113001
221
211103
3021011
331001
2010230
2200301
3000122
31013
331100
2302100
20300
3020102
332000
2020130
121103
3011210
2200202
32003
120302
10013
3200111
300131
33101
1003121
3010010
1310000
2200310
2010020
200222
312110
2300
1301102
121013
103130
131210
2210000
2102300
2131001
3110201
3220010
2020310
2110310
11000
313100
12320
231020
1013201
3000200
201221
303110
30110
1031
131102
233000
1311020
2211002
1310201
1000121
212021
1003220
1302101
1030112
2203001
2300210
2000033
110312
1011302
2010122
30011
1203200
33002
1100012
3210101
1301201
201113
3310100
3030011
120110
1131200
2110100
220013
3001010
2221001
1020302
20021
1002311
2100320
3101000
1032200
102200
2011130
302210
301001
1310102
21320
1230200
1320020
1001033
1100120
1012103
110120
2300030
201200
1312100
1103102
20012
101312
101132
301211
1013003
1300310
113201
130211
202001
1000031
3100112
200102
3013100
1133000
220202
2100200
1133
3103001
1122200
2000210
1031210
2010113
30113
2111003
2101220
1003031
100013
30221
3102200
3211100
1202120
110231
1312001
210200
2300120
2220101
110030
1001201
213101
2111000
300032
1300022
3020012
1102013
3000311
3300101
2110130
1120301
2110103
1120022
1000100
121202
2221100
1110200
1300202
10232
3010022
112103
1030100
1130021
1001102
311021
2303000
2320001
1210220
2030210
1002320
1301210
2120102
2100023
1010030
2010023
1023110
1013000
112010
2010131
2123
2120000
221102
1310030
1103210
1022210
320000
322010
1101020
3101300
3020120
1023002
222101
1031012
110021
3010211
11210
101303
1022012
122021
101330
1220021
2210012
122
2020022
1203011
212030
2202020
130220
2312
131201
211202
300230
2220002
110
3013010
120230
1030310
1100033
3300002
1311002
23201
2010101
3031010
201320
2112002
2002130
3001022
222011
2300300
2030120
130202
200201
1230101
1100030
3100031
3101012
100322
31031
3003002
211220
2020202
200312
2000201
2330000
300212
21113
1020230
20003
1021100
2301011
1101002
100232
3110021
310103
2012102
12221
1202300
30101
3000110
213110
3220001
2112020
120200
301301
1202
1113002
1202201
22100
13202
1210010
1010231
230120
2031110
2210210
2010311
3300200
2210003
3002
1012013
30122
12011
212000
300011
3210011
112001
30230
2003111
231011
103121
1201013
1010210
3020201
111020
2001110
3011030
3112010
3010013
30302
1122002
201230
103013
13220
102311
131030
1202210
2012201
1220
1120100
1003010
212210
2003030
2031002
1300013
2222
1301021
3013001
101321
132200
1300100
1120310
1030031
320210
2212001
2200121
2001113
1212002
110003
1200002
1001000
1013300
10031
202031
2021021
3300020
2113010
1230002
2010320
2101100
2230001
1200200
30203
1101023
2200211
131012
2023100
313001
1020320
2103110
22112
2003300
202100
22103
11132
210032
1331000
3121010
1023020
113120
213011
2030000
100001
2011310
30131
122000
310202
32201
1022
1231001
2003003
1230011
203210
123200
302120
2000123
1020221
1120013
1000313
3003020
221300
2210102
1001
2112200
110210
203120
202022
1010102
2122001
200213
20210
21122
3110120
1220102
2101001
2020121
3002003
1022030
303002
1310120
320201
22211
120011
2122100
223001
1002200
33011
2020013
2002103
10022
3110102
2310020
120320
210020
1020131
203111
3310010
2101010
2001212
11021
1221020
2030030
300302
130031
2220020
1100300
1030130
2101310
2001320
1003013
1021310
3200210
100121
2000132
31103
1021202
102212
1211300
102122
1121300
1200011
1001213
210212
321020
310022
2200022
102230
330200
2211020
123020
1010300
2030012
120311
202301
101003
200123
3110030
3311000
2022002
2103002
200210
210011
103202
1000211
301202
202010
200
3021200
1121000
1200032
2011220
3100013
1023101
121301
221000
1320200
1322000
2012300
120023
22031
3201101
220112
1220012
1000310
3101120
111230
3221000
310220
13310
11030
31001
1022300
3210200
3002120
2010110
2230010
2003210
102203
2000321
3021020
1013210
2012210
2012
3032000
200033
2120021
2200031
1202012
1031000
1112000
2012003
2023001
2102021
2100011
3120011
1103021
32111
3101
1100003
2110001
12023
10322
2320010
1101200
302201
1012001
121022
1310021
1002020
100202
3120101
1213100
1210013
230000
202310
2303
112013
200300
10310
2020211
2001131
2110220
1002110
301121
1222100
1201103
1022021
1010213
3020030
3300110
2301110
1000103
1011203
1013012
22001
1020212
121010
2110202
320012
200120
2031101
3011300
1112003
200003
110132
132020
1020002
310013
220220
1203101
212201
30320
1100231
1232
22022
203030
2100122
1022102
21023
303020
12200
102011
1222010
210203
10313
120131
110300
1310012
1102100
2021102
2111300
32120
20123
113021
202013
31301
201212
1321100
1113020
2120030
1003301
2032010
30023
3210002
101021
11312
2231000
100313
1200131
1000301
210101
213200
2311001
2001230
3101201
122120
2122010
3311
1001021
3101210
1300301
3200120
21011
2103200
2200100
1021010
102110
1023011
3120020
210122
2310200
1120130
1202102
2002031
2131010
2010002
3000203
3002111
2102120
2002013
11033
221120
201131
133001
1130210
1012100
3001220
101102
1121030
1302110
2202101
103001
310031
113210
222002
2102210
3101030
2030300
12203
20231
1002011
2013101
2010011
21311
3201011
3000212
210221
3320
103031
1003112
3002030
223010
20312
1000112
3020003
1221200
2200001
2003
1200212
200000
2220200
3020300
3022001
3002012
1000322
23120
3112001
3200012
1002023
200021
1310003
2002310
2020112
1013
3010220
3003110
1101320
2001302
3130100
3100001
2101031
1010
3122000
110321
1121
133100
30200
1003103
1030121
1110320
31202
211013
1020200
1010330
1130201
32
101123
220100
1101302
3202100
3102110
103310
1020110
3001013
121130
1023200
2312000
2030003
130310
3011021
200303
303011
300221
101
2002010
1102022
1123001
1303001
2130110
230012
3002201
1130000
2310110
3021002
3110003
1001303
131021
310310
1010003
10223
1102310
202211
311102
2120300
213002
2220110
30002
110303
300122
1300112
2011100
1100222
2000312
13001
131120
1100132
3101102
111203
3021101
1132001
1301120
20213
12020
1020113
3100211
1020023
2000003
1202030
2101103
2201012
13031
2013002
2130101
2101013
300311
120113
3010100
3011120
320300
231002
302021
1003001
313010
1200122
2100131
1012031
1010012
113
2200220
2030201
30032
332
1201301
3211010
3102002
2130002
200012
311012
122003
1030220
1102010
3230000
21302
2011010
1201310
102023
1021130
1121003
31121
312200
301100
1003310
2003012
23300
1013102
2001221
20000
223100
30020
3111002
