2201
4100000
3110000
1210010
1002002
1400
1002011
1012100
1002110
102011
1000004
201002
100010
1031
1103000
1001030
3001001
1100
2001101
21110
1030001
1101020
13010
4010000
200300
1101002
2111
2000120
10400
10004
11102
2000000
1200200
2200010
1300001
100103
101
2020001
1010102
200003
2000003
110003
1000202
2110001
2010110
102101
113
1000211
410000
2110010
1102100
1001120
212000
300101
1002101
20210
401000
1102001
4010
1001102
120101
11120
1000010
1100210
1011002
1010000
111002
120110
203000
100202
103010
100220
20111
4000010
2101100
22010
410
131
311
102200
100310
100031
21011
3010001
1012001
30101
200012
12101
4001000
3000002
2012000
2102000
1100120
1130
202001
1010021
111020
210011
1013000
3001100
1201100
130100
103100
10112
1200002
2100002
2020010
14000
11030
100211
200030
3001010
1000310
1000112
10100
2010011
101012
1100201
12200
10220
3000101
4000100
120020
201200
1020020
210002
40001
2100110
211010
3020000
23000
1110200
14
101201
21002
3110
1202
203
1000301
2200001
1030010
120002
301001
1010210
1001
1202000
200
2000021
1001300
2001002
3000110
1201001
21020
30110
20012
100112
3000200
2000
301010
1001012
1000121
302000
140000
311000
110201
1210100
41000
10013
1120001
2011100
12110
221000
200120
100004
11201
3101000
1003001
320
1000031
1031000
31010
113000
40100
20201
100121
2000102
310001
100040
100301
1021100
2101001
100400
2102
3010010
101030
1102010
10103
20102
1100030
3100010
11000
10202
10301
210101
1210001
101300
10040
10211
2300000
3100001
1120010
1000001
10010
2100200
2021000
3020
1000400
1100000
1030100
30002
1010120
104
101210
1220000
300002
20
220100
20021
40010
3101
110300
1101200
100013
230000
2003000
1001201
3010100
1002200
112001
2002010
230
310100
20030
111200
1121
1010201
200111
1100300
2100020
3000011
2210000
4100
3011
221
3011000
2030
1100012
1301000
100130
11210
21101
11012
1000100
211100
101102
2011001
1020200
2001020
310010
401
122
121100
300020
1200110
2012
1100021
31100
22001
1001210
2000030
1110020
1201010
12002
10310
1010030
2000210
1112000
13001
200000
3100100
202100
3200
1000103
110120
2120000
2000201
1000022
200201
1001003
122000
12011
30200
2002100
23
2
2011010
110021
1021001
1010
11
1300100
3002
1211000
12020
10022
1022
1200020
1040000
20003
201011
32000
220010
104000
210200
110210
210110
1001000
1002020
400010
2030000
1004000
101120
2101010
1100102
4001
1020110
1000013
2111000
2001011
2120
1013
112100
1003100
2003
2021
102002
1040
41
1211
1400000
110000
1110002
112010
2300
2001110
2010020
140
2100011
11003
10001
1310
2201000
2110100
1100003
2100101
101021
131000
202010
200210
100001
2210
4000001
20300
1120100
2000111
121001
3002000
30020
301100
1003010
100100
200102
1130000
2010200
30011
1121000
300011
21200
1020101
2010101
300200
3000020
1020002
32
1200101
20120
1004
302
101000
102020
1010300
1011200
10121
3200000
120011
201101
121010
120200
110030
10130
103001
1010003
300110
200021
11300
1220
2002001
400100
100022
31001
110102
1300010
22100
1021010
1000130
101003
1000220
1020011
1200011
102110
110012
1310000
2200100
110
210020
320000
2000012
1001021
1301
201110
1112
1022000
2020100
1011020
2001200
1000040
201020
10031
20000
2010002
130001
13100
212
211001
220001
1012010
1010012
11021
2000300
400001
130010
1103
