2200102
3000010
2031100
13030
2010202
120022
1101400
1000141
3310000
2200003
2013001
211000
102100
2301010
1000201
203020
3020002
113200
32200
2300200
3001003
30400
13102
100222
3201100
3102010
210220
1302100
1014100
2113000
1003300
111022
11140
201130
301021
101131
3000211
130120
110023
204100
131011
2021110
310111
1200004
203101
102211
10402
1310020
230002
1201030
4000021
2001040
1120120
1013101
2130100
1130002
2022010
121030
122002
2011210
3002020
2230
12013
31003
2020021
1401100
1103020
120010
20020
310201
20041
322
102010
201040
2113
112012
3013000
1113010
1204
3000004
3040
1411
4010011
113011
2230000
200320
1300120
1010203
2023
211030
110110
3011101
1022020
2031001
112000
1410001
1121002
31102
20122
112210
4010200
30310
1001020
1000123
130300
1310002
1203001
2002012
21310
1001140
202111
4010110
114001
400003
2101300
2100040
3000001
200101
21100
113110
1020001
3000121
121003
2040001
200212
2020000
4000102
214
2200000
3200020
2100022
1101220
3001000
3021010
2001103
3031
211210
11041
1121020
1004011
3200110
2000212
104020
3101011
100411
1030030
3210001
1003030
3011200
2020111
103030
3020101
1000021
1010410
1010113
3112
1113001
210013
41002
111004
3200200
3000022
30112
3001012
210022
12130
1110130
1110040
1001101
210121
4020010
2010001
1300
12022
1001410
2000023
3101110
22
130000
2310001
310
1411000
201013
1100410
12301
110401
2011300
212200
1021201
2210002
1110220
2202001
100321
2010112
1001110
2200300
3000031
1311010
30013
2010121
210100
3121000
2003101
3110200
1300111
14200
21103
3211
4000003
2020012
1400011
1211200
2201101
101011
400102
241000
130210
1011013
1100023
1012030
202
130102
142
4002001
31021
1200202
1100212
300130
2302
400021
131002
3030001
1100203
1021003
10042
111040
2121001
1000240
2003020
1000102
1040110
3201001
34000
2001100
120103
201031
32011
1320100
2020102
30022
1120021
210004
24001
112021
100033
131200
1100113
3031000
130030
3013
1221001
10204
310300
4110001
200302
3100201
2021020
2001112
3002002
1004002
100123
31120
1012201
2001211
2320000
202300
1020010
211102
3030100
1012000
2200111
3021001
201400
201022
100042
30010
130201
1103011
1010302
10021
4000300
103003
1301002
1200010
4111
4010101
1400110
211300
302110
2011012
2031010
10300
2010400
120031
11230
4100200
3020110
2201011
20113
3003010
3000400
1022200
132100
1110310
3000100
43
101023
301000
31300
1023100
1100401
10240
4001200
1001302
10
1011040
3121
1402000
1120000
2011120
2110201
1101010
20410
1400002
24010
1002103
2002111
3111001
1123000
3103
231001
4201000
2101000
3101002
3000202
22201
122011
3103000
10303
12220
103111
22111
1020031
10210
3310
1120102
102202
202000
4300
1320010
300040
4001110
2000122
103
2112001
22210
1210300
300301
1131100
230110
102130
102103
1021102
4210000
1000033
3010210
1021021
212002
1001401
2130010
3102100
100120
2200201
12001
2110000
2041000
304000
33100
402001
1130011
201301
402100
301102
200032
420001
2410000
2104
22030
22021
4001020
2101003
3102001
2001400
1010104
11131
130
2000311
421000
3002011
220012
130111
4000201
1221010
211201
4000030
40111
1004200
1111300
2110012
40102
1001104
1010401
3003100
10000
420010
1401001
100024
1001014
2030110
4100002
220201
3202000
2200021
2200
201310
1004101
30301
4001101
120310
133000
3000130
20320
401200
11011
43000
3100
34
321010
132001
1010131
4000111
222001
41011
20221
411100
1040200
103012
12400
10030
1410010
1222
1002004
141100
1230100
2000302
1032001
410200
101320
3110020
313
1210102
2000203
123010
1010014
2221
2300002
4002010
4101010
1200031
1042000
110320
30211
102400
4012
101212
3010111
3300001
1302001
1210201
23101
1042
1001002
4
2401000
210310
320011
120202
102001
410110
101104
3120100
1000330
2320
1030
1000402
1002112
1210000
2120020
4100011
2012011
1103200
2111020
1100014
40021
1002211
130003
1030003
300013
2001004
1021210
1010110
2203
3001021
1102012
2100112
2110102
31201
1000114
121102
2030200
110230
1212100
212110
2310010
2220001
102301
4100020
2014000
2010013
4001011
1030102
2200030
103210
1102201
2100121
221200
2410
2011030
1022011
10312
410101
220111
2021200
2210110
204001
200041
2122
211120
3001030
300400
2200120
1121200
1101103
13201
1300000
20002
1203010
1033000
4002100
2022100
2000401
2000104
221020
1101100
3110101
3100102
3020011
124000
210130
3300010
1010221
2400010
2000002
30100
23011
200014
1011220
400111
1310200
1110001
401110
4020001
2103100
2000011
130012
2120011
12040
1001113
2002030
22012
11101
202030
3004
1003210
2121010
1011310
20311
1240
21022
124
110221
320002
110020
202021
1012012
311011
1020040
200140
42010
1301200
3130000
100003
30220
230101
12103
10132
2301100
20200
4001002
3000103
121201
1400200
240010
4102
21211
3100300
113002
203110
32101
1020301
2100202
2111200
1111030
301003
4000
1030300
30001
40120
4200010
2040010
1002100
1000111
4120000
2003200
2020201
241
111202
2002300
2003002
300103
2001031
2000041
213100
13012
101113
31111
100330
3100210
100141
14011
2103010
2004010
2211100
2210101
21013
1300201
2002210
200011
2012020
12010
3110011
120112
10003
20140
3210010
1100230
1300012
302002
102031
2000200
2040100
4300000
1321000
20230
10123
103300
410002
11203
1023010
2004100
120001
311110
300031
1000012
2101210
1102102
1024
211012
1312000
300100
4000210
23200
2010220
2120101
3012001
2000113
2020
310012
12004
121021
301300
4120
1221100
211003
101122
201211
2000221
2201110
400210
311020
1030111
111010
101101
1230001
2100100
3001210
1011004
1210003
1102003
1201102
3100000
220030
1220002
1000303
3010021
112300
300121
1201000
3011002
11023
1010122
3112000
2010211
100213
3004000
111220
320200
3000040
1001230
1013011
100303
2003110
1114000
2023000
4020100
3130
100420
1000000
1330000
110101
4200100
1211020
210040
1101301
102022
3120010
2100310
1030021
1000213
401011
300022
110200
320110
2131
120211
2221000
2101030
103120
201001
12310
1130200
1032010
2010004
402010
21202
200020
2012200
1010011
430000
203002
2000020
1100110
100231
1010041
100300
4000120
4003000
2301001
301201
220021
230011
1101130
132010
1200220
104002
201220
11032
1222000
10330
1003102
222010
10213
10321
1010320
1012021
2100031
3220
1000024
2110021
2110003
3011020
13003
1020130
20023
4030
310120
31210
13021
101221
210001
410011
112120
40000
2010022
1301110
12202
12211
2200210
112003
1110031
41200
1204000
21130
10231
322000
2000320
2013100
3010102
1002040
2101012
4102000
2220100
1011022
2131000
2020300
4110100
200230
1202110
103021
3110110
2212000
1030210
100
430
231010
123001
101302
100204
1230010
2002003
1001212
1200022
1021000
21220
2011021
4110010
1000030
10012
11110
303010
200200
1010140
1213
1001041
1200121
1021
1303
22102
111013
2100004
1001023
1141000
110212
11212
3220000
11302
2021011
1231
21112
1202011
2014
3010000
2021101
3201010
3400
400201
1120
1102
11221
230020
2011003
140020
221011
101401
1013002
1201021
12031
302020
40030
112
1220101
1201210
21004
2400100
4011010
1240000
30202
2001130
2000410
1212010
1012210
1001311
40003
22000
1210021
2101201
202012
200104
1141
2010310
121000
210202
100021
110032
1200100
1210012
101140
1420000
3301000
13300
2011
113101
1120012
1013110
1010101
1000411
32020
1000222
2000131
1031110
1000003
1100002
312001
2100211
4201
3010030
2002021
412000
1101040
4210
2000230
1400020
1140100
1311100
1110400
2010100
31
1110103
200113
20401
1012
3020200
2100013
200221
2140000
2030002
1100311
1020211
140101
11014
223000
23002
1023001
310210
1310110
3100030
22120
21040
1114
2032000
2202100
210400
120301
200401
11200
102112
2300110
1002310
200122
1200310
4011100
1004110
3010
1003021
10024
112201
2102020
300310
2110030
1201120
3301
120004
111310
2002102
1210210
1100101
2001001
2102110
110014
3200101
100402
121120
101041
1120300
2020003
421
2002000
2100400
2001202
312010
1132000
1130020
2201020
221101
10141
3001201
120100
2202010
210301
200410
2030020
2300101
1030012
220210
201103
1300003
13000
1030120
1100200
1300021
222100
103201
1220020
1110301
40201
303100
2010010
2003011
320101
1001131
2001220
22300
1400101
142000
1111000
131020
1104010
114010
221110
10411
1303000
2021002
20302
340
2111002
102310
2110
1003003
111301
3002200
2103001
1021030
20032
4200001
200110
111001
1410100
401002
400120
140200
1202002
214000
2011102
313000
2310100
3030010
2300011
1024000
1122100
401101
1030201
1201012
2110300
104101
1033
1120201
110113
12112
2203000
4010002
420100
3010300
301210
1100122
4100101
131101
2012002
1020022
1200211
1111
102013
3101101
311002
1101001
10120
20014
1020100
122200
1110013
30121
120220
110002
203011
403
411001
1030000
2100010
20203
1123
1002022
1000312
304
1041001
310000
4101100
321001
3100012
2030101
2211001
1102021
210031
3011110
2210200
2020120
203200
1102030
3210100
1300210
3000310
2000014
31012
1213000
1120003
2201002
2010130
2001310
302011
1100140
122101
300112
13120
110011
3021100
1002202
1011100
2101102
2300020
3101020
22003
2002120
1001032
101200
1011130
11104
1040011
2001121
110410
3100120
1402
122110
1002031
31000
3012010
1101022
1300300
2013010
1000120
300220
2000032
20212
212011
11410
310030
140002
2112100
20110
111103
2200012
100210
1231000
3211000
4111000
4100110
3000301
400
1201
2011000
2001010
21001
411010
110140
3040000
1100032
2010040
1330
1100104
101410
400030
1101031
21301
1011103
212101
1020112
103000
202120
3110002
301030
2020210
1000210
2401
111031
1113100
1312
1320001
1202200
1111003
110311
201112
1000204
301111
200203
1003120
1112002
2400001
3020020
2011201
1200103
3010201
32110
1001122
330010
13
1112020
1010212
3001102
2001022
1301101
1100020
1104100
101014
1301020
3001120
231100
1122010
220000
1001011
1003000
3010012
102004
1210030
2120110
302101
200131
1041010
3001111
1010032
1012102
1021012
1321
101311
4012000
1103002
1022002
1011301
11401
1003012
21400
1031002
1001320
120400
1110022
1301011
300010
33010
1130101
102040
2041
331000
3120001
1020103
1041100
1020202
12121
1220011
140110
2100130
3010120
1000
1014001
21010
1001221
40300
1004020
2122000
1000132
1103110
103102
102121
330001
210211
41110
1302010
1212001
111400
1101202
1002121
110131
1102120
101203
110041
220300
1110100
101002
2100220
130021
1021120
2001013
41020
2104000
302200
210010
2120200
14101
120040
1011400
3022000
1102300
3000013
1002301
141001
100000
1102000
3000220
2022001
133
202201
11320
1022110
121210
3011011
31030
331
1131010
42100
3100111
1101004
13210
10420
10102
41101
1020310
21031
104110
2302000
14002
120121
110203
1103101
1011202
33001
1001200
2112010
2110120
2012101
20011
213001
104011
1000300
1002400
2000110
201202
1132
2020030
300202
321100
310102
141010
230200
1203100
1200013
1003201
232
312100
2121100
400000
310003
30004
121300
122020
3111010
1200001
1020013
3000112
3202
3002101
40
1401010
2210011
30031
1120210
2101120
112102
2201200
1140001
10201
20101
300211
2120002
1010200
212020
202003
1020400
2311
1202101
1020121
2130001
1021300
220120
1110010
14020
4021
1201003
1000321
1110202
1200301
2030011
1010023
1200040
2102101
201010
340000
120130
1201300
2100001
1122001
11002
32002
1003
1040002
1020004
2110210
201100
201004
1011010
1003111
3010003
4101001
120013
1012120
1031101
211
1100131
412
100114
1013020
110302
1112200
1210120
2210020
210103
1201201
330100
3003001
1200400
300001
3200002
1040020
1012003
4011001
40210
3101200
1202020
1140010
2211010
101230
1120030
400012
1100041
311101
11122
1310011
101020
23110
121012
100102
210112
3400000
200002
1020220
1022101
10114
104200
202102
2010031
220102
211021
10033
2032
3022
1100302
2102200
1012300
3012100
1002130
2012110
2101
2220010
3001300
1001203
1002001
131110
1013200
1000231
2102011
24100
4000000
2311000
2002
1110004
1311001
100240
1040101
1200130
1002013
223
100012
11113
3100021
1002220
2002201
301
113020
1010311
2004001
123100
1101310
110122
201121
2000140
12100
21121
1300030
3100003
1100320
20131
4030000
1220200
310021
11311
112030
10111
4003
401020
100201
2140
1031020
1000042
100312
121
3111100
3300100
114100
1
410020
14110
403000
30130
101032
11020
13111
4010020
42001
1011031
303001
110104
400300
4021000
100030
232000
2102002
3200011
30103
40012
1014010
2100103
1211002
1100221
1002010
300004
1032100
2001301
220
3001
1300102
23020
1200112
2100301
1130110
202210
200311
111100
213010
1104001
1210
1010230
1310101
10222
140011
1031200
311200
221002
1220110
1031011
1420
301120
20104
1000420
1011001
3002110
2000101
102220
1102210
1101013
1100011
320020
4000012
2010103
1010020
240100
1010002
2101021
2010301
100132
200023
204010
111130
100111
220003
240001
1131001
301012
2212
30040
101110
