3003130
300010
13330
23002
3030001
1000330
3313
430
2302000
1300033
3020020
220033
3301000
2000320
3000103
130303
4030000
2000023
301303
200323
2200
3034
3300310
2300302
3100303
2200030
233200
303040
3013
3004
4300003
34
433
3304
3304000
3300040
1300003
103300
3400300
3000202
322000
220330
304300
2030320
3010000
3013030
203200
300400
200332
33301
30133
3220300
3040000
3020023
3002320
232030
301030
310
3200023
2300002
3002002
330004
302023
33001
334
3330001
3010300
3030031
2020003
3020002
1033
2300230
3000220
300310
32020
33004
30103
10030
3100003
3003301
303400
20200
30403
30310
30301
2203003
3303100
3203002
3001303
3000310
331300
310033
302230
4003000
34030
303220
2300023
3030100
232300
2300020
3303001
103033
40300
2002
3202000
2303002
3300103
2033020
2030023
303310
2233
3310003
3013000
1030030
3003310
3000040
3230002
3022300
20332
20023
331
3300100
1330003
3002020
3000340
3100000
1033300
3030010
322030
200020
30013
3301300
303010
10330
1330
232
3302200
3203020
320200
300013
32230
3130
3130003
3003040
2000323
301300
13300
33400
3320020
3031000
1030300
230203
300100
31300
33013
10003
4030300
403
2230
1303030
3300301
3000100
200002
10000
23200
2230030
40033
4300
3223
130
2003302
3004000
2003320
3000313
302200
203230
100030
1300000
3200230
3022003
430000
331000
43300
31003
3103003
3003001
300103
2033002
3022
1030
2030020
1003000
2030203
3013003
430300
302302
200200
33103
4000003
400303
220003
1000003
3030103
301033
32200
2203300
100000
332020
20203
3031
1330300
2233000
2300320
2300032
2020000
3010030
3003010
3003031
1000000
340030
230230
100333
23320
33010
31033
3001
430030
3232000
2200033
2032000
2030200
13030
2023
4000300
2230003
2020030
331003
20302
3103
3220000
202
3220
3030022
103003
100330
300034
32023
20230
30040
3403000
301
3202
1030303
2000200
233002
322003
30304
10033
13
3100033
3000130
3000010
2000002
103000
303130
30100
3023200
133030
310330
3103030
330100
330202
230002
200032
22030
23023
3403
1033000
3301003
2002300
3000400
403000
130000
232000
230320
4003030
3300130
2030230
130003
200203
300301
300001
40000
4000000
3130000
3320200
3020032
3004030
3002032
3000322
330031
4330000
100300
4030
4
303004
223300
302203
40303
313
3310300
3300010
2032030
3000031
323020
220030
3202300
3200200
3031300
2020330
313030
22033
30340
20233
3310030
3013300
1300
4003003
3300400
1030003
202300
301003
3340
31
1330030
3001030
3040
3202003
1003303
3000403
30004
3020302
3030310
3010303
3002203
2330002
223003
330301
304000
3033010
403300
400300
310303
2032300
2203000
3032200
330013
202330
30223
3322000
2200300
2023300
23020
32002
30430
304
4003300
3000034
320230
130030
301000
3133000
2303200
3002023
200230
300040
300004
4000330
203002
13003
30220
3133
220
1003003
3040030
1330000
133000
223
3130300
430003
330400
330103
300133
23230
20002
1003
2320030
2200330
320203
33130
30400
3320002
330001
40030
2332
2032
3400030
2023003
1030033
343000
330040
23302
2300203
3200032
3030130
1000030
220303
3322
322
2302003
2323000
3303010
2030032
232003
303001
4000030
202000
203023
32203
2203
230020
3004003
3003022
2000032
202030
33202
2323
3300013
300022
4330
403030
2300200
2200303
340003
310003
300304
34003
22330
3230200
30022
3430
32302
302320
13000
33022
30202
3004300
400330
34300
3002302
2020303
3001300
320002
300340
133
4030030
1030330
2020033
3040003
2203030
3033100
3020320
100003
3010
4300000
3003013
332200
200233
300232
13033
3220003
3301030
3302020
3030004
3000022
333100
31330
2230300
3330010
2020300
2002030
230023
203320
200302
22303
2332000
3130030
3200302
3032002
2002000
3000430
400030
300430
2320300
10303
23203
3030202
3030040
302032
22003
4033
3100
1300030
3010330
3001003
400033
10300
4003
2303020
2030002
3001330
2003020
400003
330010
202303
300322
4303000
2302
2003023
2000203
33220
30034
3100030
33040
30331
103
3030301
3230020
2200003
3040300
2002330
2003032
2330200
3032020
2032003
1000300
223030
203203
33100
400
4000303
3200320
300403
40330
31000
20032
4030003
1003330
302002
300331
3310000
313300
220300
320032
200320
100303
30001
3400
3400003
3203200
3300001
3030013
433000
334000
320320
303022
4300300
43030
40003
300313
320020
203302
1303003
2023030
3022030
3030220
3001000
2003200
3002200
400000
2320003
203020
330022
133300
103330
3003100
3200002
3022000
133003
43
1300330
3331000
233020
303031
43000
43003
10333
3310
3430000
340
3002230
3003202
20320
30322
3031030
3000223
310000
303013
202003
3031003
1030000
333010
22
3202030
3003400
2000020
304030
301330
1303300
3200020
3000133
3000331
2000302
3000001
313000
323002
2230000
31030
1003030
332002
230200
230032
20020
40
3030400
1000303
340000
300130
34000
30313
30031
4303
3003103
2330020
3100300
3300004
3023002
1000333
130300
300202
3313000
200023
1000
3043
300043
1333
1300303
1033030
2030302
303100
4000
3232
3400000
1033003
333001
320302
304003
3331
4000033
3200203
31303
1303
1
3220030
3100330
3034000
2033200
3020203
3000013
330220
103030
1303000
300031
2302300
3302002
2003002
33031
30130
343
3340000
303103
22000
32320
33310
3000304
3330100
3023020
322300
313003
203032
20323
30010
1333000
2003230
302020
202033
100
4300030
3300022
3300031
331030
310030
103303
23032
3300202
3010033
1003033
2002033
1000033
3000004
223000
330130
2302030
10
3003004
220000
340300
320023
303202
13303
32032
2002303
2320
2002003
300220
2023000
2320000
3223000
3033001
3020200
1003300
2000230
323200
2200000
130033
22300
30043
3301
310300
130330
330310
300223
2020
1300300
3103000
3043000
2003203
3001033
2000332
3000232
3000043
4033000
100033
30232
230302
303301
403003
3300220
3020230
3010003
3003220
2000233
3000301
3103300
