301320
23001
103200
3033
3000123
310230
3200100
2300310
3022020
2133
3202200
103203
100332
100023
222000
200103
30300
30033
312000
310020
13020
10302
3102
2013
2300301
2032002
1200003
231300
10203
2230020
1300320
21000
3003000
3300210
2003031
332010
222300
3020022
301230
2202
330000
300222
202032
3020031
210300
30312
3100302
2030202
320103
300201
3030012
230103
202200
3012003
1002300
3020010
3000210
10332
2220000
3030030
1300203
2022030
3030120
2010033
31203
20331
3220002
2203020
203001
100020
2320020
3013200
220302
3003030
3203010
31302
1332
231
2000331
12330
30123
2010303
313002
120000
120300
100233
3100320
3200022
200232
23010
13002
213030
323010
3000213
31002
3230010
1023003
3000030
2023002
230130
23100
2202030
2200203
1200033
2020302
3020103
2001000
300
120030
333000
3203100
1203
100032
1303200
33003
103320
2020203
3000102
1003320
3312000
3012300
3031002
2001
3300120
2130
210
2230200
1200330
33
232002
102030
33102
3310002
3100020
3300021
2030010
2002302
3001020
100302
2133000
1200300
133002
301023
1233000
2313000
2030031
2000322
202203
21
3120000
3120030
1032030
3002130
233001
2302020
3030201
200100
303000
1032300
303102
3000003
133200
1002330
1000032
130032
31230
2300010
3330
330102
30102
3300000
3312
130020
302202
2000022
320310
130302
32103
200331
31023
3300201
322020
30003
2301
2030022
32310
3230001
1302000
3003120
23310
10323
300000
2130003
3003102
1320030
3001302
310302
30132
30201
2020320
230310
1032003
3200103
1023300
230010
1320300
120330
2002002
302301
300231
2320002
3302001
1033200
3010203
2030013
332001
2310300
3201030
3002100
200010
1300200
300330
3020202
2020023
2000133
2303100
300300
3120003
32301
123300
2322
3200301
3003
22302
20322
20103
10032
1030203
310002
231030
220230
300213
3213
3200010
3022200
1200030
2031030
1000023
321000
1230030
3102000
23022
3301002
310320
3103200
1300302
2000130
3130020
213003
2000103
301302
3220200
2033100
1030200
22320
2313
2100000
3130002
132300
303210
1032000
3012030
1002030
220023
2301030
1203300
1020003
1000302
201000
1300032
1330002
1033020
133020
3030300
130320
12003
1203030
2103030
230013
203130
20232
3000
2003022
3032010
102000
103002
33210
30213
3320100
3103020
2003202
2003013
31200
3021003
2330100
2100003
330
232020
1332000
200322
230220
303012
3102003
3020310
31032
20133
2220300
3102030
2300100
3201000
21330
1003020
230022
312300
321030
300321
2310030
3202020
1032
132
3030210
20013
1300020
3021000
3032100
3300300
320220
200022
1230
3301200
2200032
331002
3132000
2031300
312003
200031
3300030
223020
3001203
1302300
2020020
300123
3200310
1300002
3200001
1320000
1303002
32100
10320
203202
302022
13203
2301300
3203001
2020002
103230
300021
3321
3303000
3320010
2000100
1330200
2022000
3001002
31020
2130000
3100023
1003002
100230
22002
123030
20100
3000321
220020
3210
1203000
2022300
1230000
1000020
303120
203022
13320
3201003
3300102
2200023
3321000
3300003
1020033
3000012
201300
3330000
2130030
31320
302220
201033
23103
20313
1030002
3002031
330003
2202003
100320
2030001
3303
312
3000000
1003230
302100
2232
3202002
3000222
330030
1003200
102330
230100
302130
1230300
330210
201030
201
2331000
2303010
203031
3
330201
12
3003003
200313
3231000
0
220032
20310
2202300
2000013
3002220
1003032
2203002
2030130
100200
12300
2002200
302010
33300
21003
3000132
123003
3000201
232200
120
2023020
2003301
203100
21033
3120
1020
2023200
3023100
331020
302001
2330010
2202000
210030
301002
2103
303030
2001300
1023030
30012
321
3020130
210003
2103000
301032
3002013
2100303
3012000
102
2010000
120003
301020
2220
2031003
330120
202020
330300
132003
3000231
1200
2100
1023
120033
302103
310203
100203
1233
3100032
3002001
320130
203010
3020013
300210
20010
1323
1200303
1023000
2001030
3003021
2000202
130200
230202
2300022
2003220
30303
3010002
2002203
3021
3301020
1002303
320001
202302
213
1320003
2000313
2000220
2000010
130203
1300230
3013002
21030
3012
3213000
3001032
233100
30120
300033
100323
1300023
3310200
2200230
103302
2230002
3003201
3030021
132000
3130200
2330001
333
302031
22230
3103002
3010023
3010032
223200
310032
13032
10233
30222
1303020
1020300
20301
32010
30
223002
301203
300303
1020303
3003210
23220
2100330
3000033
323001
30021
3001320
1000230
3200130
21303
1302003
2100300
33000
120303
33201
3210003
3300012
123
3022002
320301
20220
2020200
2030220
231000
321300
320202
2013300
1002033
33030
2000232
2013003
322002
202002
300312
32031
32001
3123000
3320001
3132
2010
3020001
213300
3030003
1003203
102303
32202
3030
123000
103020
201003
200301
3222
3001200
2001303
3201
1030230
231003
2013030
1020330
330012
1302
2001003
220203
230001
2300202
2000310
2022003
1000323
1003302
220320
3033000
3002310
2030100
1002000
300120
3102300
2300220
103032
2033010
3020301
1000320
301200
300012
22200
3000300
2200002
3100002
3030102
3000120
130230
303201
13023
3230100
3200220
20130
2100033
2010300
201330
23202
2200200
1030302
1030320
313020
3032001
2003310
310023
222003
20031
3021300
2010030
3002301
3031020
2300031
2020230
1020030
2020032
303003
203301
30321
1002
2203200
2031000
3001023
21300
33021
2310003
2301000
3200031
2000301
320013
203013
303021
10020
2300130
3100230
1002003
2000031
3000021
312030
3222000
200202
1000200
3000312
23031
33012
20223
30000
3120300
2103003
1033002
102033
2220030
1020000
230301
230031
320022
320031
200220
200310
2100030
213000
2031
2010330
10023
23013
210303
2300001
3002103
2003001
2310000
300102
13230
1320
3100203
321003
222030
310200
1330020
220200
222
3003300
3002202
3000330
2002032
130002
201303
32220
2200320
2232000
2130300
3302100
3013020
3023010
3030000
1323000
2001033
332100
300132
20202
2013000
3010302
1030020
23130
2002320
322200
320100
220002
22203
300030
1000203
323100
331200
30210
2302002
2200020
313200
200013
10002
2003130
202023
2000001
210330
32022
2223
3010200
2003010
30030
1003023
130023
3220020
2000223
10200
20022
3021030
1030023
2300013
300003
3002010
302310
203103
22032
320010
303300
3031200
3123
3100200
3023001
2200302
3300
3002022
12030
1302030
3010230
2002020
13200
200223
22020
3210000
2320200
200133
2220003
1030032
103023
302013
10230
3310020
3001230
2032200
2001330
2022
2223000
1203003
23301
2003103
102300
1000332
3003012
33120
3201300
3010320
202230
12000
1000002
210000
12033
1200000
3200013
30330
303
3302010
2300103
3000303
2032020
132030
102003
3210030
1230003
202320
200001
2303001
2030103
2030310
203310
12303
3210300
3200202
13302
100002
32130
20001
2033001
2003100
3010020
200130
330021
22023
2103300
2301003
203220
3020100
2030301
2331
2322000
2302200
2002023
3231
2010003
210033
30231
1000233
233010
2310
32013
3020220
2002230
