1010310
3
1000104
1112001
30000
2004
2020011
2000040
401100
1210110
1101012
302001
104001
4011
110121
200013
2101200
2010021
1032
4010001
2211000
2102001
200100
10200
2001210
3120000
1010400
1130100
1011003
4000200
1003101
110211
1022010
1022100
1021002
10203
20040
1001100
1000212
211020
30003
112011
131001
1020300
20301
1002201
1101102
1410
211110
330000
1002003
1100202
210021
103101
2010300
201003
1000032
1013100
2021100
20010
101103
1020030
1311000
102030
2002002
1300101
2100
1023
11004
1230000
10221
2002110
310011
31011
111021
10320
2013
2020110
1011300
1103010
310020
3000
300201
1200012
2110200
2001201
101220
1010220
32010
41001
1221
32100
3100110
1010004
1310001
1121001
10011
3030000
2040000
2202
140100
2101011
1003020
210102
2101020
1010202
210201
111120
1200300
2031
141
1200210
4000002
2013000
1002000
1101300
2102010
1004001
1002102
400020
1002111
14010
2111010
4001010
100032
311001
1120020
21300
310110
1012011
2200020
2220000
1200030
200130
201
100131
0
111000
300000
120210
10140
321
11013
110301
30111
2201010
30210
1002012
1102101
10122
20211
230001
2011020
400101
22110
4001001
3300000
4101000
1302
1200000
100014
300120
2100102
12000
303000
30201
2004000
111
2110002
101400
22101
10131
2001
2010030
100023
221010
1212000
31020
122010
3010200
200103
122001
110103
202020
1100031
1201110
200301
3000102
210012
12210
3111
2201100
2112000
1320
240000
1001112
1101201
3001002
1100001
3001110
2010003
23100
12
130101
101202
1220100
302010
3100101
2202000
3210
2010
13011
1100301
2000022
20220
1000014
1201101
2000301
1020210
2010201
40200
100200
111201
1030002
102
110100
120300
401010
3021000
130200
3000111
22011
3012000
3001200
40110
1103100
3120
222
2101110
310200
410001
1110012
1110021
1030110
1010040
102012
2000001
11130
1011201
2110101
1012110
2003001
2012010
3001101
101211
321000
1000020
22002
1000221
1100103
203100
4010100
3000201
1010031
112020
104010
114
1221000
3000021
3000012
202002
2301
1113000
1230
4000020
21003
104100
111012
2103000
1000320
2000031
22200
4020000
1100022
1010001
1104
2100120
213
103011
12012
2300001
1110030
1202010
1100220
2200110
20022
2000211
4101
210300
2002011
1200003
1000002
11202
10410
100101
1120110
200040
1300110
201000
111003
110022
12201
2000121
1010103
110013
102021
12111
2000202
200202
40002
140010
1112010
110400
102120
2121
201030
1111020
1110201
2100111
2211
1001010
211200
121002
100140
300111
20112
2001021
3000210
300102
2011200
100320
4100100
1200102
121020
2010111
3201000
1102200
203010
101031
4200000
103020
2301000
312000
3110001
2000004
21
4002000
32001
131010
1101000
123000
1014
111102
1003200
203001
21000
2010120
2011110
1131
3020001
1000203
103110
302100
1302000
320010
400011
113100
2400000
204000
1100400
210003
100203
1210101
1002030
2000310
3010110
130020
42000
10032
310101
1011
1030200
211011
11211
202110
1000401
101001
20121
1131000
3020100
20103
1113
210111
3102000
1000101
131100
1011102
121110
40020
1211100
220101
1200201
110004
11022
2112
420
1110210
13110
30300
100002
311010
212001
102003
11220
1041
2101002
120102
2000100
110310
1020102
2010210
13101
1103001
1211010
140001
2001300
1001301
213000
111210
31200
1200021
20013
2020002
201210
402
1030011
212100
20100
1001400
12021
1100010
101112
4110000
2002101
1210011
101022
1004100
2121000
1000140
100041
300030
112200
1021101
2022000
1300011
1030101
1001022
1130001
303
4020
114000
11001
1000200
1210200
3001020
301002
301110
3000300
1310010
2200101
1011000
1000311
2011011
10104
1410000
11301
1000230
2001030
2003010
200310
1212
1301010
4000101
3300
1201020
1100130
1031010
1001220
311100
200112
2120100
1010301
1040010
1031100
2001012
1021011
1010211
2100021
1202100
300
3210000
1001031
1010121
3111000
201012
101121
300012
1001211
200400
130002
2010102
1100121
1011210
110112
4010010
1022001
1010010
1311
12030
100011
3010002
102300
201300
3030
1001040
2030010
1001013
201102
101004
3200100
110202
11310
1300002
1012002
4002
1001004
2001003
1100040
300300
2210001
1021200
1110102
21210
1203000
2002200
1100100
3000120
2001120
1101021
100401
1011120
3100200
1012101
1101003
200004
231
2000112
11121
2002020
3100011
1111200
201111
2100201
210030
4001100
2000220
100302
301011
1100211
220200
102111
1301100
1100310
1014000
10002
2310
2111001
3000003
1013010
1220010
2200011
1201002
102201
14100
1020000
2003100
2020101
3100002
2130000
1100013
204
40101
1320000
3011010
200031
2000130
1012200
20310
101130
220020
1310100
301020
1000023
20004
210
1110120
100104
2100000
2100210
13200
2110110
200211
2120001
2030001
10020
123
2100300
1000302
1040001
411000
41100
10014
4011000
1013001
10302
121200
2110020
401001
120021
201120
1140000
3002010
3011001
1101
1400001
211002
1101210
411
2012100
30102
31110
21111
132000
320100
120030
2210010
1120002
1020201
10110
10311
2100030
1010022
1003011
2100003
1210002
3003
1002210
111030
200121
4100010
300003
1000041
221001
3200010
222000
23010
101301
1400010
1003002
3010011
100311
230100
1000131
2000103
1210020
1020012
121011
420000
1200
110040
320001
122100
120111
1000113
2020200
102000
1021020
2200002
211101
300021
3010020
110031
1300020
1301001
3101001
2022
1104000
240
120003
1010100
1121100
102102
11010
2310000
2110011
2012001
3110010
14001
11103
1002
11040
1110300
30030
42
400110
221100
4100001
1020120
2001102
120
120201
2030100
113010
100212
230010
2021001
24
1120101
101040
1200111
12003
2020020
13020
30012
20001
3201
3000000
1211001
220011
100122
2040
3200001
2031000
3101100
103002
2000013
3102
1400100
1122
130110
41010
301101
2210100
330
100230
300210
1401
1120200
1220001
20130
10401
1110003
110130
4000110
132
20202
2130
220110
1011012
2001000
3021
113001
120120
1023000
1122000
1004010
1010112
2001111
1110000
202200
1020
1021110
10212
210000
1101030
201021
21201
2300010
3110100
1040100
1203
2101101
101013
3100020
1020003
1102020
1003110
1101120
202011
121101
1401000
1102011
11400
4110
10230
1201200
1202001
13002
20400
33000
30
200010
12300
21030
21102
310002
200220
1011030
111300
11112
3000030
100410
1121010
1001202
210210
12102
112101
2021010
2000400
2220
1000011
21120
400002
2201001
1001001
110001
1130010
312
410100
112110
2102100
220002
1112100
231000
1032000
1000122
2011101
1011021
2200200
1041000
10023
1110
3003000
1031001
30021
112002
1111002
202101
12120
1002300
200001
110220
103200
100113
1100004
2010012
10101
1140
402000
22020
20031
141000
40011
1020111
100020
200022
1001310
101010
2300100
1001103
3001011
201201
1001130
1200120
3011100
130011
10041
3002001
3010101
1020021
4200
2103
3012
212010
101100
4000011
102210
410010
1102110
2400
30120
100110
120000
1000410
1120011
2120010
120012
100221
11100
10113
1001121
2100012
1002021
31101
11031
31002
301200
3002100
3101010
1102002
21012
1300200
2011002
210120
110010
2010000
1100112
23001
33
2111100
101310
1201011
1012020
3020010
400200
1010013
21021
1030020
24000
1010130
1002120
1000110
2000010
