2000023
3120010
102031
3000310
200032
3002011
103012
100312
2100130
2022001
2001301
3400000
221200
3101002
120400
31012
12004
3211
1230001
311200
110203
200122
1303000
1300012
102001
1200130
1010020
1312
1300120
100213
1102
3010000
331000
2002012
3011020
1030
101230
101020
4000021
3000001
2102020
1100203
1022002
3002110
100210
21130
3002200
2130100
2120020
4201
1240
21040
301003
30004
210310
402100
213100
230101
31021
310003
2103001
2020210
1030120
1002001
211030
102022
203011
3000040
202030
2021020
102202
21004
20212
2202010
303001
1010032
2000221
102103
3103
3002101
130
102310
22120
4020001
4000012
2002201
40003
20020
1000231
132100
1000033
1103020
2200102
10120
1130002
2102002
213010
3000220
130000
340000
120103
1210
1202020
1200010
121300
2020300
2030002
320020
2100010
13003
4000000
3013000
3031000
22
201004
2201200
30130
401002
2020102
222100
1204000
1203001
2100004
1002040
40120
2110
1022020
4003
10
2110000
2120200
1042000
2201002
200401
30112
2000200
1400020
1301200
2011
300202
22003
201103
2020201
1002310
400021
101320
12013
20110
1030000
1000303
1120000
1100230
1001320
10024
310000
1021003
204001
2010130
232
200200
100330
2040010
3202
123001
43000
1032001
1020100
4000210
3121
140002
200140
1420
1033000
100303
2004010
1000042
31201
2212
3112
2000230
1100302
1300102
40210
20113
1000
1002202
402010
420001
400102
21103
10222
2003020
2210002
1302100
2001202
312010
100042
3100003
1210000
2100001
1102030
2000131
203101
2101003
1000420
31
202210
2032
3201010
1020103
30022
230110
3030100
4001200
3120100
4120000
211
31300
4300
1001023
331
321001
1030300
3101020
1100032
120100
11023
310030
201040
13102
2221000
3040
301021
2030020
1000123
1204
131200
24001
3100201
1002013
112300
130102
21100
1024
2023000
1030102
1001302
10123
2401
3001
1000024
100102
1003003
1003
1021
4100200
3003100
3010
2200012
1020001
200101
20203
1020301
120022
100231
20023
2030011
131002
133
4002010
2101030
2300011
2300101
102301
311002
103102
10312
4010020
1200400
2002120
200041
100012
20401
2311000
220201
210022
1300030
2301001
10042
1020040
1002301
301
2410
303100
2200120
2100202
3012010
1012003
3001003
2131000
3201001
310120
103120
2200003
1400200
202300
2000401
2221
300400
23020
1010023
2104000
2100022
4102
1102000
3100120
300040
1103200
2200021
2210020
120301
4
14200
3000202
400000
2200201
2220001
1201300
2000104
120010
2200300
1003000
2002000
3013
1000213
10240
3000130
303010
2230
1021300
1002220
10021
3130000
2032000
1030030
2001400
400201
221002
1203100
1022200
2013001
3120001
1021030
3021010
210013
12031
4001002
1000300
1420000
302011
31120
2122
4001020
1130200
10300
2001010
211300
3001300
1032010
2010310
223
321100
132001
12301
3200020
2002030
2001013
310012
1210030
33010
1000204
100321
2203000
3102010
300100
12103
11032
2010022
120013
104200
100240
4021000
1301020
1200310
113002
2200210
2013010
214000
2311
300013
2004100
120040
201022
1123
3100300
322000
1200103
122020
202012
220030
32002
1001020
330010
20221
20011
103000
300130
240001
2104
1003120
12010
20041
240100
120031
200113
2020003
2210200
1000312
400210
102010
1130020
3021001
3010210
1012
121000
123010
320110
201001
20131
3100012
2010103
2200
11020
220003
2100040
1002022
30220
3031
210004
3300001
3000400
3102001
4010002
1102003
2040001
301210
22021
2020030
3020020
1203010
200203
200020
2010220
1003210
2003101
3200200
1230010
2102200
220012
2203
1001203
120220
2003002
203020
2013100
1300300
1120030
1020130
1300210
1010200
42100
2320000
4002001
200320
1001200
1002103
2000014
112000
210040
3201100
100030
1020013
10012
142
222010
200110
20140
2100310
1200040
113020
1200013
200002
3020110
103210
3000100
1220200
330001
201202
4200100
30040
121003
2120002
1000240
1
201301
200131
3110200
130003
320002
4210
400012
12202
21010
3100102
3012001
1003102
112003
120310
201013
400120
210130
1201
203200
2022010
1004020
1102300
1001230
2000110
211000
41002
4102000
3000010
301300
3020200
1300201
3130
1000402
1120
124
1000003
2212000
200023
3103000
300220
2020021
410020
401200
13210
13012
2012200
2031100
1023010
110020
201031
3001021
220120
103201
1230100
3011200
10303
401020
32011
133000
2010001
2001310
231100
13120
20311
2031010
203110
2101
3112000
2300110
1100023
1222
1300000
2130001
2014000
23110
32101
2000320
22030
1003021
32020
210010
1321000
220300
2130010
40030
2012002
200410
400030
2113000
100033
2020012
3001012
420100
12040
3121000
13000
2021002
4021
2300200
1240000
3010012
2401000
130300
3210010
300010
4030
1000321
2000041
4020100
2400100
310300
2004001
104002
2310001
300310
2012020
200230
340
2010100
200104
1012000
3000121
4000120
2122000
1103002
11200
400
124000
3000013
430000
1312000
12400
402001
140200
312001
1003300
221020
1321
11320
1020202
1002031
140020
1201000
131020
1100320
1031200
231010
3210100
3110020
2301100
1001002
310102
2220010
3101200
2031001
142000
110230
200014
30121
2113
1200301
1012030
310
2000113
212200
200302
122002
21220
1020004
2320
2000410
1000132
321010
4300000
230002
1310002
33100
2002210
210202
110023
201220
2400010
3200011
1040020
11302
3012100
101032
214
2000032
1020010
2001040
2001004
41020
40201
2100100
31000
10033
33001
3011002
2001022
1042
3211000
2220100
31030
1032100
1031002
3010120
1030201
21031
2200000
2110030
1301002
23200
1002130
220021
4100020
2000020
130030
201010
100132
3200002
3000112
204010
12130
21301
4030000
2011000
2011003
410002
302101
100204
220000
2100220
2003011
4003000
3300010
2010004
4120
412
1020400
1300
200011
101200
12220
3220000
1030003
30310
20410
1213
1202002
100402
200212
1000102
2300020
3210001
2001220
20032
3301
103
20101
1000330
301030
1201003
1010320
42010
301201
100222
1231
2302000
30100
2001103
1200202
410200
2000302
2103010
1200220
201130
24100
2200030
4200010
1000201
2002003
240010
10132
230011
310021
3110002
302020
2000140
1024000
1010203
1330
12001
400003
103003
300022
22102
1320010
2010040
110002
1021000
301102
121
2020
130201
104020
21001
3030001
3001000
3000103
10204
3004000
400300
112030
3000301
14002
100420
1320100
22000
2000212
102220
24010
10402
20104
302002
3400
202
3002002
14020
12022
403000
2041000
1220002
10330
3010201
2030110
1303
1300003
202003
1200022
31003
2041
2103100
1200100
1000120
130210
220102
1310020
1040200
3021100
10030
311020
2140000
1031020
30202
30400
1030021
100120
2023
403
2000002
1020220
20302
1402000
2202100
2010010
4000201
1013002
1010302
1200001
20320
3001102
30031
110200
34
3102100
100003
313
30103
430
132010
210301
102130
3310000
300001
1010230
10321
3000211
3100000
2040100
2020120
1004002
13021
4000003
3010030
300103
103300
100300
3100210
2010400
3020011
2030200
3000031
304000
10102
212002
210220
20014
1003030
2100103
1200004
4000
3300100
232000
3022
210400
42001
421
230200
32200
2000311
10210
30211
1210300
30013
3004
40012
12100
3220
322
130012
10003
1033
301012
300121
22210
3020002
3001030
1013020
2131
241
1000222
201400
202102
1030012
3310
231001
201100
21013
1320001
1023100
1030210
2000101
312100
110032
200311
112
2400001
2100013
30001
2011300
3010021
1004200
11203
3022000
1040002
1012300
1003201
120130
210103
313000
2310100
2010301
3003001
300301
2002102
43
1100002
30301
2001130
102100
23101
1100020
310210
120202
300112
2110300
1020022
2000122
30010
2001031
420010
1330000
1120300
1220020
210100
202201
100123
20122
20200
1002100
121030
2101000
10000
1020310
4002100
2000203
1222000
3020101
2003110
200221
3202000
3003010
1132000
202000
120001
3301000
1023001
120004
40021
2021200
1000012
220210
1213000
103030
1302001
130021
103021
4201000
3100030
3010003
202021
10201
3001210
2000011
41200
4100002
2101300
3001120
10213
4200001
3010300
20002
203002
113200
110320
110302
2020000
3030010
100000
2011030
2001001
102040
21310
1231000
330100
40102
301000
1201030
412000
320101
100021
1002400
2002021
1000021
2022100
102013
11230
4000300
2003200
1202200
1001032
130120
210031
4000102
3200101
300031
100024
2301010
2100400
202120
211003
320011
101002
300211
1402
4010200
3010102
301120
10420
2014
40300
100201
22012
210001
201310
2110003
2002
220
2030101
3100
304
421000
302110
4012000
300004
13030
32110
2100301
3100021
241000
102004
21022
4020010
1000030
2201020
1000210
213001
222001
101203
40000
2010031
2302
310201
2002300
23002
123100
3002020
1020031
3001201
223000
100
22201
1003012
21400
1123000
1120003
2010013
2001100
23011
2300002
2202001
2010202
2140
230020
22300
13
1000000
3000022
3200110
31102
11002
2310010
1210003
1100200
40
122200
4000030
2410000
1310200
21202
302200
12310
1132
1400002
212020
4012
1302010
20230
102400
3000004
2100031
1013200
101302
31210
2230000
4210000
3040000
204100
13300
1010002
1002010
34000
1002004
101023
13201
10231
320200
1200031
1300021
