31410003
3003111
1413300
4440
22311003
112113000
222000030
300141000
302223000
42210111
3300003
411111
11103330
2342100
3122400
14100033
144300
3003
111222030
303111003
31410111
44103
11100114
330011400
412113000
14111103
11130411
3303030
1410141
141114
2232210
330300111
301221111
11130303
41100
122100030
330003003
311100141
301221000
300002220
3001224
222000000
330001113
300300111
141011130
41100000
301110033
30013320
3014103
11214003
222300
12210111
422211000
322200000
3030300
112413000
3303
300122211
3111000
341103
302331
31224
300030303
30003111
3000144
41214
112141110
142110
304110300
311104110
300011130
33030030
31110411
112410300
114000000
330141
22200141
311102220
34110300
141300111
3011430
114001140
111222111
111122130
11214
411033000
411022200
3003222
311403
111030411
111031110
300000222
33011400
30033030
30000330
222000300
30012321
114303000
3300030
222311100
11212410
300000030
33011100
11122200
142121100
14130030
300441
11100303
303033000
300000330
141001113
11241000
222000
30001413
3044100
11211303
1243200
30030111
30004110
222300300
1332003
122322000
414011100
411300300
44100003
3311100
111300
23313
2220114
30000030
30000222
1140111
122103003
11100333
1332030
300000033
3004221
3000033
114000222
12240300
111122103
1422210
303111300
314211000
302220030
33030111
4110114
111304110
44211000
11400114
111030141
2223030
301411110
111030303
11241300
22200114
111001332
34110003
141000
13320111
412110300
300002223
31113111
141112110
111000330
11111241
112110000
300111114
330330
144003
111003222
111011133
12213
222001221
330022200
31113000
31111221
3041103
442110
122400030
11102220
414003000
411411
112410111
141303
122131110
23340
311112210
300001110
141411000
4110411
1440
111000000
234210000
303030003
300300000
141300030
41400000
331110
30330
312221100
11400030
300030111
301113300
30031221
31114110
44130
111033000
11101221
414000000
300114300
301110222
3330300
114111000
332220
414000300
30333000
3114000
114001113
41111100
30002331
3111330
322230
122101113
44400000
34121100
30114300
30011241
31121211
114000030
300300003
301110411
30122130
41102220
3022311
11134110
111333000
1114221
303411000
314100300
33011130
41103003
4110330
333300
411003111
14401110
4121211
312210030
14100030
331410
22233000
3144
11212140
3411000
4143000
300300300
300031110
301110111
300012321
30300411
30004410
112421100
33033
11130330
11103141
341100111
44100111
141022200
4113300
3001332
11123310
303300300
322230000
301110003
30114003
41100330
2220030
331140000
300330111
311111400
111111141
222112110
223110000
12221211
311101140
411000003
41322000
1110300
122100141
222030
22202220
223221
300030141
300014211
30311400
303000030
311103300
300000333
300222030
3330030
4221003
222303000
122130300
11100441
12321
111014100
111001140
331110030
303311100
300322200
300301221
311103030
444000
301110
31140
330303000
330003000
30000441
141001221
114111030
4110000
222303
111001110
341100000
314111100
14130000
222031110
11211
31410
133200
12232200
301110114
30414000
114111111
3023310
31113
111000333
30000141
3114111
11103300
1113222
1221330
123210
301143000
3003114
111330300
2220303
122211000
111011100
411003300
300222000
30141300
3032220
114303
1224000
30411111
30030300
11100300
12432
303000111
4221111
441300
112440
22203
31121130
3030000
111030003
222022200
122101110
31112220
30000111
3304110
31143
11111214
300330300
30111330
30001143
222300000
111000411
112114110
113220003
141000300
30222003
4110141
411030
412140
11401110
11112213
133201110
13320030
11111100
333000000
303001140
33000030
300411
323310
12213030
111114111
4332
33000300
41130030
30030114
31221300
114030111
42210
111011430
22201110
301110303
314211
22203111
30001332
11400330
11400141
22204110
11104410
12210030
441003000
300003330
3003300
341100
304110
233400000
123221100
303300
111012240
330112110
300003222
322200300
411111030
411001113
14112210
1122240
222
30030033
11322111
330111003
44100000
30031110
1424100
22203030
123211110
411114000
311100222
111141300
412140000
322200030
114111003
331113
11401410
111233100
1110141
22311111
300011400
411000114
3412110
3113220
111322200
22314000
222003111
133200003
22200003
3031410
32220
303011130
300001224
30030141
141000111
32331000
3303000
11211003
111000003
122111211
304111110
300303003
1440300
111300003
11141211
112224000
22201113
300411111
14100411
3000222
111112410
22200030
2231130
303000033
11104140
111001224
1111440
341103000
300012210
30011211
114003111
301413
111033030
3114300
22200033
331111110
300003303
311101221
31110033
122130003
311111211
3002223
114011100
1140300
123240
12211113
30311211
30003033
4232100
222012210
1332111
422400000
300002331
30011100
3000141
111000414
3
144000300
31111113
1121103
23310000
34221000
30330030
4140003
4113030
111004110
1410
111111300
11100030
303001110
300411300
300112410
300022200
30111303
111300033
2334
1343100
30233100
1141110
333000030
300141030
30303030
30144000
11401221
411303000
112140000
1232103
11104221
111000300
411222000
300011322
144000000
33002220
4124100
311211
233100030
300114111
141000330
30112221
3311103
3000114
41103
30141000
3411300
333011100
303301110
303030000
304140000
33301110
144000003
1410330
11400003
411222
2220411
11101140
1111110
311400003
4332000
1113300
111112113
330000222
311430000
141030003
31140003
143220
11212113
30003030
3330111
22230030
341100300
41101110
300030
11241111
331110300
11133000
122211
300300303
30041211
141004110
31121103
111030114
111114
300133200
30330003
142410000
41214000
41100033
222300003
300004410
411303
111111303
12243
111011400
41430000
3300222
114003300
3233100
303141
311430
311411100
300122100
331221
30030
123210030
2442000
330300000
301121103
300112110
41222100
3112113
300030033
114141000
114001410
4110003
144003000
3011133
3001113
41430
112110030
2442
142410
114111
302331000
33004110
142110300
3300411
11430300
111303030
223110030
111111030
111112110
222011103
301121130
301122210
30031140
41111130
3014100
111030330
11141100
1111113
14211030
11144100
113223000
141011211
11400300
301224
111042210
1221303
11333100
303011400
141111000
114030003
1110003
111003030
112221300
330000111
314103000
302231100
41111103
114411000
14111211
41400
12321300
312213000
301114110
311100330
141003000
30001410
303330
31113300
3022230
11403000
223410000
413220
301221
30411300
222030300
223140000
234210
13331100
31332000
31132200
30122211
4141110
311400
11141103
303001410
3111222
244200
1421130
11103411
11114211
112140030
1141140
122400111
1140114
303111000
411300003
311212110
113220000
111330
112232100
411111300
33041100
30122400
222033000
111031221
111003000
11212110
303000303
300314100
300111330
144001110
11433000
122100000
13431
303003003
141111300
41100300
3300000
3000003
33
3142110
3031221
330000003
411411000
311100300
33300111
30033000
30011430
11102223
13431000
330033000
30003411
142110000
111112221
300222
112113030
11211030
111022203
111011322
300411000
30312210
111412110
111041130
22211400
330014100
341211000
300014103
31113003
141000000
3001413
1121400
122212110
311403000
300030330
112413
1110222
330001221
14133000
1122213
112113
300001413
141111003
3301113
11401140
111122400
123210111
14100
30
330041100
3033030
4122210
1413003
300300
1140330
2220222
41112210
12221100
411011130
323310000
144300000
142110003
11133003
111003141
3414000
1440030
300004140
300011430
301111113
312210000
30041400
30004221
11403111
31440
22422000
32223
141000303
14400111
4113000
3001110
122133000
1140030
222030111
301221300
33001140
41103000
30114000
14400000
11241003
3030411
3111111
114000
122102220
423210
142140
303003000
30303300
30022203
3004110
11430030
303033
22203300
222000114
304113000
300003000
33111030
330303
311211030
30001440
301332
31221
4140
1111224
12210000
433200000
14214000
3001410
1413030
222114000
2220141
300113220
14130003
13320003
330030300
301232100
30322200
114411
22201221
441001110
412111110
31410000
141011400
122100303
112221030
11111211
333000111
300000300
411000330
34111110
31121400
112140300
300411003
41211111
222030030
12240
12324
222222
113220111
1232211
300333000
30001110
111114300
111000030
12321030
2331003
112221
301410111
4410111
300141
11244
11111103
113220
300441000
411011103
30030003
3030033
111411030
1140033
330141000
300004110
30142110
41100303
30222111
4121130
1110114
333
341400000
303003111
311211000
33012210
4413000
34410
3330
111001113
441030000
33000111
3330003
14100111
111314100
11130030
303000300
311101113
30141030
1421100
303300030
11400111
112113300
222004110
30300300
31143000
122222100
333030000
30042210
122403000
111300330
22231110
1110414
11111400
30011400
30111222
3022203
330033
11103303
111011403
331110111
411111000
30302220
30002220
3300141
304113
111002331
33000033
141001140
30001140
330003
11130
112132200
300001113
114030300
1440111
11400000
12210411
222411
330000303
330011211
311401110
111331110
122400300
441000111
300301410
300004113
33001113
14104110
2231400
341130
422211
111004140
122101221
113331
23421
12222210
1232100
3014400
1143111
11130003
4224
122400
22222200
414000
111030300
330004110
300011403
300222003
31411110
30022230
114011211
111041400
1110303
42213
3441
300033030
30041100
31121100
114003030
11431110
1140003
411300030
141111111
43320000
330300
22200411
1221411
33003111
30033111
30003330
1143030
141411
111030033
11130000
222111030
330411000
302220003
412110000
33122100
30011214
412410
1221003
11102331
300000141
112440000
303303
12210303
222033
22311
300233100
30311100
4121100
11114100
22341
141003
11104113
300312210
311130300
311214000
3030303
3000300
4221030
112124100
111022311
24420000
14411100
111031140
441300000
312240000
300003114
300122130
44100030
32220300
13323000
111022230
114011130
14122200
330012210
411330000
300012240
30111033
42211110
3331110
122430000
1421103
1224030
222001410
12221400
1121211
303000411
30300030
333000300
3303300
4413
111003033
11103111
12211221
112110033
11213220
330111300
332220000
312210300
30030222
222041100
11114130
41130000
30000414
14403
22200111
33001410
222141000
32220030
30011322
3300300
14103003
111001221
11322000
300303030
11131110
11103003
1111410
344100000
300301113
300003411
30014400
422130
1110330
300011214
3114030
341101110
300030222
3003411
33222
222000222
300111300
411111003
30303003
141003300
1410033
12214110
33000303
33112110
30111141
122241000
22200303
33030000
41212110
30441
1222410
122111400
1232400
304221000
311103000
411112110
31410300
111411000
12213003
14211003
14322000
11131221
122101410
11100222
44100300
30111114
3000414
4110
113220030
223121100
141111030
223110111
224220
30041103
31110300
3122103
301440
1124103
1221000
300331110
311211003
124320000
331110003
30000
441
111001410
3111141
144030
33000411
41403000
30411030
30112113
31122210
3011403
11322300
111012213
11101110
41400111
30031113
41100114
141000222
3311130
222122100
33001221
3333000
1410303
11411211
2231100
2220111
111114000
330222000
300303111
322211100
3033003
111032220
14130
4143
300030003
300041100
322203000
14101221
111034110
111142110
1143000
223110300
300033003
301121211
141300300
3033000
3123210
11411103
111014400
11101410
411300000
301110000
30314100
30114030
30000003
14100300
411
223221000
133200000
141030000
11400303
31110
12324000
12432000
311100003
300112113
31110030
3000000
11404110
111441
112332
312211110
3011130
14100000
333000
11133
11103
300031140
30011103
122411100
111004113
311322000
41122200
3330000
3301410
114004110
304140
222222000
4140300
11211141
30002223
4140111
22241100
111001440
1111413
311241000
1141221
1114410
111000
411030300
4110303
111303
111
300014100
41100411
42210000
3002220
233100003
22212210
222111000
422100300
412221000
30014211
30000411
4112220
11114103
422400
3141
300304110
300300114
300030000
300122103
311101110
30304110
2220003
233100
300412110
301111410
33303000
141000033
3314100
4410300
303031110
30112140
122211300
22211130
303003300
300303000
311133000
30441000
411033
33141
1332000
444000000
422100000
30330111
1140222
111003111
111001413
141
141001410
41100222
3003330
3111114
30300
111031410
33114000
3011400
30133200
11414100
1121214
13320000
112110
330111111
1421400
111422100
11133300
300013320
300000111
33000330
30001113
30222000
330011130
330000141
422100003
144111
1332
30300114
142221000
31221000
111033003
11214111
3000441
111300114
133203000
11111322
303000222
300030411
300141111
414300000
14400030
222301110
1143300
1111143
111111000
441000030
300000414
31113030
142111110
3111303
14100141
341400
30004113
22230003
1114110
111011214
1132200
341100003
3042210
333003
222141
2223
122211111
113221110
114311100
330222
222300111
22230000
222330
222111300
11400222
111030030
233103
422130000
114030
12210222
3222300
3112410
331113000
314400000
300414000
31110330
141001110
3300114
114012210
1413000
222411000
1113111
11100003
311322
122100411
411030000
311100411
300122400
300111141
411122100
30331110
1143
3030141
330411
303141000
301121400
411000111
34110111
141303000
31110114
44211
112113111
22201410
12210141
3001440
30141
300022203
41114100
3301110
3112140
233130000
300223110
30141111
3111003
314130
1411110
1332300
30303111
3144000
14103030
3222030
122103111
111000144
122100222
300111222
30411000
30112110
11103000
414
12210114
11322
411030111
33330000
41130003
11131410
141033
14103
303330000
414000003
3031113
4140000
312240
111014211
11211330
303002220
300141300
301224000
141003003
111044100
141111
122100300
123210300
1111140
11211114
301222110
44111100
4224000
114001110
133200111
1133310
311100114
30032220
12243000
122130111
1142220
14214
300001440
111011211
300
314100000
422101110
3114003
111330003
111300000
412110
300111033
3003000
122100003
11100111
303041100
30301410
12240000
304110003
14100330
300330
111333
1221300
301141110
30003222
22211100
42210003
114000114
4111110
114033
141003030
114003000
300033
22230
2221113
30030030
3004113
3111033
330000
112143000
11111130
330111000
300311400
3341100
22200330
222111111
300330030
14101140
33014100
30303000
30311130
30222
1110411
11112240
111114003
2231211
330001410
303122100
300303300
300014400
3033111
4110111
311141100
33033000
3141300
114000300
111411
303303000
333030
111411111
133203
30411
112111140
300003003
300000303
30000000
3223110
11430111
44100
1113
333003000
411011400
411000
1114140
22314
301111110
142221
1123320
411003030
1111221
311111103
114011400
312210
41130
111003300
122100330
33114
11103030
330300003
314100111
300111003
30003000
3041100
433200
11433
222001113
114
112121211
223110
11101113
301110030
41100030
14430000
111141000
233400
111141
330011100
111301113
111041103
144000030
411330
111014130
111000303
1140
2222220
22230111
23310111
330000033
303000330
301140111
33300000
33031110
3030030
33011211
14403000
112110222
1110000
411012210
22200222
24420
111031113
111030000
413220000
30301113
3112110
111303111
1410030
122130030
2223111
11122230
12224100
301221003
30330000
30300111
31140030
322203
111300222
311131110
30300000
300000
111311100
122241
330030030
30330300
141114000
4110030
111301140
122111130
301410000
42210300
3302220
11214000
112122210
311100030
41133000
31110141
3111030
111011130
123210000
300333
111033
111011103
233211
441000300
411000030
14100114
122130000
133211100
1110
411000141
11403003
30144
111111411
311211300
411001221
141033000
301113
111003
300144
111302220
300030300
141041100
31110003
3030003
1440003
111303000
300003111
122133
1110030
3000
112110111
303111111
300141003
322311000
30000300
30012210
3004140
301113003
300004221
301112220
11111430
112110411
12210033
30030330
112110300
111111003
222011211
122101140
301421100
300111411
31222110
3003141
114000411
112140111
222000111
300041211
30311103
4121400
111301410
31413
111141030
244200000
133311
30412110
31111410
41211003
42221100
2221410
11322003
13320
300000144
31421100
30123210
3222111
330114
1222113
1121133
30300222
30014130
141000114
441000
112410030
11222400
11141400
304110111
3011103
114000111
111014103
2223003
12213111
441011100
300111111
31413000
14131110
4111140
1141410
111000114
2220033
314100030
303030
1410411
1411113
122400000
114141
411011211
143220000
3003030
22200000
330000030
300001410
30000114
11101143
411003000
300012213
44101110
14111130
42321
2221221
300031113
30034110
3011214
4110222
3112221
112140
411311100
141000003
311214
113231100
411111111
4410030
114011103
111011241
111133200
14103300
1113000
2231103
303004110
300003141
14241000
3141111
4113111
123240000
141311100
41141100
3030222
3014130
3030
30141003
141003111
111300300
111312210
1413
300001332
314400
11403030
311100
330002220
122214000
444
1140411
14211
341130000
311130000
311101410
30341100
3033300
300114
1121130
4221000
111303300
300031410
31224000
30000303
30011133
41211030
4421100
11242110
304410000
301410300
3311400
233111100
333300000
300041400
41100111
114001221
111111111
300300411
31140111
31110303
11211111
341211
233211000
300044100
30111030
3141003
14141100
3222000
333111
3301140
33030
3411
2220300
411041100
142110111
42321000
114330000
111141003
33411
111004221
411000303
141030030
114300030
14211111
111311103
33330
22322100
111004410
122111100
330030003
33000114
30122100
114002220
11422200
22341000
311400111
300031221
311103
12240003
112111410
330300300
414111000
4410000
3011100
1113114
1121322
3312210
11412210
233103000
111001143
411031110
30300330
30003300
30001224
3303111
3004410
301110300
30111000
11222130
13321110
113331000
112112220
330330000
301113030
411014100
41104110
3411003
233100111
111122211
330000330
1441110
112140003
111002223
30301221
111144000
11132220
112410
111000141
12322110
30422100
141030111
11400
112111110
30004140
14130111
111311130
112110141
122100114
303030111
301221030
112410003
303030300
301410030
141141000
30111300
114122100
301410
44103000
30011403
31111140
30022311
122103000
33222000
411003
412113
13320300
22233
223110003
331121100
311130111
41103300
141000411
3322200
4110300
3011322
11114400
30223110
114014100
111330111
11214300
300123210
3014211
314103
1224003
22211103
1221114
11100
303003030
300311100
300022311
32231100
300414
222030003
311103111
123213000
123321
3030114
4110033
4132200
111003003
223410
411000300
141000141
4111221
311133
22200
144011100
31140300
112113003
13323
111113220
34410000
3300330
111441000
34110
122112210
11211000
330000411
411301110
30300141
3000411
3012213
1124130
11111403
331410000
3003033
111300411
42240
30111
1113303
422103000
34113000
114000303
1443000
1110033
1110144
322200111
3000111
422100111
3300111
112221111
304110000
3000030
112143
122103
11212221
411004110
114111300
222330000
111411003
111300111
111030
12210
1110111
22422
442110000
303300003
42210030
114222000
23321100
1112220
2331
2223000
330000000
304121100
41131110
3111411
114000141
3013320
1222221
422100030
14222100
302223
111033111
22311300
222001110
301110141
141300000
3031110
3022200
11103114
300041103
441030
11430
113223
330311100
31124100
3300303
1410114
1432200
11103222
330111030
300422100
33003003
30044100
142113000
1121403
111023310
342210000
111301110
33300
11214030
222003000
1232130
300000000
414001110
1113411
112222110
2221110
30030000
41130300
111033300
311222100
411300
304110030
303112110
300311103
300302220
301140003
300142110
1140000
2332110
1221222
411001140
14114100
330030
11403300
1410003
2223300
303111030
14400
3414
2331300
301140300
300003033
41400030
141030300
42213000
11133030
222011100
122100111
31110000
14211000
11244000
300023310
304410
11100411
123210003
22312110
333001110
303030030
4121103
34140
112221003
223111110
300311211
301140030
33111003
3141030
3033
12321003
300011211
1412220
1113033
111222300
441000003
30111003
23340000
2334000
122122200
41241000
4411110
11401113
11130222
1221033
33000000
3300033
11131140
22311030
30301140
141300003
3041130
114022200
300303
11111133
311211111
41130111
30014103
3303003
112110114
11323110
34110000
114000033
1411410
11411130
32331
122100
111003114
11211222
33111000
30300303
4440000
112221000
111300303
411114
33000
1141113
11122203
3012321
222111003
23310
112110330
111012210
311103003
33111111
14212110
331140
303003
301143
1112331
14101110
11400411
303114000
411003003
300114000
33300003
4410003
3111300
111003303
2331030
1222140
300030114
411002220
233100300
11101332
30222030
11130300
300300033
300003300
42240000
31140000
41101410
141000030
1140141
114003
122100033
111000222
1111332
12211410
11100033
300300141
41100141
414030
303222
43320
2220330
11223210
330003111
3300
1113141
330300030
300301140
300011103
412110111
233130
303001113
311100303
112121103
311130003
300000441
411000000
412121100
313320
23310030
111000111
1221111
41101113
414300
11100330
1221030
1410300
111030111
301440000
301413000
32223000
41211300
31232100
114300300
2234100
112110003
1124100
1121241
330031110
303000000
303022200
300042210
33300030
4410
122130
144000111
141012210
312321
22203000
11222103
300300330
300033000
30030303
411141
14241
22214100
412110003
32220000
31221003
311400030
114031110
3003303
12321111
300222111
3000303
11131113
11112321
33311100
3422100
112410000
33003
133311000
314100003
301110330
144
223140
111123210
124320
330000300
331221000
114000003
441003
114330
11222211
112121100
111012321
314101110
302220300
33000141
31110111
41211
111000033
412110030
344100
222000330
12210330
133200300
141002220
3411111
14111400
1421211
41241
11104110
11112210
12241110
113220300
311100033
33030300
33000222
41100003
33303
30414
11211411
122111103
1122321
222000003
1413111
311241
141222
12213000
330
12221130
14430
122430
11233200
33003000
30033003
141031110
3311211
3122130
112111221
311111100
2220
411001410
300011133
30030411
3001143
11130114
23313000
303000003
312321000
301111221
4113
3441000
111303003
41133
222014100
22201140
14400003
1414110
111300141
114300
111111033
30003114
141122100
333111000
330122100
300111030
313320000
41400300
30301110
14130300
3141000
322311
303011103
300003030
1114113
334110000
33001110
14102220
3133200
33111
222003030
12210003
233101110
300030030
411000033
11402220
122403
222011400
111222000
411141000
30411003
114003003
4221300
2242200
301124100
3041400
4113003
1411140
30033
122214
222000033
112111113
44130000
33003300
41103111
114114000
111411300
11211300
301332000
1124211
111144
411030003
111330000
34221
141330
112121130
302220111
114300003
222000141
1222110
330301110
330030000
311111130
322201110
222030000
1110333
111414
11101224
341111100
32220003
3012210
111330030
222300030
1113030
12213300
411011100
311100111
14100003
303411
111301221
422100
222114
1224
300330000
300001221
30003303
30111111
12240111
111000441
3034110
414111
12240030
1121100
1132311
31440000
30300033
311130
30303
12332100
11100000
41401110
30001221
44400
133230000
11103033
112224
311130030
41111211
11400033
11101440
330114000
303222000
31141110
112411110
142113
12321000
114112110
301140
330003030
300411030
301111140
30003141
30000033
114041100
122400003
11411100
302220
300301110
300014130
300114003
300112140
14100303
111311211
312210111
41400003
3122100
334110
122103300
112121400
300144000
30114111
4222110
311400300
33003030
342210
303300111
300001140
4111410
34113
122114100
1121430
1410111
30333
30033300
114030030
3003003
3011241
303000
314100
1140303
11241
311400000
1443
12211110
441111000
41101140
30012213
30022200
111114030
11113320
41101221
3002331
1143003
111111114
300111
11100141
441000000
303300000
300034110
411001110
142110030
30011130
133230
111122100
30122103
41211000
11430003
11430000
22230300
222001140
14103000
14101113
422103
114114
330000114
423210000
30012240
312213
11322030
1223220
333000003
300341100
303114
1411221
222003003
11211033
303000141
411030030
3411030
3030111
3011211
141300
414000030
412410000
22200300
300011241
301132200
303014100
414000111
302221110
30114
2220000
330001140
331110000
114300000
14100222
41322
133200030
301140000
300000411
422111100
144111000
12210300
300300222
30003003
111111330
122211030
311122200
3041211
114000330
14111100
11142210
111003330
141222000
3122211
30003
111003411
223113000
14322
30300003
141301110
32221110
122401110
3114
300000003
311100000
414003
111041100
22311000
2331000
1110441
300033111
300114030
411000411
32220111
114030000
322200
122322
300111303
30111411
4114110
441111
111300030
123213
300022230
302220000
142140000
14101410
301121100
4140030
300032220
111141111
3222
222000411
222002220
123321000
414030000
300003
11130111
222000303
1132203
224220000
111222003
1233210
330011103
303000114
33000003
31110222
3012240
1113003
31410030
30000333
3301221
23310300
111013320
411000222
303111
111041211
4221
1221141
3111
11101413
300001143
30041130
31111110
4111113
330111
1410000
111112140
2331111
301113000
114301110
111311400
412221
1224111
303
300041130
33111300
11241030
141141
11122311
23311110
303011211
300300030
301410003
31221030
3000330
1224300
111002220
11222100
300011100
41111400
30000144
141030
111030222
223113
111111
111222
111414000
23310003
1221
31221111
2221140
222003
3001221
144000
222003300
1112223
312210003
14211300
1132230
114222
122211003
330003300
33141000
33011103
14400300
14103111
11133111
1122210
41103030
3031140
3333
11100144
111022200
141330000
30112410
141011103
122141100
14133
300311130
11141130
23421000
341100030
30031410
111111222
34140000
134310000
22211211
222111
134310
330001110
303011100
303012210
34110030
41411100
12211140
311114100
141014100
41403
11130141
314130000
3030330
11130033
1113330
11403
1333110
300330003
111341100
1440000
222011130
12221103
2224110
233100000
411300111
301113111
30014100
114300111
3000333
3222003
122103030
303001221
322200003
300111000
33411000
33022200
11441100
300222300
30222300
3001140
11411400
1144110
112332000
114033000
141011100
31332
22203003
11100414
1410222
1124400
300033300
300000114
300112221
33300300
33030003
30023310
112110303
111223110
12212220
330030111
144030000
30113220
304221
122104110
