221000010
30200001
210110010
130200
203001
1220100
321000000
100004010
11112000
12111
10302
1220001
230000010
202010001
1120020
112010001
112200000
20201100
100100202
11030100
1013001
1101012
21000012
400110000
112000110
201003
1040001
21011001
200201100
11102001
400000110
20000121
101031000
3001011
2101020
1000221
102003
1110120
103002000
100320
1100202
10010103
110102100
1300200
1041000
100220010
100100310
10011012
21030000
111201000
12000111
210021000
100120110
100104
300102000
100010130
10200000
30002010
21120
11010
11100021
310100100
100001112
1121100
13011000
30000120
2001003
230010
21000120
111300
20100201
111021000
101001111
1002201
1113
111003
112000011
3100011
311100000
121010100
10031100
10120002
11120001
2012001
31002000
21000003
20101020
200010021
2121
200110020
3210
10401000
100302000
111020100
102010011
2000013
100112001
12001200
210030000
210020010
113001000
200010102
200001012
111000000
10003020
10011300
110000013
22110
30300
1010121
11001003
31200000
10000140
30110001
2040000
210003
120021
100010211
100000131
110400
4011
1010010
100111200
200000202
10002111
111010101
3110100
100121001
111001002
14100000
200101200
112000200
20111001
111011010
101030010
1120011
123
102003000
23001000
102100101
1104000
1003110
11001210
310011000
310110000
202020000
11040000
20001102
4001100
103010010
11000004
310200000
10010310
200001030
112110
210000012
20000112
13100010
2000004
13100001
30300000
311001000
200011200
211000002
200010210
101002110
2110110
100210011
11400000
100002012
10102101
20010012
103101
201001020
101111001
11300001
110211
20004
21000021
211011000
20112000
201120
1022010
31000101
41000100
2000001
10100112
22110000
102002010
101112
100010202
3102
11022
100104000
111010200
11010000
102020100
2121000
12100200
31200
30000003
22200000
120101001
102000102
302100
300210000
200111010
102011010
2103
112010010
401000010
411000
110110011
100110102
100012011
312
1010001
301010100
10101000
2011110
2000130
101001102
200210010
23001
10120020
4110
1014
2310000
11001300
1012002
111030
100300200
3020010
1003020
1310001
10110102
103000011
1020120
122000010
100101030
100000140
110002020
20000100
1040100
2000220
10100220
30111000
10201200
411
11101110
30001011
31100001
102000120
100201002
1201002
300010011
21110100
110102010
1111020
3201
20100021
20010111
111000300
111
40011000
11110011
3102000
201300
203010
100300020
200001
12010011
113100
30100200
1001310
30210
40001100
210111
100100040
12101001
2000010
100122000
11100
100023
10201011
202000200
200000400
100001010
121002000
22101000
10011102
20010102
2001102
300011100
100022001
31000110
120020100
102021000
102000210
201201
4200
10012101
200002011
1020201
10010202
1004001
1001301
3001101
100131000
1112001
202000002
110000310
3012
2120010
10202001
10002102
100030110
140100000
100013100
120102000
110001003
20000301
202010010
4100010
33000000
2100120
20010021
10110000
3201000
111120
100010013
200010003
40200000
20111100
1301010
1130010
4002
300200100
100100100
10023
10001001
1002021
130101000
2100003
101210100
1200111
1210101
1012101
10022001
310010010
20101200
1000311
100102002
11300100
10021020
221000001
3010110
2002002
131100
20100000
31020
2210001
311000100
200000220
21000000
212000001
120100200
10011
10002012
300003000
300010002
40001010
10000101
300210
20130
10020210
320010000
210001101
110000001
2200020
101000130
310200
100110201
311000010
1013100
10020201
30100011
310100010
2220
1040010
114000
201100200
113000001
110000010
120110001
110101011
2020002
2000400
211020000
2020011
3200100
2012100
101121
10310010
110000031
110010120
100200210
13020
10032
311010000
200200002
200003001
200102100
30021000
11200002
20120010
310001010
100000320
111000003
211001100
31000011
20003001
1301100
1111002
120111000
211020
100212
110100210
1000014
201000021
1002210
2004
110100021
300100110
100000302
100121100
100002120
13001010
4000200
2011101
300120
100211100
10010220
20010
104001000
100201020
100021101
10020111
210001020
101000040
122010
1100100
210000300
100020030
210001002
10003101
240
1001202
101310000
100221000
10110300
100410
100110021
301000200
211002000
40010100
21102000
120000201
41000001
1011000
130000011
1110000
112001100
1310100
410100
100120200
200211
300000
111010002
210102
10120101
10100202
130002000
30000102
1210011
231
20102001
400000020
400100010
100003011
212000100
210011001
310020
103011000
32000001
20010201
100032
10200012
311000001
110300010
10000002
10212000
140100
22011
100020102
1110201
102111000
100030101
101011110
111000
110001210
110001021
12100101
401100
203000001
120120
110202
110010000
101101011
11102100
1002
211100100
301110
111111000
102200010
101012100
200112
11210100
101021001
130110000
1032
11000400
12200010
10110021
10230
200120001
2001
12020001
1200021
300010020
100200102
1122
42
12110010
1121001
10011021
201001011
310000101
200001201
113010000
20010000
10023000
20002110
2010120
400000002
100230
42000
10130010
100400100
131000100
41001000
10003110
110010210
2001201
11040
114000000
12111000
110013000
3010002
102300
1301001
222000
100000221
111110001
1131000
1001220
120000
11210010
10201020
100001100
100110111
23000100
20400000
20001210
3010011
101001003
21200100
101010003
20100120
20101110
20000001
102102
22000200
20040000
310110
11002011
13010001
100022100
130001010
11211000
20020101
2200110
301001001
100014
41100000
201001110
100000212
4000020
100401
122001
120300000
100001400
10014000
20001201
20013
21102
103110000
110000112
100202010
22001001
200310000
100010001
11003100
102
22100001
100101003
200011101
100001013
121001100
23010
100014000
120021000
10010211
2103000
1001040
40200
230000100
101100012
101010012
1010004
11010021
2011200
300021000
120101100
30002001
100020210
10201101
30000300
1110003
40101
20120001
202001100
122000001
3110001
300201
100020
1400010
121011
1100301
22020000
300030
200101011
211010001
1111011
210300000
103010001
12030
22002
21020010
100000401
100111002
21300000
310101
111200010
200003100
20200200
20021010
201000201
1002120
402
1101120
110010
110100030
10210002
12110001
11004000
110000040
102000030
20101011
101020110
1311
1100103
310000200
2020200
410010
104000100
4010001
200100
11200110
10103010
11201001
1031001
110120100
302000001
20020011
120010011
210010011
210000201
1111200
41001
220020000
12001101
200100000
120020010
1320000
2300001
12300
1302
220001100
200300100
30010002
222000000
200100030
140010000
10203000
1401
220110000
10401
2022
1101
301001010
10000131
200201001
4020
111001011
420
11010210
110100000
22200
221100000
110130000
130100100
130100010
1200300
12010101
10110012
201000030
3000003
3001020
101012010
200130
11020002
11112
110010012
302010000
100112010
100001220
12003000
212001000
10302000
1101030
4100001
211000110
1001112
10300002
1300110
100012002
100002102
10200030
20011002
10011000
20102100
3000102
101011101
11021010
21101001
21110010
202000101
100000311
111100110
41010000
120012000
110002110
110010201
103000200
10100211
4200000
210101010
20030100
110021010
100130100
10102020
101100021
10031001
210100200
10101003
130002
20202
200002110
13101
1110012
10040010
300002010
121100010
103002
10100013
21200010
200400000
300010110
12300000
2000103
100103010
1130100
111120000
201010002
201010101
3100002
101020200
2010
11011101
10012011
100030200
10021101
40101000
103100010
1011210
200010
100101120
100000200
100004100
321000
100202100
10120110
2310
100113000
211010010
30011001
100122
100012020
200100003
10111020
10101201
210000000
31001100
20013000
2200101
112100010
1100040
141
3000111
200002200
20200110
120010200
41000010
110110020
101003001
300030000
102000003
120120000
101301000
202100100
1030200
11000040
120000003
110301000
10140000
10040100
20000211
3001002
131000001
30001002
1022100
301002
31011000
10200003
1003101
101120010
203000100
110020020
110020011
21100011
4101000
1200030
210000030
310000011
302000100
200200020
100030002
200021010
111101010
201021000
320001000
12001011
11031000
110100111
100010100
101020020
11001030
11011020
110001
12002100
100023000
10001040
20011101
201200100
301101000
100110003
10301010
2001030
201011001
120000111
101101020
200000301
20111010
100120101
200100210
200110101
200020110
1110300
110021100
2000040
2111010
10211001
12000102
300000030
101102100
11020200
101012001
201002100
200002101
110200011
102010020
10311
10220001
300012000
201102000
100001040
100212000
13101000
10211100
111000102
4001001
410001000
100002000
120100101
1000002
111011001
310000020
200301000
100003002
1111110
311010
20031
10010301
400010100
101001210
111210000
110200200
110001300
110000211
10000041
2202000
1001130
300012
102001110
11110020
1100013
10013001
221000100
401000100
300300
121000002
201200001
2111100
10212
10210020
310020000
200010000
101110200
11400
130010001
201111
1103010
3000300
21000030
120100020
21100002
120011100
100031010
100000032
120002001
102100110
400200
120030
101400
302000010
1002111
11201010
20001300
2003100
10011210
10000212
120100011
200010030
101110011
120002100
311001
30201
10130100
204000000
103101000
22000110
20200101
12201000
130101
220001010
200100102
12102
410000001
10200300
20210100
10011111
102100011
1000011
21002100
1200201
320000010
400010001
21110001
3002010
3000210
11001111
200100111
200004000
100110030
121100100
11011110
11110110
3020100
103020
200011110
13200
100300101
100000041
210010002
2020110
1001103
10131
131010000
10320000
10110111
1012200
200004
31001001
210111000
300020010
1110
211002
100101021
12011010
201210000
111110100
210000120
200040
10410
21201
201000000
103200000
301000011
100320000
200011011
40000101
10001130
101000301
220200000
12200001
1001031
111012
30010011
131000010
21012000
102001002
300101100
101110002
20110020
1002000
14000010
32010
30021
10010004
301020000
10002021
200001210
10020000
10112010
102201000
100102011
210012
220000011
200110011
10301100
20110101
100201200
101220
20012001
201100110
10000320
210201
11020020
1020102
200030100
204
20210001
32010000
20021100
200121
201101100
11100300
10000200
1011201
2210010
300000210
2110020
1111101
211011
14010
10100040
3100200
101100000
20220000
20002200
200310
40020
1211001
12000012
100001103
100410000
330
200001021
111210
301002000
200002002
23010000
21201000
10000221
310002
10113
113100000
100140000
100111110
12000000
11201100
10203
110120010
20001
200211000
1100130
10100022
1020
2220000
101021100
110010003
21100200
202101
100100220
21002010
401001000
202001010
200110200
2000022
2001021
100010031
12120
120102
202110000
10013100
20000022
101030001
11000130
21000102
100011201
103001100
10001220
110100201
320000100
100210002
130110
11002110
100110012
10000401
130000101
200003010
212000010
120100110
20000400
1030020
2101200
120001110
10102200
1021002
2000211
110101101
210010101
101100030
13000011
30100110
102020010
2001012
120003
200012100
30000
120101010
10002030
10004010
110000400
2000310
3000012
123000000
200000001
41010
101130000
203010000
30030
101220000
220000200
20010030
110001000
10101030
12000
200112000
111001110
100110
100013010
101112000
101111010
30201000
30000210
101000310
10001022
100203000
21001101
200010120
300110001
120110010
110011002
104000001
312000
1121010
200200011
100011102
20300001
10030101
110101020
2102100
401010
4110000
20110002
20103
10100004
10020300
100021110
301010010
13001100
10201110
201000210
101010120
12100002
203100000
22010001
101001021
10111110
103110
30102000
300200001
210010020
110003100
20301
110301
11010201
121001001
400001100
222
112010100
300100020
300002100
202001001
102000012
100100130
14001
30003
12010110
10010040
10014
102012000
1011111
100010040
10010001
2100210
110001102
100110000
13110000
20100300
21010020
10022100
22101
203001000
20000130
1020000
101001030
212100
100002
101031
302100000
200020200
210002010
101001300
1112010
100100103
13110
10101
301200000
11101002
12001020
100002021
201012000
210020100
110010111
21101100
10221000
1101000
10211010
301000020
10110120
10111011
101200110
20100003
300001200
200010300
40002000
1110030
211100010
211010100
103100100
101011200
2101002
100020120
21200001
420000000
101003100
100100010
20010300
110013
1101102
20202000
200020002
200001003
12102000
113010
11001
100230000
33000
303
20040
202200000
101103000
12210
120000102
1000041
200210001
1010310
120201
202010100
10012002
110102001
10001103
112001010
111012000
20010120
110103
100020012
121020
10100010
22011000
1001022
10000023
31020000
400101
11300010
10041
201120000
110111100
20011110
110012010
4000110
102001020
201002010
102101001
230100000
110010021
111200001
10001121
200102001
100200
1101210
3001110
200200101
100002111
20200020
10410000
2110002
220002
131010
130000002
20121
100001301
11011011
100100400
200101002
220100010
2010102
2011011
100100004
11020110
100001202
301000110
11100102
220010010
20020002
102020001
100011012
10201002
11012010
220100100
101110020
4001010
102011001
12003
20100102
200300010
11130
3
11100111
121000011
110010300
21021000
110130
210000003
12010020
10020012
111020010
11110002
4000011
101201100
3021000
200301
110000220
201110010
100011210
31000002
210200001
20211000
120010110
20001030
312000000
2110011
32001
100010301
102001101
110220000
11110200
101002200
101000220
120300
10221
10110210
113000100
10001031
1002102
21011100
10011030
110001201
2011020
1120101
104100000
110300100
11021100
1020030
1000020
101000121
40001001
201100002
112000020
14010000
22001100
20012010
201030
100040001
11030001
221010000
1120002
10030200
100210101
120
112020000
120001101
110111001
1030011
3002001
1000104
1000101
1210002
23000001
10200
12200100
21001020
100101
3111
100011111
20300010
1011030
111001101
210
220011000
130100001
20211
300101010
1002003
11310
2010000
101400000
101110101
100012110
21111000
4100100
1120110
220101000
130000020
200200200
100011120
101100111
110010030
10001211
1311000
130200000
10200102
100001022
30011100
30001110
101100003
32001000
10041000
210002100
10000011
400011000
2301
1010112
1000401
21101010
102100020
1101111
100010310
12000021
300010101
101002011
1010400
101000004
110012001
20100111
110112000
110110101
202100001
221100
20310000
110110200
2002020
1000122
400110
102201
100041000
12001110
110030010
220010001
1112100
11101101
2102001
3003
201020100
32000100
20001003
110000202
21010110
101201010
11210001
401100000
10200201
10200120
2101011
102030
100103001
210010110
110400000
100200111
40100100
11220000
101020011
11101011
10100001
102030000
110300001
121010001
1400001
300001101
200001000
201010200
200000121
10113000
21020100
102001011
10020
30000111
301000002
31010010
10121100
3010101
2000121
201101001
200202
201000300
102021
1021020
12000030
110000022
1000320
1013010
10020120
220000020
100310010
100022010
100020201
2301000
201000012
210210
111201
121101
110000103
310002000
103010100
30010200
3100110
1300101
1000200
1101300
120000000
112100001
100211001
10101120
2000031
31100010
102120
100221
112002
103000101
230100
200012001
11001120
101211000
20000010
10002120
1031100
10120200
1012011
10100100
110040
110001030
11001102
1003011
100101210
111111
20011200
20022
10104
1230
21000210
100200000
30000012
10210110
110030001
112011000
1302000
101000100
11200101
1212
2100012
40000200
101101110
11002002
100010400
10111101
1030002
102110010
10002
2211
1201011
100310100
130010010
21011010
12011001
110021001
31000020
210100011
40000002
113000010
10300200
110200110
110000301
20120100
211100001
101022
2100021
121020000
30210000
120000210
100120002
100301001
11001000
11000001
103000110
110000130
30000201
2200002
300003
131100000
111003000
20002011
210000102
101001000
2002110
10012020
120030000
22000011
21010002
102000021
110002002
10030110
20000031
2130000
101103
10102002
11000301
10311000
1140000
3100101
1000032
1211010
100010121
1200
200220000
100002030
100003101
30100020
110022000
40100001
210000
201102
3300
10310001
110100120
30011010
4020000
1004010
11200200
100021020
100010010
301110000
110211000
10002210
1010100
103011
210011100
31011
11000013
3030000
400100100
100000203
40110000
101002101
111002001
130020000
110100300
13000110
110101200
11120100
1002030
201000
2120001
100000230
201100101
24000000
1300020
12100020
2021001
200030010
121011000
10230000
301010001
211110
21111
11101200
30101010
400000011
100011003
11103
20000103
100102101
1010031
330000000
300000201
30010110
120001200
1212000
400002
210030
300020001
200110110
211200
1100220
330000
31110
100111011
110200101
20121000
10001112
2013
3000030
101010300
110002011
10000410
20011011
10012200
2030001
21000201
100110300
10111200
20010210
2210100
30111
31110000
12000300
31001010
2400000
1002300
12100011
300021
400000200
1201101
1041
100000122
11111010
4011000
101200020
100110120
100000410
300110010
200011020
10031010
1101201
201011100
200011002
20200002
110030100
100210020
21210
1103001
10021002
101100300
1210020
1110021
12000120
120011010
200101110
310010001
220001001
2202
21020001
130011000
21000111
10104000
210101001
20101101
100010022
100001310
100000020
200110002
20001000
10003011
20011020
102110100
1030110
100300002
110100102
40010010
1200210
240000
101010030
100000101
2300010
320100
111000012
10001004
100002003
140000010
22000020
110121000
103001001
101101101
100101102
100101201
200002020
10022010
201021
210000210
101004
100300110
100002300
11200011
11002020
110121
12021000
310001100
410100000
310000110
200040000
30000021
120000012
4010010
100211010
300300000
200103
210001200
31100100
120011001
110011011
101000031
111001200
1102020
200102010
12002010
101001
30002100
3011001
1010211
110120001
11101020
11301
1100112
300000003
12012
2112000
10101012
201001200
200111001
101300100
2011002
30012
11013
1021101
200000031
210012000
2100111
2001000
31101
300100101
300100002
1004100
300120000
110100003
110101110
102200100
1001013
2000112
11020101
111030000
21210000
102010110
2010210
100200201
2130
40000020
100020300
100003020
111011100
310001001
301001100
2110200
1122000
21030
11000022
10004001
2004000
200001120
110111010
3000021
100040010
100004001
1110102
221001
120003000
400001010
3111000
301000101
11100003
3002100
100310001
100100112
300001110
20130000
111110010
21100110
1001010
100021002
1023
101100102
130000110
2120100
1201020
10020102
213000000
300000012
1001400
3110010
1000140
12100110
211200000
200013
111001020
11102010
22100010
202002000
1201200
210200010
11121000
101010210
210210000
100300011
110020002
110001120
3200010
101101002
100101012
212100000
100020000
201110001
30200100
110012100
12012000
24
1021011
130010100
200000103
20004000
10101300
10001400
20000004
101002002
11012100
301011000
21
101001201
100103100
200220
110100
110020101
100040100
200000310
201200010
1200012
200111100
300000021
211101000
300201000
33
211001010
300102
10100130
11100210
110031
202011000
10010031
100101000
11211
110202000
30101100
110201100
10001100
10021200
201101010
101011011
200021001
40010001
101020002
14000001
21003
3120
10010010
200300001
102000201
101000010
301200
1130001
101120001
10101210
10110201
10001010
20003010
11011002
1221
2000301
100400010
210100110
100200030
10003002
21100020
400101000
110020200
20110011
1203000
200010012
1020012
20103000
131001
12000201
100000110
122100
112002000
22000002
2030100
1000410
100203
300000000
101120100
121000200
4002000
101200101
1032000
111101100
3101100
101200011
100400001
202002
12201
20002101
210100101
30010101
10010100
101000211
110310
101010021
10021011
100001130
1102002
100030011
213
100030020
300011001
32100000
120110100
120000030
10121010
2100201
400020000
211000200
100111020
40000110
110011020
110001012
2000100
121110
210001110
100013001
11020011
103200
100110210
10000032
201001101
2012010
11002200
111002100
12
11010120
20100210
10200111
101013000
100000014
122001000
23000010
3010020
102010002
301011
231000000
10001202
101010111
121010010
100041
121200
2400
10010121
230000001
23100000
220110
401001
200101020
400010010
210100002
30001200
10011003
1023000
2001111
200022
200210100
3000
211000020
13002000
30120000
10000230
31010001
101000022
200121000
1022001
10000020
102102000
1003200
101010201
120111
100113
101100201
11130000
31000200
120010002
110112
1221000
410000100
200000130
100000023
200000004
210011010
102002100
21002001
303000000
203000010
42000000
10004100
410010000
141000
200021100
111000111
100102110
20030001
20002002
2110101
103000020
111200100
1100004
12001002
220020
201000111
100020111
210110100
110003010
101020101
300000111
12101100
140001
1103100
1010202
300011010
1021110
2111001
12101010
101211
201100020
12110100
1100310
202100010
100010103
11111100
13000002
20200011
21120000
130001001
11103000
1030101
220101
102111
211001001
100301100
101001120
31002
14001000
210002001
10110
111000120
10210011
100200003
2211000
2010003
101003010
230001000
100200300
111300000
2201100
3101010
22100100
211110000
30101001
20110110
10000122
1230000
201020001
120201000
100201110
300001011
111010110
102002001
302001
13011
121110000
2021010
3001200
301020
10400010
210021
0
100021200
22000101
101102010
202200
10202010
104010000
300020100
100000002
20003100
110101002
320001
10122
202101000
10002300
103100001
1000023
200001300
110000100
1101003
11200020
100031001
113001
112011
1020021
220000101
32000010
120010101
110002200
1021200
2010201
201
11100030
20000220
10000311
110010102
1000203
102110001
11022000
101102001
20031000
10002201
120012
11111001
30110100
100010004
140000001
200030001
10020003
2022000
1012110
100210200
101310
100100211
230010000
1011
202000011
211000101
121000020
100120020
100302
400000101
110201010
2020020
101001012
13001001
13010100
301100100
30020100
20012100
21010200
2101101
1010301
10220100
400100001
11010102
1100001
121001010
100301010
122000100
320010
11202000
11100012
303000
111002010
112020
110220
110210010
1200102
20000202
21001110
3012000
1031010
101000103
1010130
21021
100031100
10300011
30010020
2100000
101000400
1001211
202020
10130001
100401000
100002201
2100102
121002
210020001
1020210
1140
30
200010201
10000110
1011102
101100
10100103
10202100
300001002
41100
20301000
101000013
11012001
3011100
200020020
210201000
31101000
10300101
120001020
11001021
201300000
310100001
100112100
10030002
10010130
200120010
130011
2112
310101000
112001001
1010103
101010102
2102010
1000212
13010010
12000210
13000101
20010003
30001020
21010101
14000100
22010100
200013000
200020101
211000011
140001000
10110030
220200
302001000
10000203
4101
1410
111100011
110000121
2010111
1210110
120210
200022000
101010000
1000230
22020
10120011
1102200
103000002
110201001
1011003
100220001
100100001
120000120
20001012
3210000
24000
30000000
2100300
3200001
100130010
102000
20220
11003001
1110210
21000300
1200120
11202
100000113
10131000
10021110
110003001
11010111
101200002
104100
300010200
210120
1131
1400100
110100012
102101100
200101101
101030100
13100100
200100120
1320
311100
1011300
231000
203100
1120200
10103001
10100121
11010012
112000002
111010020
30102
200031000
13200000
20030010
402000
200202000
220000002
210100020
20020200
101011002
100201011
400002000
10400100
13002
2201001
1300002
10032000
101000202
110004
10220010
10121001
310000002
200000211
12210000
13000020
110031000
30020001
102200001
301101
201003000
12010200
10200021
100200012
300000102
200000040
100011030
13000200
210000021
121100001
20112
111102000
1001001
11002101
110200002
4010100
2003001
200010111
120000300
220010100
102000000
110040000
101022000
102010101
211101
411000000
10101111
3000201
210001011
2200011
220011
21010011
212010000
10012110
100200120
10103100
121200000
1110111
2013000
2031000
200031
11100201
10210101
1410000
10000302
20000013
101004000
111020001
11000031
21001011
100020003
30200010
11010030
32100
2100
201111000
111010011
101202000
210300
100220100
1102101
12002001
300200010
10122000
111021
20210010
201000003
10003200
11013000
20001111
10140
11031
120010020
200100300
111100020
20020020
10002003
10110003
3020001
100200021
200103000
10010022
11000211
102300000
102120000
1011120
100210110
1210200
20021001
210003000
221001000
200400
200130000
1020003
101021010
101101200
100121010
100010112
11220
10210200
120200100
12020010
2030010
300000120
122010000
100001031
401000001
20000310
10011201
2200200
201002001
10100031
20100012
131001000
10030011
20101002
1001100
2040
100101111
100011300
11100000
111100101
31010100
2300100
40002
300111
102101010
21012
1202001
111100200
200200110
300002001
200000010
122100000
2010030
201000120
101210001
240000000
10040001
1100121
101000001
102210
2010012
1000302
10010400
20001120
11004
200201010
121101000
204000
1202100
200000112
102210000
100111101
2002101
11003010
202000110
1310010
1012020
101100120
102010200
110310000
2201010
2001300
100021011
20400
100000011
410001
112000101
110004000
10111002
101202
11000112
11001012
11310000
101002020
2002011
20020110
301100001
201010110
120210000
10030020
420000
210000111
201011010
111000210
100000104
10301001
310010100
114
200012010
3120000
132000
310011
100311
101201001
300110100
20201001
21001002
30012000
30110010
210110001
1201110
101013
100010220
201010011
410000010
100001211
201001002
112100100
100102020
30000030
30001101
21000
100012101
11000103
102012
11001201
120200001
120000021
100100301
100003110
111000030
12011100
121000101
10300020
101011020
202110
11030010
200000022
10100310
111000021
111101001
3030
13020000
210010200
110011200
10000104
2020101
400020
300100200
2031
1102011
400011
200020011
14100
210200100
10310100
20102010
1211100
11301000
100032000
104001
1220010
10001301
3021
400001001
110103000
3010200
100100121
10200210
30003000
120001002
100202001
1113000
103020000
102000300
120100002
1003002
10010013
130001100
320000001
22002000
10020030
2010300
2003010
3000120
1102110
400200000
1101021
10020021
101130
201030000
100311000
301100010
101300010
2101110
2021100
102001200
3000000
101010
11120010
101301
110022
212001
100100013
100120011
101040
1100211
100011000
20201010
102100002
130020
100131
10101102
10112001
300001020
200120100
10000113
10000014
112200
3003000
200001102
100012200
40020000
1200003
1020111
212010
1100400
210102000
1010022
11000100
110110002
230001
110000004
20300100
220100001
110110110
40110
103001010
210120000
201201000
202000020
30100101
21300
11121
100011021
112101
112110000
10002000
11010300
1020300
140010
1100010
22001010
104000010
201000102
20100
1100022
10013010
101110110
3300000
102011100
200000100
20000040
11110101
1011012
1202010
401010000
10101021
10011120
12120000
1010220
140000100
120002010
1401000
201020010
100140
11000310
12030000
2100030
130000200
20001021
2001120
100100031
11021001
100001121
100201101
321
11100120
112101000
100003200
201010020
21003000
1000110
220000110
101111100
110001111
20110200
4000002
101200200
100130001
200100021
320100000
11000010
10102110
221010
40011
100020021
101100210
11000121
1011021
220002000
21001200
21100101
3011010
302010
202011
10100400
132
1010040
110011101
200000013
110002101
1300011
1014000
111102
30030000
300101001
110020110
4000101
104010
201210
100100022
23100
100101300
10010112
111000201
1000113
10400001
12010002
1001004
20002020
3101001
22010010
120020001
101121000
40000011
110200020
120200010
10300110
11010003
101300001
111100002
2001210
100102200
200100201
10320
2010021
2000202
10001310
10112100
100011
10100301
132000000
20022000
10001013
1001121
100001004
1002012
20100030
2002200
20310
30120
100001001
300000300
110210100
110011110
1200000
3100020
213000
101210010
1203
300111000
300100011
201110100
210101100
201100011
10102011
110210001
402000000
121000110
30020010
201012
1100031
100002210
1000131
1104
11000220
11011200
12020100
12000003
101040000
200001111
101000112
200100012
102000111
300
30100002
120001011
40100010
102100200
123000
11000202
141000000
12021
1010013
