220011010
2011003
1401100
2131
11012200
20002012
11010022
4300000
1040101
1010401
10201012
402000100
200401000
200201110
301020100
210020011
111110200
20000311
211021000
110010211
201000001
101011111
301001011
201000112
100002211
3120001
100024
21220
322
101010031
11202100
10003120
10110121
130010020
203100010
320002
200202010
11101120
12121
10004002
410100010
22300
10303
111002200
120021100
100400110
200100040
100030102
121030
1003
40002001
20010001
200000020
101011210
230200
20220001
10202011
210004
220100020
2302
220120
300111100
3010300
102112000
1211101
1010212
110000113
40120
101102020
10230100
4010110
20104
24001000
21010021
104002000
110110210
302000020
30004000
310000210
1000000
32110
1013020
10120021
101100022
1010041
20011021
200003011
210100300
30110101
1301110
1240000
11110
13021000
410020000
321000001
20030011
10004110
30011011
110120011
11000140
212020000
102110200
21400
10020103
1200202
12100210
300310000
41001100
3201010
3000001
10330
401110
12110002
1002031
320011000
20101
1100230
10102
11013001
41100100
31100101
301200010
100001032
10010002
20001202
200011102
3030100
3020110
112100200
100000042
10211002
10031101
301000000
311002000
300010201
30100000
12100000
110130100
121001200
110200021
410110
110100001
41200000
1041001
210310000
30101101
104010010
200010001
210100120
101100100
11011003
10101031
1200211
100312
110211100
10030003
221010010
102101101
100020010
1001122
300020101
113110000
210030010
320010010
31000
30301
40010200
10013101
10001104
2101102
101001301
3200011
100031020
100021021
12020110
400000300
211030000
20003200
20101300
21100003
101001103
100231000
220300
21000400
400100002
101000110
100400020
300201001
40000
200010202
1024
10122010
220210
220300000
30001021
110000011
100100131
1400002
111021010
100001200
11100040
100110040
111011101
200020000
201011110
30100
10131010
12020020
20022001
10102021
1200220
200012110
130110010
101300200
100202200
102220
100010122
11100220
20102002
4000210
130110100
200012011
100004101
1100032
101220001
1320001
101001001
210000310
111010030
30120100
201020101
210100
100001131
1102
12012100
110302000
1014100
110210200
31200100
1001101
300011110
10300003
220001002
311010010
3101110
3002200
11220001
203001100
201000040
101011102
3400
10100200
1021111
20101021
20410000
3031000
101040001
100003201
10201030
1120201
21010210
1200301
120010111
21100300
110012101
100000222
30001000
201030010
2401
1011301
1101202
100021
212001001
213100000
110410000
20021200
130300
11112010
10021201
110300101
110121100
102310000
102300001
103000102
10200112
100041100
31000300
4210000
13001200
330000001
110003200
201001210
1103200
20010112
30110110
20001220
3200101
100310110
100201003
13011001
112020001
20110003
30010201
101041000
230000002
200120200
100102030
100003102
101011021
20210011
100303000
30002110
102010000
102000220
4110010
201010120
103101001
1010011
20010220
200000320
120000400
11130010
10120000
1330
401001001
110131
400201000
220002010
301210
201220
11113
3031
21202
10010410
122010001
410010100
200021110
100011100
221000200
212011000
201101011
10210300
21100102
100003000
210001300
100420000
1402
212002
40000102
121000201
130000003
300110020
11111200
21000010
30012001
2202010
300020110
300004000
312100
1221100
10102000
100101001
21020101
10010302
100210
110013010
111012001
221010001
104000110
2002000
100302010
100202101
11200
101122
21000310
2021002
202000300
310000102
11020300
112021000
2020111
100140001
102102001
100001113
32001010
20001130
200100202
120001003
2011300
1001140
200110201
100140010
223
111001120
101010004
213000001
221100010
2101300
300031
401011
141010
100010131
100111021
12301
20200102
103012
120000103
120011200
101200000
23002
10010104
10000123
2201200
220200010
111103
31001020
1200004
201040000
400010110
211000030
11410000
101011003
101021020
20400100
20031001
11002102
303000001
102030100
13000120
312001
110022001
20030200
21101110
1000033
111022
20310010
2010301
1011031
20000221
102001111
2010400
310030
22011010
210040
201002110
10402
10112011
1011022
200300002
31101010
132010
20130001
2102020
2100001
21013000
120000202
30010210
20000110
113000020
310001002
100401100
1130020
110102020
131020000
203011
100013110
1130002
100002301
1110130
2210110
10301200
1200031
103201
110311000
3000130
1120003
1114
11021020
103111000
110011000
2032000
101003002
3111001
2002
4012
300040000
32011000
32000011
210021100
203110
200021101
100012102
111011020
403000000
220010101
1030030
10120030
101010001
210121000
114100
200200021
10021300
221010100
202001002
100112200
1130011
100011010
40001011
10002220
203010010
2000320
100301011
100030210
10200040
300002200
120020101
130000120
1300030
101003011
200100004
201100
200021002
21000112
30210010
10021012
112001002
1001014
200111011
210004000
120003100
101211100
100010140
11101012
10020001
10001200
121002001
10101301
30000004
210110110
103010200
201011011
2112001
310010011
20010130
2111200
2010130
100203010
13120
1111
11014
12000202
122002000
120010030
220101001
103200010
41011
100012201
100101202
11032
32010010
11021002
200003101
400000210
200110030
130100110
210010003
23101
10141
10220002
112000102
200001400
212010100
211012000
2300110
12010210
230101000
202003000
221020000
201001012
203101
100112011
13000201
123001000
30010102
10011211
20220100
210001003
210002101
102002110
100101130
201100120
101101201
10011220
10110013
1200112
40300000
10003000
20002000
1041100
10211011
20202001
2110003
2020
101001004
210400000
240000100
30000010
201101101
100221010
1013002
101100001
10101103
22001200
2100220
1122100
101100130
1010200
10011301
302002000
110301001
202000111
200011003
200000221
24010000
121012000
201021010
300100201
101210200
11000203
1210201
20230000
120300100
21001
100300300
202210000
301010110
230010010
120110200
210001012
202100002
2000104
10102030
300022000
22000030
120010120
100031101
12220
1121011
21300001
10300021
10201021
300011002
130011001
13
110020102
300301000
200032000
100300201
103
102010030
202020010
101001130
100023100
111001
11002201
121000003
111110020
201101020
12111100
2041
110320
11002
102013
2100202
320010100
131101000
320100100
31120
201120001
100113010
110100004
20102011
10031020
410000011
300010111
130021000
102200002
201020011
100321000
100032010
10111201
202120
10310011
2002201
320110000
301010020
112000003
210000103
31110010
3110200
4010002
32101
11011120
110200012
102010021
100030111
311001100
20401000
210003001
3000301
400120000
200111020
23110000
110040100
10400020
101014
121000012
2201011
23001010
21110101
2011201
300120010
103030
100212010
301
101002
212000110
103010002
201000202
10312
20110030
313000
230020
100110400
2014
110210020
2100301
1032001
230020000
400210000
30021100
401101
101110012
1001302
1001212
102000031
131110
211000300
210000001
104110
40102
2220100
222001
1201201
120001000
31021
2230
40010110
11010040
103011001
100230010
100020220
1010311
10003210
121001011
10111021
220102000
310001020
21100030
211010110
103021000
101000410
101001040
100200004
110103001
11201002
210022
101200012
131011000
100130002
100130110
200201002
200111101
2122
111202
20102020
2400010
100120
400011100
200000302
212000020
20200030
120110002
200100310
10130200
21031
130100020
202020001
102000400
1000303
12103
101201002
10200121
10002031
1002310
103100011
10100020
300103000
311101000
201021100
112300000
1112110
1410100
211001020
12100021
110112001
122000200
32101000
12101011
401200
212020
120010
300000310
110122000
113100010
300012001
140101
114001
10201003
22100110
111130
100011022
10110220
12100102
113002000
31000003
13100200
200040010
1120
20100004
2202100
12010021
300200110
200400100
100100230
1020400
14010001
110031010
14000200
101212000
20211001
400020100
400001101
100111003
110030110
100200040
100021210
1001203
102100120
110201110
21010030
103002100
1101310
100101004
22200001
1220101
21030001
21011101
12031
101110111
120011101
1210300
22000
2120200
102010
1001041
101200120
10042
101031010
101101300
101001013
304
1201300
20021011
120100120
130000021
12200200
20102101
130020001
103010110
103001200
11023000
100002121
200301100
200110000
1400110
11020102
2301001
110220001
203001010
300021010
200000023
20311000
2030110
14100001
102010210
100402000
2220010
101020
11021101
200003200
30001012
111000400
20201011
1000012
12201001
200020003
200010040
21210010
402001
10041100
20000020
210000031
200120020
100200010
111001300
10100320
11110210
13110001
11010001
402010000
200140000
301001200
131020
11003101
1020103
10001023
2010121
200101030
120000001
110011102
10111000
110002210
102020101
200001022
100000210
10110400
10101310
12300001
2101201
102004
400300000
121300000
30101011
2002300
12030100
30102001
102220000
20002030
102011101
302020
4001002
1002022
2002021
213000100
201000301
10302001
100141000
121120000
110111002
12100003
32002
1100212
102012001
10030300
110003020
204000100
102000121
13111
40210
111101200
1110040
20121001
20300101
20110111
202012000
13110100
1230100
30003001
240100
300130
10120003
3301
101100310
400101100
30030100
30010120
23010001
1210012
3002110
114010
10003201
114001000
2130100
10203001
30100201
320020000
111400000
110000200
301101001
140020
100011112
14020
400200100
121100011
102011020
11300200
20020210
10001401
1202020
200101111
122000110
110020000
100400011
101120200
111004
10020100
411010000
203000020
131000200
10030000
130020100
10141000
14000011
100230100
100111102
12200020
10021000
1011202
102001
101140000
120011020
20000212
1111030
141100
211200001
12000001
10040200
21010300
11200003
10011121
100102
203010001
203020
20023
4200001
210301
321100000
201300010
102201010
104200
1100101
10200130
1030201
210201010
130001002
200130001
41200
101103001
11011102
220102
300101101
100111012
11022001
302011000
32002000
100121200
214
4002001
2100121
110010310
40100002
20221000
101310100
211200100
30220
20022010
10010110
10303000
110300200
210200110
210000301
20101030
10022200
112010110
1020031
300100111
400002100
220001200
101000014
13010101
10121101
120002020
301000102
100003021
101102011
21000130
30201001
300001021
110200003
201012100
14000110
10211110
2102200
321000010
100300210
110101210
10100131
110110
10311010
10112101
200200030
300003010
200103010
142
102130
101020102
1023010
130200010
301000012
200400010
100320010
1100122
121102000
100302001
11120011
12300010
31020001
12101020
20103001
10200001
12100012
100000141
210200020
120000112
1111300
2100310
13012
20003002
31010002
202201000
112101100
100221100
10402000
100300021
21030100
20110201
10001122
100130020
13020100
300002110
122110
12000040
1012021
200200300
131000002
30000121
2300002
100010302
101103100
10013011
110200210
120001102
101040100
11122000
10200022
10001002
1021021
200000200
4100002
100030120
10123
101200030
101300020
201001030
20301001
1001104
110010001
31001110
30020200
20140000
202200010
101023
1001401
40101010
31200010
20120011
410000110
11110003
12211000
40010101
12002101
10040110
113000200
3001012
200010031
111001003
111002101
42000010
10300201
1011004
312100000
110111200
211010002
102001003
31300
104002
11110120
1010131
121210
20102110
211101001
12300100
11012101
10120201
400102
301010200
201100111
11000200
131002000
120001300
210111001
3013000
11102101
2011
110201200
20110102
121000102
1030210
111130000
221001100
130002100
4100011
10014001
400000030
140000020
30001102
101011120
301011001
100101220
11041
21001111
110010004
200011000
120200002
10121110
101100220
30130000
300100
1033
111010201
300003100
201112000
30002020
202000210
1111000
100031011
100021012
403
100110031
21012010
21102001
1300120
20041000
2012200
200101120
41002
110120101
211002100
10102003
11121001
1300102
200011210
3001102
201010
1104010
211000021
301100020
10000222
211201
1312
11201020
40110010
20220010
31011100
210030100
20131000
11002300
10210021
303100000
310002010
102002020
10110202
1300201
102202
400101010
102210100
200210110
1310020
11000041
22101010
10121200
1010101
12003001
10030201
400000102
113101000
11113000
110004010
20001400
100021120
10120111
1100302
111100102
11210200
123010
401001100
200030002
312000100
31020100
201004000
30004
20110012
410200000
103001110
210003100
10000300
101211010
111020011
21200101
10000240
20020000
30001201
201010102
100220002
11001130
10010221
1000231
101011030
110110120
12200101
302000200
201010300
300111001
41011000
102010300
2001010
201040
11400001
100010230
11003020
100001011
110100400
10100302
110302
11122
40101001
302020000
100001410
200001310
310110100
231000100
210200101
3100300
14000002
302200
300103
30010
111102010
10012030
11110021
202001200
11400100
310201
22102000
12200011
20101120
10110301
330001000
130200001
210002002
211111
200110
200101021
1010032
13100002
231010
100001104
321001000
103100020
100200112
20210101
10004200
1301011
103001002
1021000
30100210
20101012
103000003
203011000
110230000
30003100
102021100
24001
130201000
210001021
200110102
100002310
12002011
300031000
200000002
110110111
430
112010002
130100011
30000130
301002010
2000002
2121010
10011010
210001
3220000
2300020
200130010
100000231
2001004
112000201
400210
110021002
100023010
100020121
10130110
100002400
1020100
10024000
420001
400011010
211102000
400000012
112100020
2201101
1004020
401101000
120200011
22120000
121011010
3003001
100200130
10003012
1200103
302000011
100330000
200000032
202000120
302010001
10100230
10110010
2320000
30310
102121
10002013
220100011
120101200
2010100
320110
20130100
30220000
30000022
311000101
210010300
2000140
100211101
1012003
10000012
113010100
2300200
12112000
11311
11111011
20100211
10131001
10012
301012000
310100020
312000010
103020100
211001110
220200001
201102100
2120110
21020020
20110120
10020400
220001110
311000002
3200200
101113
1210111
100010221
200002201
1111012
4100200
200100100
1300
100110004
2220001
31001200
200320000
400001020
301110001
110301010
220002100
210000400
201003100
210210001
21200011
21000220
30110200
21040
3004
101201200
10300210
400100200
20410
31002010
201111010
101101111
220030
101010013
40021000
210220
201000031
300100120
100110130
10030
101130010
11013100
111000301
1023001
32000110
120300001
41002000
2000401
100400101
100013011
10002103
10002121
2001001
200300200
300110101
110001010
214000
40200001
10310002
4000012
410000002
122020000
132000001
100100200
100001212
20200201
303010
201400
110120002
22012000
10203010
1020202
122001100
221001010
3130000
101302000
200100301
100221001
311200000
311000020
110020003
110001121
1003300
201003010
102012010
3022
1110211
21100120
120101101
102103000
140002
110104
21400000
2010211
300400
300022
43000
110230
11001310
10023001
10020310
10212001
230002000
120310000
31
112200010
100111030
30110020
100020004
10041001
130011100
200300101
100001110
101003020
200001301
1103011
111100012
11112001
3100210
102031
220111000
202111000
220020100
20011030
201000010
112020100
10210210
21100210
1000132
41101000
111021100
101003101
100101400
311011
221020
410002000
30201100
110030101
101001100
101010310
1121101
12120100
2100010
1000042
130011010
110000212
2030020
112100011
102110101
230110
111000202
110010013
110011012
300100300
200200201
211000012
12010
31000210
2022010
400100020
200001013
103000
200212
113200
30002200
202110010
201001201
400003
210211000
200012200
120040000
120002200
10001410
40110100
201001120
200401
111003100
10010020
1122001
220000300
310102000
300000004
200100400
300112
101100400
21100021
200001010
30020011
3000112
100101103
31000102
101202001
30010300
201010210
301030
1104100
30210001
10011040
202100101
3000100
102011200
2000011
23110
202201
103000300
220110010
30110011
4110100
101010211
1040110
200002021
10121002
2001301
130000111
30001
10213000
110310001
320200000
204010000
101111002
400000
300300001
30200101
402010
210100012
1200040
20000014
200100121
11120020
32010001
20012002
201110101
110203000
122200
101221
10123000
101202010
210110020
100211002
12101002
102100030
12110020
113011000
210101011
102000001
2001121
401020
101210110
211001011
10000312
300030001
122011000
20200300
30000310
1030111
122001001
121010002
102130000
111040
1012102
300200020
3100003
3020101
2001100
1310011
1231000
113101
11010130
1201000
301000300
204100000
300101110
400012000
20010400
12021010
10040011
20021020
110200201
100014100
300010210
31000030
30000202
4030000
3001111
100101010
13002100
10001320
10102102
110004100
200120110
100102111
200021020
210100111
100021000
200022001
1040200
110100013
100102012
101212
11001004
23000020
120000301
2130010
301100110
300012010
210000202
112201000
200211010
30130
122011
102002101
300120001
200201020
100021102
112110010
11001211
10000303
101101003
10130002
100110301
101020201
10202200
120100201
111111100
410001100
140000110
121003000
110200300
110000203
20111020
202100110
4101100
100012003
110014
21102100
10122001
101200210
110013001
330000100
110301100
320001001
2022100
321010
41020
132100
200004001
203010100
200113000
301101100
211210
200020210
100010203
10100410
100120120
11000113
10100104
10022011
20111101
101200111
102020110
102003001
14002000
13100110
311020
100114
100030012
12000010
2211100
1131010
100110202
10210030
201000130
201011020
212101
21120010
4020010
2103100
12021001
31111000
103200100
322000
200010121
313
10310020
1203100
132010000
111002110
100000402
1110301
24000100
110010220
13300000
210000130
121110010
40201
1132
2010103
10103101
20002021
10112002
120000100
110001112
104010001
101012200
100120111
311200
110130010
110100301
1020310
201300100
100203100
100004002
1113010
101010121
13010002
200041000
32200000
2203000
10111
1010410
101101102
1010113
20320000
30000031
101210020
100002103
4201
2021011
300200101
100030300
140000101
301001020
100040011
240010
130210
130300000
120400000
4000111
211001200
10002010
320000101
100301020
20120200
120211000
210000100
41000200
101112100
12310000
10001212
200020300
2101111
100400002
100411
12211
10002004
2100004
110001022
420010000
220001011
311101
400010101
320100001
10240000
122100100
101131
11022010
1003120
30300010
220110100
101030101
3101011
1132000
111120001
1110112
20101210
1202101
103011010
100310020
33100
1002400
20000113
121010101
411100
340000
100100101
100110220
211000201
110211001
100122001
30100021
101004001
41000101
112101010
100200121
1101130
13010200
120020200
110112010
12121000
210102100
102101011
200130100
110100040
10231
110021110
3001210
102001201
20203
11003200
400000003
230000101
103100002
13102000
100020031
213010
20012101
10000120
302000002
120130000
13000
11020003
1101121
32001001
2200120
2020210
30000220
3021010
100132000
21020002
121001020
120040
43000000
20000032
110000041
201002002
300021001
30202
100002202
1000420
202012
202120000
310000012
201202000
41010010
1102201
33000001
120031000
20002210
10030120
4200100
2100112
101210011
21211
40010011
112002010
11200210
101031001
2200111
3010003
300310
123100
1240
10321
21011002
10200202
10010230
3201001
20200111
20110000
100010320
100010023
11001121
110020120
310100200
33010
110212
22001011
20101201
10010122
400111000
100100212
11002120
10200310
10033000
21100000
3110101
100100032
2100100
101110030
101010103
102001021
100033
111101002
1023100
212002000
20112010
2300011
10020301
10021
340000000
201211000
23000002
310001011
102022000
130000
100000420
102040
10000213
110020210
200001211
110111101
104020000
11104
100110112
141000001
3001300
14100100
403000
200110120
100101121
211001002
11203
300002002
210300001
120111100
120000130
1003000
1100320
1121200
10100221
3010012
200011201
120010000
30020101
101101030
100001401
12102010
2100013
130110001
123100000
20000401
1120030
100004020
11010400
130101001
202000012
101130001
1020001
10003300
212100001
23200
100011220
12101200
200003110
200001121
100301101
11400010
11102020
101121001
131001010
2101003
101102200
11202010
2100103
1002301
220201
301110100
32000020
11103001
21000004
10110031
11220010
1301020
12001
401000020
40210000
12130000
102022
110002012
230100100
120000004
1003003
200201011
10100101
1020112
100300000
20310100
112030
110000101
3121000
102101020
10021210
103010011
100020100
20302
133
200001040
140110000
2030200
11000104
100123
300010102
121101100
101000020
20401
10104100
10010320
220120000
20003020
211010200
4003000
100303
13030
11102110
22100020
12110110
2011021
1001020
322000000
310111000
300000013
131010001
110400100
200101
110221
13001011
10001311
214000000
210010000
110111110
20101111
202101001
201130
100032100
430000000
203000011
200300011
10030030
100010212
31002001
10200010
400021
300001201
30101110
13100020
22012
111101110
31003000
110010100
202102000
10020013
11010121
3120010
300011020
101030200
310000
200203
111000100
1221010
10020202
1203010
10000111
100040020
111001210
11040010
11011012
2310100
100000123
101202100
2202001
1201021
321100
103300
211102
100040200
4200010
110002021
200110003
101220100
1040020
22120
13102
40001020
24000010
132000100
30121000
220010011
210012100
1030003
110100031
2012101
11110000
4003
3121
11010211
221011
10302100
10021030
1200121
401200000
400110010
110101000
100011040
1102012
22300000
21100111
2002210
211000102
2101210
1000321
11001202
410000200
102020020
201001300
104100100
1402000
1002004
200300020
300000121
23000110
210020020
110020111
101010040
2110021
300102100
231000010
20002003
2311000
202001011
1011211
10000
201120010
11041000
10100023
21001030
211300000
100003111
301201
10111120
13001110
13000111
31210000
310300
100310101
11100001
1100221
31000201
201202
20001112
111020200
10420
11202001
101221000
104000020
201020200
221200
32011
21001210
1031101
120100021
23000200
3000013
100123000
100121020
1202110
11410
1303
3112
111011011
400000201
111310000
200310001
203200
110103100
10301002
10110310
20200000
310110010
110100112
13001002
320000002
20012200
101311000
231001
221001001
201020020
201000211
1111120
23001001
302101
210211
210100201
1003012
122110000
20200003
1000300
1401010
110100202
111011200
11100013
10001014
2102011
300020011
110000230
202020100
103000201
102102010
200022010
100011031
101003200
102000010
1012111
1120120
1020121
130100002
30040000
210110011
103001020
31210
10130020
11100010
2100040
211100011
130102000
1300300
202000102
30400
211
2010202
220111
100104100
211000
1102120
31001011
10302010
10012003
1020040
301300000
110300110
102201100
3021100
3111010
100200400
1211110
40000210
13012000
12011002
202300000
103110100
103101010
200000122
400030000
310000111
312010000
102100003
10103011
20103100
113010001
1002112
4120000
11103100
1110001
13010011
21003100
21011011
100122100
23002000
2001103
100030201
100121002
10310110
20013001
240010000
110001310
3101200
101000122
100100203
111000112
112010011
20021002
42100000
101121010
40001002
13002001
110030011
20000104
100111210
11030200
1011310
11301001
400000021
130120000
230100001
21110020
20011003
2011030
2102110
1000222
10200013
10010203
330010000
112000111
310021000
110101003
21211000
10301011
10001020
21201001
101200021
11031001
200010400
210202000
200103001
1100023
32100100
10220101
100300111
100131001
121000
40000012
1000204
201130000
2104000
100002001
11102002
113011
12301000
410100100
110000110
1330000
1111021
301000003
211201000
311010100
220101010
3300010
3011011
110311
300000400
120300010
30001003
22030
100120210
20000302
300100021
302200000
303100
40300
11100310
121101001
110012011
200121100
100202002
2100211
211000000
20020300
12030001
21000022
20040001
10010113
21100201
10120120
300201100
300112000
103002001
2000041
21200020
102100210
3200110
101030110
100202011
10021102
4000021
110110021
301003000
400010002
210111100
102301000
2030011
100240000
110002
10140010
112001101
220010020
121100020
2000410
3110002
300300010
1111003
331000
100213000
100312000
100201201
101012101
40200100
11020201
10401010
12010030
1021210
102110110
201013
100021030
110103010
1111210
20010010
200200003
22011100
3202000
20200
101040010
111001000
11100202
10002130
112030000
400001110
200200000
20002120
110000221
103100200
12101110
20221
10013020
20010004
11001301
221000020
101023000
100201000
100300120
2120002
4002010
100011400
300110110
200120101
301300
2320
111001030
11000014
10401001
203002000
102202000
2110300
410010010
101101210
101100013
1122010
11200021
220101100
1000030
11140
10201000
300003001
1001110
31102000
110111020
11111110
200202001
210130
1012000
1010203
10001032
114100000
210002200
130002001
11110030
100100104
21112
1010020
1101010
10000420
1003021
100321
200011030
2000113
11101300
100001002
2000200
111020101
10113100
101200102
40021
200000410
300000010
210010111
31010101
4210
102310
21000040
22110001
20200012
2400100
103000111
210111010
120011002
102010201
100110100
11120200
100002022
110200
1020013
330010
100101013
12013
100120201
10022110
400003000
300010120
104010100
201200101
2001040
1213000
111020020
410001001
10100110
132000010
20301010
10012210
102002002
311110
40111
100011310
101201020
1220011
1002130
2000212
11300110
31030
100013002
110210002
100301110
300000031
140200000
30201010
10111003
101022100
2021200
200200210
11200030
100121101
12022000
12000103
30101020
30000112
103001101
312010
100112002
100002112
20400001
400010011
2012110
20131
331
11100301
22020100
20013100
100131010
100041001
11020000
100112101
201010021
11001013
110010040
320101000
10000141
3020002
10101220
120004
100102000
210100102
111012010
140001001
2010013
203101000
23001100
110200000
120100111
300121
31020010
10113010
112001200
401020000
104110000
30111001
30011101
202100020
1100401
11100031
10010212
11010010
123001
104000011
101010400
103110001
202030
200200120
21301000
101201011
12001030
330000010
200000014
220100101
101000104
100301002
100212100
11000320
211000210
100100113
212200
101112001
100000303
100001140
11212
21101020
201004
30000001
101300011
130111
100200001
100204
20110300
302100100
4100101
101021011
13020010
110012002
3000103
22000201
21001102
2101021
200013100
200010130
110310100
130010011
4100020
100200022
10131100
12101101
10200211
210100030
120000310
20001121
101030011
102011011
11031010
100113001
112010101
112201
11310010
100004110
120000022
110011201
300211
24010
200001202
310012
200221000
200000212
100210000
200121001
1131100
200002012
1110004
12000211
10320100
10021111
200000113
13030000
31110001
102001300
2212000
101100121
110201011
21011020
10004101
10012201
200203000
111100000
101122000
21013
221002
202000003
310101100
14001010
13201000
1103110
22002010
310000300
300121000
102002200
2000221
1310200
200100013
12004000
1230001
300020020
400002010
10014100
20000230
301003
100020103
300000001
10000330
30011200
10000033
110110000
241000
2102002
11200102
110010010
200011111
410101
100100110
22
20210020
210310
10000411
4000030
102111100
102003010
3210001
300000301
140101000
121210000
120101002
110111011
400300
100201012
121111
200001103
102004000
101000023
202000
1101112
11001010
13200010
120001
100000300
201030100
101111101
111200020
11101003
12110101
40200010
30020002
103000210
3011002
1110310
100102102
10040002
10113001
1202002
110010121
411000010
131000101
30001210
3201100
100100410
1210000
412
110101
202011100
210210100
20300011
101301100
100310011
4111
113110
122100001
2021020
100030003
100410100
100102300
103111
2101
22000210
20011012
120201010
2401000
202110001
30040
1210
111210001
100011001
200020012
11121010
1123
2200102
131110000
104001100
101131000
2111020
100210201
1011112
1000210
3310000
101000002
11003011
13001101
100402
200111110
100302100
1013200
101230
1120012
300210100
101110300
220000210
111110110
102121000
101000401
200100010
130
110211010
120101110
210110200
200122
31111
21210100
32001100
210001102
110001013
13120000
301000201
102110011
1312000
200221
100000114
101011300
100101211
201301
330100000
200131000
410100001
210022000
12012010
131010100
110014000
110102200
101013010
11001400
12010201
12012001
300000130
120020011
20112100
20041
101110210
121201
2001202
3100030
100042000
110110102
112
1301101
111100003
30310000
1113100
10110001
3001030
101111020
4011010
100020211
10103002
100104001
211001101
1012201
200104000
20030110
21110200
20212000
202200100
13200001
12001012
20010301
20010013
14001001
300211000
300101200
40000003
30400000
201200002
304000
200311
10114
101032
4000102
201001
10013110
23020000
120000211
301000111
11110111
200120011
41110
111112
10220020
1032010
230010100
2032
100001101
211011001
1120102
11010100
100230001
210210010
1010014
130111000
203000110
220012000
21120100
101000113
100010410
102100021
301100101
110001040
101410
2212
11100130
10211200
420010
200000041
30003010
10104010
201100210
20200021
213001
110220010
121010110
200101201
1123000
200010112
110110012
20003011
2000131
101112010
303001
200100022
201112
14011
101010220
10100401
10022101
1302010
2102101
131000110
11040001
300001111
110002300
200021011
100121011
112000120
300010003
120002110
100220200
100101310
1031002
200101012
11101210
101011
1311001
110000320
102013000
2110030
100410010
201110020
110300011
3011110
200100001
1100200
11101021
12002020
30021001
110040001
12022
30211000
121100101
100010113
11102011
1101004
10000030
20000041
201011002
200210101
2001022
200010211
22000000
123000100
21111100
3011101
40000021
4030
10101040
300202000
311100100
11003002
110300020
110021200
1040002
1211200
1011013
110010400
121110001
20110
12020002
1210120
400110100
200111002
301200001
34000
1110010
30011110
310102
3001
10100002
131000020
110031100
130002010
2004100
100000201
400110001
210010120
1140010
100000213
10014010
2200021
2011012
402000001
140100100
42010000
3300100
100103020
21120001
22001110
20020030
120020020
30000013
402100
200031001
2010001
120202
13021
110010031
30200002
110000131
20011111
110000122
102200101
100001230
101010202
110410
1200010
10031110
210011020
10101001
2010004
211101010
301111
11300020
110120200
100122010
1021102
20130010
10301101
1210102
1002013
401010001
101300110
300100102
111001102
2010112
120210100
30000211
1222000
100100023
11000230
110100310
12111001
23000011
110320000
210031000
220002001
40100011
32100010
130030000
411000001
310020010
21011110
101320000
2001211
100010200
100020001
12040000
1031020
1001032
41000011
103001011
100102210
30022
1021003
12011200
410011000
122000002
102000022
1321
22002100
2031001
11001022
210030001
130000102
121010020
20011120
110001220
4011100
321001
110021020
120210010
302000110
201100030
3211000
111004000
102120001
11010013
301100011
20101000
111002011
14110000
20002300
111110002
2003002
10202020
10040101
20012011
1101031
300000220
201002011
2000032
301000
1022011
210121
300300100
101020003
201100102
11210011
40011001
2010031
232000
111300100
140110
22111000
120301000
10114000
110101300
100220020
200102200
11200111
301021
122101
101200003
1030000
101000230
100020202
22210
22020001
110121001
1411000
3010000
112100110
10120300
20140
40002100
110001202
320100010
41000020
30013
11010112
300010300
200020111
110000023
101012002
12000400
300030100
200004010
231000001
110003002
110000014
102020002
1420
22110100
1001320
20000410
20011210
1011130
112010200
110100022
1010002
112011100
101301010
11300002
200013010
11012002
120000010
110010130
11201110
21300100
30012100
30000103
120000031
20010211
2410000
111100201
2020021
300011011
122010100
220001101
3000310
200110210
11120110
200112001
2210020
1121002
20310001
1020301
230000011
300020002
400020001
113200000
30002101
110110030
20020120
101001022
230001010
10001140
2020003
13100011
20320
10103200
10001203
1300210
100003300
110022100
230101
302002
13020001
10000132
1001023
200002300
30020020
2030002
310003
111211
11000131
10140001
114010000
102100000
1000141
1002202
202021
310011100
102200011
101120101
1021120
10010401
301011100
400200010
200000104
40000030
230100010
20122000
120011011
2000023
3000022
111400
300200200
210103000
2200000
100220110
111030010
2210011
100020112
141001000
120001201
102020011
100210030
100140100
1210030
101310010
12003010
100042
1120000
200000011
101120110
4021
21010201
2201002
130000030
120001210
201001000
1111111
100011121
100001122
101100202
10021021
10003003
210000040
3200020
21010111
110001211
4012000
1000411
100203001
1042000
11004010
20020201
30100030
30010000
121020100
204010
32020
1130101
11001220
21101011
20040100
1300003
302010010
100100014
11020030
20102200
401100100
130000201
3101002
104101
122000011
210013000
103102000
320011
110101201
10001041
101111011
1040011
10
302001010
200003002
21103000
10111030
120010210
11101030
13000021
21101002
300101020
300110002
210002020
121110100
2131000
202001020
200201200
1311010
11032000
1211011
20201002
110001031
401000101
102012100
121300
3130
21010102
20201200
302010100
300101002
102030001
30031
22100200
1111102
20100103
310120000
120030001
30000400
102110002
231100
1100113
102201001
130001020
100220101
101400100
11210101
1202200
310100110
100002040
11004100
100011301
303000010
121000111
220210000
112111
31011001
2013010
1031011
301030000
113000002
101002000
2001400
2011120
101001010
1321000
100002100
110113000
3000010
201111001
302011
410200
20400010
120013000
101000011
101110021
12020011
10010041
301001110
100000330
110112100
101021110
3003010
101100040
2110120
132001000
41100001
20101003
202200001
100001023
110100211
110100010
201201001
20013010
1230010
202000030
400010200
210010102
201000004
101200
1101103
221000002
310200010
21040000
210002011
10000003
102000202
101000311
110102002
110102101
2012011
2001031
130201
11200201
120100030
210002110
10000114
33001
131002
1110103
200110021
10110022
30300100
2031010
1012
102000103
11030101
10200103
10010023
10112020
1210210
112000012
110020201
200300110
140010100
31000111
110010103
4111000
101020000
11021200
111010210
10200031
121002010
110000302
110000032
101203000
201201010
100201021
1213
1011220
4001011
110012200
3000040
212100010
1420000
12210010
23100001
11012020
210201100
20000140
210000112
201001003
111200002
1102030
11212000
11020120
210130000
4010011
300100012
20210200
2200201
320000200
200023000
31000000
130001101
113100001
401000110
31011010
104000002
100201111
1102300
10300102
110310010
140100001
3100111
101030020
20100112
40120000
30112000
200101210
1222
21002011
20100130
3100120
1020220
300010000
140000011
1012030
20001031
302001100
142000
1001230
11004001
302110000
3000220
102000301
100012300
100030021
120130
101211001
110101102
10021120
300000103
210003010
10011130
41010100
2200003
300220000
200103100
10221100
10201210
23200000
202010002
400102000
310002100
200014
111011110
202210
140200
21002002
2013001
400001200
30200020
2011111
1000111
100101112
11030020
101120011
14010010
301210000
22210000
200140
100010002
100001302
100012012
10110100
221000011
11000101
1001011
121011100
120020110
103002010
200010010
104011
110011111
100120300
1110202
2100400
1000213
20300020
20001040
101000101
12000100
20100301
300021100
100012030
111010012
200110300
200000401
200001130
112000
121200010
210020101
110101030
100220011
11211001
10032001
3020200
2101030
102010102
121020010
200112010
200000110
1410001
100040101
100110010
10321000
420000001
301000030
200010100
31010200
3112000
10212010
22010110
21004000
210202
210112
21022
102000013
100000
100201120
22111
10240
10320001
12120001
200101102
11201200
101002021
111103000
301002100
10211101
12003100
1201102
101401000
100330
232000000
101410000
110000020
114000001
101110201
101101012
10101100
30100012
210000010
12210100
10032100
121011001
121101010
10001221
202010101
4110001
3010201
1400020
20011000
110012110
14000020
3010120
200210020
410020
200010220
100001320
101100112
10111210
40110001
12002002
12011020
140020000
120200200
10311001
20010040
111040000
30011020
100001041
111301
12110200
20001001
10000021
120112000
210000211
202000021
213100
4300
100420
230000200
121000300
310010020
230011
202111
12001210
1200130
102010120
4000
22000021
2020102
20010100
100012000
12001111
204001
102301
420100000
202000000
300001300
3000202
1001410
111301000
230200000
203020000
103003000
201100000
121100110
201101002
40
111000013
112011010
11000011
4001101
402100000
33010000
30010003
31120000
1030300
2112010
1022200
10400101
22010200
13010110
1004011
103000030
212000011
40102000
220000201
20022100
202000201
13100101
3101101
200120002
200012020
210102001
1231
10100011
10201201
3102001
1002010
112001011
100103101
102210010
22100011
400000000
313000000
202010200
1400101
20100310
12102001
120003001
2221
121001002
11010220
1002121
10301110
30030010
3012100
100101031
101021101
20020012
100411000
110401000
330100
100012111
1101220
10011310
410101000
303000100
200410000
302001001
320101
131011
13201
2210101
32010100
103100110
101220010
2101012
112020010
222010000
220001020
111120100
2200300
101004010
301000120
102101002
11110012
400001002
222001000
201000103
100013101
11031100
3100
12000112
20110021
100112110
40003000
3010111
3001000
110101012
12202
21111001
10102012
200004100
310201000
20011201
201011200
10420000
100100041
23000101
101201110
3002011
202
12011011
20100100
10010140
10101202
301111000
301010101
120220000
20001013
31100110
120110110
100211020
14101
40000120
22001020
100132
10002022
200100220
31201
12000220
13000210
300111010
210001210
21010003
11100121
10410001
10002040
11010310
401001010
131000011
210220000
20031010
10101400
133000
2121100
30112
101010112
10012120
102100201
301102000
41000110
3022000
2110000
100100221
1100203
121200100
1010221
101101
1201210
2010310
400030
11040100
12400
11011210
110041000
10011400
102000112
31000021
1101001
130010101
210012010
202011010
41101
110011
31100200
100410001
10111102
201022
110004001
421000000
312001000
103020010
101000221
100202110
2203
40012000
110200120
100000003
40001200
20120002
320000011
100300003
120200110
101020030
200400001
410002
101201101
10000102
10111012
120002011
102400000
1114000
200310010
100022020
1010230
101041
103120
210031
30100111
20021110
102100300
110121010
10031002
120022
200101003
32110000
113000110
210110002
20011102
2002120
200102101
220
20100001
2310010
2010220
21004
310101001
20111110
3000031
11000401
12020200
13101001
201031
31100020
211010020
101004100
111201010
410011
100002130
101302
120201001
300011101
300101011
111210100
100031200
10120
211003000
12220000
211002010
111000010
101020120
1200001
120120010
120120100
120001021
100113100
1310110
1041010
100000204
300001000
102000310
2221000
102120100
310210
100002004
1112002
10100032
111031
10212100
21000301
211011010
201010201
111000220
1110013
10210120
10010014
11021011
110002120
102020200
2001130
100400200
1012120
300010030
211110001
204001000
100100401
211030
101130100
1010320
10211020
21022000
110020012
21100
1100110
11020012
101020021
201000121
2001112
200121010
42010
4120
111310
111001012
40000201
1302100
1131001
2201110
40003
3310
11003110
102120010
2020120
111100030
111010003
120102100
104011000
20020021
102100012
302100001
4201000
4101010
112100101
110130001
1220002
10204
10001131
300100030
101121100
120121000
110400010
24100
100000000
213010000
121000030
30103000
103000021
102001012
32100001
10012021
200040100
101000212
300100210
100014010
100000120
10213
40011010
10020112
1001131
1012012
110001301
120003010
102200110
101031100
100130200
100104010
101140
110201020
100110121
122020
11020021
100222000
130001011
102011110
11001112
1200022
100000033
3300001
2301100
330001
111031000
1112200
200001004
400100101
200320
211120
200002
111022000
10102111
111000031
1010140
11010301
10120210
2040001
1011001
3000211
102110020
101010301
11210110
400100011
301010002
120001012
111101020
100101022
110020
111121
1030120
200003020
240000010
110032000
101104000
3120100
101012110
200010013
10220200
120100000
120020002
110104000
30001120
102200020
2200
100110013
12030010
121000120
112000021
100300030
200011120
110200111
10222000
3200002
20001310
110000311
14101000
1011103
201001102
103003
211020001
20120020
10000000
121000000
13210
300000022
131100001
31010011
100111
100022110
1103020
11112100
201103000
40000300
30001111
130003
11301100
111020110
210100021
1002100
130000210
101001112
100200301
100003120
122100010
1031200
11200120
121021000
3010210
11001040
4
401100001
100001221
201100012
10300120
2400001
200002000
1
1102210
201101110
111121000
202100011
110032
121002100
10002112
10102201
300000100
100012210
140000200
101002300
302110
200100130
100200211
100101040
100001311
121
311000200
110002030
221100100
21121000
11230000
100100002
111100210
1101013
22001002
10201102
2010010
20111002
301020001
2113000
202001101
101001310
4100110
11010103
11000110
200031100
220000012
200220010
1102000
1024000
1100104
2120011
22000120
221011000
102101200
3011020
3220
1111201
1301002
201013000
120103000
120030100
21220000
201210100
2002003
10100113
100102201
10003021
10104001
10030111
202002001
102000100
22002001
10000321
2010040
400100110
200002210
120110011
4102000
10401100
212110
111030001
124
111000004
230001100
200010103
21110110
2000302
1000003
110100130
1110022
1201111
12001003
302000101
120200020
3030010
104100010
100103002
300040
100010104
111010
110201002
12031000
201310000
300000202
301101010
310200100
100201210
1013101
400
12200002
42000100
21003001
200112100
210112000
210120100
201000220
200001031
31001002
31000120
20010031
122010010
110002000
120001111
4000300
11002012
300000112
310210000
32000200
220200100
2000020
202011001
101210101
12111010
120100
400011001
222100000
210011011
1100011
1011121
30111100
14002
22200100
110101120
10020010
1120021
112000030
212001100
220110001
102000004
100102003
2104
20120101
20202010
201121000
30120001
200311000
13000300
101230000
100311010
31003
11022100
140010001
10010011
10024
201100003
200102110
101101021
1000240
20001100
202010020
1141
111012100
100110022
10011022
4000201
20004100
30102100
3301000
202021000
110102011
21200002
10002202
131200000
22000300
14001100
200001001
1022020
301100002
30100300
102000130
1011400
102001102
20014
1212010
300102010
312000001
120021010
311010001
30011002
101000032
101000131
311002
112210
1220110
20004001
300001003
34000000
30010111
310010101
103010101
12010111
202101100
1300111
102030010
2000101
300220
20100013
10311100
210001111
201200020
202003
100023001
1120300
100004200
11000020
11012110
10200004
10021003
121001101
101001031
310001110
200302000
300000040
20003101
100100122
11002111
111100120
10010032
10101112
100102021
3010021
100320001
120202000
120110101
1001221
100310002
20122
1012300
110203
2310001
220012
223000000
40000000
22003000
30010030
200202100
110201101
10012111
11010031
1300021
2012002
110021101
101011000
100201300
100003
10130011
1020130
11000221
1201
10012102
311100001
101011201
200011
12100120
20031100
3010030
2000311
11023
110110201
10000024
2201020
133000000
301001101
1400200
1021030
101104
3012001
310030000
111010300
20111200
114000100
112102
240000001
120000220
2112100
101001211
14110
112003
101301001
211000111
140000002
220010002
202110100
200032
111102100
11111020
110041
1100002
12001000
10011202
100033000
210100003
200000101
2110
102000040
103000012
100200310
20110210
10011112
1320010
300100000
301000021
2000122
230011000
2210200
10221010
20112001
120030010
201200200
10300
2311
10110130
121120
10011004
220000030
300020200
31100002
100401010
101100010
10020121
220003000
401000011
300002020
310101010
20300110
141000010
400111
100100020
200010301
30002002
4000000
4001110
202010110
111013
311100010
112100002
100130101
200102011
300000211
401010010
110140000
20001010
101032000
10210
20121010
20020102
1000312
100011130
31030000
130010200
131100010
100120000
10101121
20040010
310100101
40111000
220100110
102001000
212100100
100031002
112010020
1000123
220000120
3040
10001302
200030020
111200011
101401
12010000
111010021
2002030
131200
104020
10022002
10000204
2004001
121030000
210200002
3210100
102040000
210120010
101110120
112110100
11021110
221200000
30202000
30000040
11401000
124000
10023010
2010022
211010011
1004200
331000000
201120100
130020010
120111001
102200200
101001220
10004011
200002003
100022200
112001110
102002011
230002
1100140
1001200
231100000
200000230
213000010
202100200
3012010
100200013
11101111
30010012
112000210
1012210
100013020
20100040
12004
141100000
110030020
10201120
210021010
131010010
200010004
100010101
10110103
211100101
20104000
14020000
1310002
121003
100004011
10210111
120120001
110101111
2041000
3001003
1003111
11011300
2120020
10220110
10020004
1200310
22021
203000101
200011300
220021000
200020102
11002030
220100002
12100111
2103001
200002120
20301100
10100311
121200001
21010120
211120000
200030110
103110010
430000
300001
31000012
130200100
300012100
100131100
100201102
100210102
1014010
10201111
22010020
31101001
310020100
120102010
100100011
10132
111111010
201201100
2014000
13011010
10010101
4001200
401002000
402000010
203000002
202010011
100211110
100211011
40020010
3100021
220000003
31300000
21310000
112102000
3000400
200210002
10013200
110001001
23010100
1302001
11102200
102211
40020100
22010011
201400000
13003000
30101200
20000131
102010003
100020310
11000212
1004002
400001011
30020110
102031000
212010001
21002020
10230010
20001103
301001002
201102010
10132000
1140100
111002020
12000121
120310
103000000
13000000
221101000
104101000
2003110
200012101
100000024
10100014
110001004
130000300
110001400
200220001
21310
12130
421
12020101
100231
310010200
31201000
11130100
111000001
310000021
3001120
10004020
20300200
200210200
1100014
1010122
21012100
10000210
11010202
2021101
122200000
20000101
41110000
201003001
2111011
100020301
21130
211000003
200100031
22000012
10012300
420000010
300201010
212200000
20201110
30000301
10011103
2101000
100011013
1002001
2040100
101000320
11131000
1101400
22101100
1011010
20200210
10020220
10010131
1000102
310003000
220020010
110131000
110000002
102100111
301020010
301102
21002110
120100012
200014000
400000120
122000101
110020030
100310200
300010021
11000311
11001103
12000004
10031011
300002101
400101001
32020000
101102110
2000110
100110310
10011013
112011001
110002201
231010000
103030000
412000
122002
21011200
21000001
1101301
142000000
10003111
110011030
240001
103201000
100040110
11103010
210300100
100101100
11120101
11111002
12010120
120121
200002111
130010110
41000002
4000003
101000203
12310
21001021
400002001
40011100
120001120
30101002
3400000
102000211
104100001
223000
101013001
11100004
10010200
1003210
310021
400021000
220010110
100103200
100020022
111003001
10001011
303001000
210011200
210001201
110100121
21200110
21101200
130012
210100000
13003
1112101
11100100
1020004
100030030
222000010
2020000
1000114
4010101
211020010
20101102
110011300
2023
100000102
100011202
110140
31102
100001203
222010
110010022
200001100
30200200
201000100
100200100
1102111
12000031
104001001
204000010
104001010
101002003
1400011
10101211
11002021
311020000
210101101
100010311
10330000
20014000
3004000
100002013
101102101
3100012
211210000
20113000
3110110
100300102
111200110
11211010
211021
102100102
4020100
100311001
111100
301201000
20030101
141000100
102021010
102011002
10310101
10200301
120002002
11221000
21021100
201012010
1110031
100212001
10110004
212110000
112003000
111220000
210102010
220003
42100
210100210
11011030
111010102
21030010
13000030
10300300
110003011
3011200
200301001
41010001
10030021
110040010
420001000
240100000
212101000
102102100
43
212010010
21002200
2200030
101203
13002010
10031200
112210000
211100110
120111010
203100100
101000140
100020400
11130001
100000132
11111101
140010010
2211001
101002201
101000200
12200110
24000001
22010002
201111100
33000010
130000012
2023000
111002002
101012011
310
11100022
10013002
130003000
200110111
2111101
113000101
301200100
101000302
201121
11020210
303010000
200111200
201110011
30300001
30001300
100204000
111300001
210103
100021300
1112011
2120101
121021
100100311
111011002
100012021
1020022
220000000
200022100
212000101
20032000
2021110
201020110
12001021
130000000
10001110
3002101
100211200
10231000
34
1121020
10002211
101110003
40100101
21010000
101200300
201300001
101010130
1204000
12000301
210040000
21130000
2003020
100103011
111201100
241
10100212
23101000
20121100
32200
110120020
20113
10101130
110020021
200001112
201002020
111001021
11220100
13000012
200002030
23011000
12103000
200230
11020
121000021
103011100
20000011
101400010
2113
11000302
10110211
1022110
221101
400012
100201
110003110
100301200
11020111
100014001
211100020
111110101
103020001
11302000
3202
11002003
232
101021002
10102210
130102
100111300
1001113
20103010
1002211
1000120
100003030
20023000
110003101
111101011
42001000
10030210
241000000
201110200
10003030
100103110
200040001
21021010
101200201
201010000
113020000
30200110
310001101
11110300
110000401
1033000
202002010
14011000
2110111
211002001
12010003
110202001
120210001
200302
1011040
21020200
2200210
2012020
210013
2000203
101400001
110100103
22100002
1401001
200011021
1112020
102112
10202101
113001100
20203000
20000023
113020
201220000
103000120
100200220
200100211
11300011
10100203
2002102
2002012
200030011
210000013
11310100
111000310
22000102
400010020
123000010
100003012
111102001
23100010
10203100
20202100
10023100
10011001
4001020
130021
121012
30013000
2020300
100041010
12210001
40001101
120100102
320001010
123000001
13011100
10122100
3003100
100201030
11200300
10400200
40030
11210002
11101
1200013
12100201
202102
230000020
100311100
100003003
310020001
120011110
2302000
10410100
101320
40100200
220000021
40100020
100210300
101110
101110102
210201001
1101211
21000211
13110010
201100201
420000100
221110
200104
102100
10000201
10221001
301110010
130010002
3002002
100100302
200013001
122000020
121100002
2004010
12100300
200030200
220100200
112120000
103200001
101022010
11011
12102100
20100010
203110000
300013000
222000100
103210000
101002030
2211010
211100200
113001010
14100010
3102010
300210010
100030
110400001
1100311
101002012
200030101
101013100
100010041
11030011
12001102
10410010
10002400
10001101
2020201
110001103
2001013
100300
100011004
10101013
21010012
200031010
300001120
12400000
103012000
200020021
3010
2140
111001201
21201010
21001201
20200120
10210012
203200000
100111000
100320100
11300101
211100002
31010110
210010210
11302
11131
11000122
42000001
20100022
20012020
10121011
100032001
100020013
11030110
11000410
30200011
411010
201102001
10112200
110002111
3111100
3040000
112021
10210201
131001001
1020010
300002011
310000120
1110400
40010020
2101120
202001110
2001310
2410
10201
22001101
11211100
1110121
21020110
20201020
10020040
11010004
302101000
400020010
210000022
21110002
30110002
31101100
1004110
112012000
110202010
10200100
112000000
120004000
210000121
3013
21201100
10000042
124000000
203100001
200100112
100022011
20032
1013011
230000110
300100003
101002111
12100030
210400
100000312
10101010
1002040
42001
130001200
110011003
121010011
3030001
203001001
3010102
3211
12202000
12120010
110020300
101111200
4102
12010300
10032010
1000024
210010
1010302
1010104
21301
23011
21121
1103002
1101040
10300000
120201100
120000013
302100010
3210010
2020012
112002001
10120012
210301000
110013100
131101
22201
20201101
21021001
132001
120031
132100000
13000003
212001010
120100300
210001000
1113001
22102
41001001
2110012
210101002
110011210
2002111
3000121
101000041
12100
412000000
140001100
20030002
200023
111000022
200110012
112200001
21031000
22010101
401000200
311000110
210011002
202300
1300012
320000020
310000003
130101010
201200110
11320000
200200
23020
100010401
1032100
10001113
102001210
101101000
200041
21002101
11310001
320200
21010
1100410
1100020
1010110
10110112
1002103
30211
3103
100002031
20210002
1202011
120301
30030001
111202000
100021111
10100041
11001100
130210000
310011001
22003
410010001
21103
10030012
220011100
220010200
101103010
2100022
411000100
310100002
202101010
103100101
111220
1042
11100112
300010
10012000
320001100
130100200
230001001
120000040
2013100
101002210
2001220
100202020
100401001
100040002
1010023
1022101
1021012
100000411
202002100
100012120
12000130
10320010
220000111
400000111
40001110
310120
110220100
110122
30100120
10002100
10011031
203002
20311
100000240
11000002
112012
100240
320000110
120200101
220020001
100111120
100100140
10400002
111120010
11030002
12201010
21000031
11013010
121100200
4010200
100110103
1121110
1000201
300110200
222000001
130012000
300102001
100200031
10103020
10121020
300004
201211
121000210
1000402
130101100
110001130
13101010
100210210
20100121
304000000
31012000
102111010
200410
30121
10100140
1021201
1021
12000013
221110000
300001102
311000011
112110001
300130000
20300002
30100003
21111010
13210000
101010100
340
100000321
1211020
11110201
102010012
200000140
100011103
211101100
310200001
3110020
20020
11110102
31010020
2000014
100200202
200020030
311011000
10411000
10111111
200102020
10102300
14200
10200400
10020031
400200001
140002000
11011021
201000400
1120210
20010121
300200002
100000030
121111000
230010001
30103
12013000
1101100
300001210
200001220
300202
111003010
111201001
33000100
110000410
211020100
101020210
102111001
101011012
22110010
30012010
411001000
110110300
102001120
201001021
211300
101110000
103010020
100141
102210001
30111010
22200010
120211
40012
131001100
210011101
113100100
200201101
101102002
11014000
1030012
101022001
200310100
20001211
201310
210120001
1201003
30100102
10300012
20001301
10120102
1203001
210010030
111112000
200113
100021201
100112020
4020001
310000201
20000002
120101011
141001
13010020
20020111
120002101
1031110
20011
120400
22020010
210101020
200210011
1140001
1120111
1102003
111000103
11000023
20010022
2040010
112002100
201110110
221000110
110001100
100011211
102003100
114000010
420100
100024000
12011110
103300000
200000311
40000111
3020011
1000330
1000
20002201
400120
211110100
301021000
13111000
20211100
210000220
10111300
120010102
110000104
201301000
102300100
201000022
200020
201210001
20212
110210110
40010002
13200100
3021001
300030010
3102100
111300010
1210021
110012020
30301000
101001121
200131
100013200
311001001
22011001
20100031
10020130
1212001
210101110
31110100
200200102
100010032
111111001
21001000
20120110
3100102
111021001
20000122
301120
101210002
22201000
21000121
111211000
211011100
100000111
121010200
1130110
110113
301120000
2003101
113002
11002000
21000103
12000022
102101110
111200200
231001000
30021010
100022101
3002020
101120002
12011101
120220
110010202
220030000
402001000
30031000
120001030
11121100
120010201
1003030
401002
200002102
201021001
21012001
2121001
130001110
300001030
201011101
110010112
310001200
140100010
2003200
101001400
1011100
111200101
101100211
103102
221000101
30022000
30002011
211110010
20012110
204000001
2111002
100
12002110
310000030
210020200
101020300
41020000
210000004
201200011
11210020
121020001
130030
210101200
3020020
11301010
110210011
10202002
4101001
2022001
1101022
411100000
22000003
110030002
21112000
111010111
102211000
100003210
111100021
112120
22021000
310011010
20002111
2300101
103210
21020011
10041010
10003102
2110102
1201012
410000101
200212000
122101000
20003110
210001120
100010011
11101000
1110100
110202100
1001002
100002220
13101100
200220100
11201101
201110002
211111000
20000200
131100100
13000102
1030102
1102021
300120100
101111110
301011010
11140000
14200000
11101201
12000310
21001120
1221001
10101004
220201000
41100010
102001030
11203000
111000130
11011111
2100031
120013
230110000
100114000
121201000
120012010
10400011
11100103
1220020
12010102
10001230
4002100
1200400
110002102
100111111
210020110
211200010
13300
100021003
12040
21000100
310300000
110221000
200011012
1220200
1204
10010311
12010012
200021200
121001110
103101100
4021000
310111
10140100
1030
113010010
203000200
320010001
110212000
201001111
1103101
110100100
21200200
1212100
21100012
30001030
30102010
100110211
11230
111000040
11101102
1004101
14010100
200100103
200010022
20001004
1104001
401010100
200000131
210200200
201100021
1100131
11002210
31100011
100020130
21101101
1003102
110002003
301012
1130200
20100220
310110001
201002200
12001300
20001022
120100003
20011300
40101100
210010201
101300002
11100400
1021300
101100031
10040020
101001202
311110000
200301010
201010111
300110011
100002010
100001014
12201100
110011021
2111110
1002220
21300010
2103010
40030000
40201000
100130011
101100301
310000000
200211100
300001012
311001010
100210003
11221
100000012
20010202
1303000
201022000
11311000
401000002
210001030
1410010
30120010
4011001
2100130
110023000
120010003
1100041
110022010
11001031
111013000
20010103
111110011
104200000
102300010
1310101
10310200
200230000
200200111
200000203
213001000
100120003
10400110
100102120
20230
200020201
21001003
20210110
110031001
300011200
101020111
300010012
110101021
411001
100110001
20100400
310010110
12110011
112101001
321000100
10300030
20030020
3103000
1320100
100222
21202000
2110201
111100111
20004010
20000320
40100110
2230000
201101200
100210120
100101301
101311
211012
100213
22000111
201210010
111210010
10022020
200122000
122001010
20302000
310010002
110110003
102010111
4010020
200012002
111020002
10130101
11320
101101120
40002010
2200012
1000021
110000140
201000013
1013110
101100004
11011201
1311100
204100
401100010
310100011
301010011
212000200
31021000
1141000
211003
11100211
120103
22100101
110210101
100031110
21110011
104000200
301002001
14000101
101021200
21003010
31001101
2110210
100012
10300111
130100101
110030200
100022002
12112
1003201
1102102
120100210
112300
1201030
20211010
110200102
300200011
20000203
110102110
101010010
20100202
10002310
101002102
112111000
120022000
310002001
1300000
2030101
201000310
101120020
11401
101010022
201010012
104000101
110401
10202110
21001300
1022002
111010000
201103
22030000
201020002
201002101
21102010
10301020
1001311
111030100
1211002
100120102
10002301
300400000
200101000
120110020
301000210
320020
100010020
110021011
110010301
320002000
110200030
20111011
300210001
100111201
111000211
10220011
10000402
10012012
401011000
11120002
10210000
410000020
202030000
210020002
41001010
101002120
31200001
1030021
11200012
102021001
100120030
100010014
12021100
1020211
31002100
10020022
103120000
201030001
200020120
103021
201100300
33100000
120101020
110011120
100100320
100300012
10411
140011
11000032
10110040
211010101
1110220
23010010
10020211
301100200
201010030
30210100
200211001
100020040
100001020
10210102
321010000
210011110
2301010
200010310
111010120
120102001
210200011
2011000
110100220
112200100
111000121
102103
10100122
100030000
123010000
33001000
110300002
220000102
10222
140001010
32000002
120010300
3110011
100010110
10204000
111101101
11001001
410001010
113000011
120000121
220000
200102002
210300010
201031000
11200000
10210003
410110000
200101300
240001000
30000100
101003110
10201300
13001020
30010021
24100000
110023
120112
212000002
421000
20002
121102
21001012
21210001
20021101
20002102
120012100
100200103
12001201
101113000
10011100
3100000
222100
11201011
10200220
140011000
310012000
401110000
141010000
101300101
100121110
22101001
4000120
221100001
11104000
101012020
100000021
21000202
1014001
10003
110120110
2020030
1411
201012001
102400
10312000
12001120
11012011
130120
3001201
10103110
211000120
12002200
10030102
3100201
1201120
101030002
2031100
2000230
2011102
2122000
101310001
21000013
112001020
221002000
32000101
220011001
300301
10033
10102120
20010310
10002001
1301200
400201
101020012
2140000
2210002
10230001
10101022
201010003
10112110
31012
11011000
40020001
220021
20020003
3000004
2011210
200200012
1210003
111001111
101100103
2130001
300013
23100100
10000231
111100300
210110101
101014000
100210111
10042000
1200100
113001001
112000300
2003011
3101020
3001021
212011
