101200000
1210000
11000110
11010001
10011001
1001002
110001010
20011
101200
1110010
110011
10010200
100210000
12010
20100010
20010001
111001
210001000
1003
121
11010010
120001000
10010101
1200010
1200001
1000102
200101
20101
101020000
1102000
1100200
10002001
100003
3100000
20200
100002100
100000102
13
100210
10000111
200101000
10003
20002000
100001101
100011001
12000100
3000001
101000110
200001100
201100000
101001100
20002
200001001
1012
11011
10001020
100030000
100100002
101100001
20001100
100300
301
10210000
10030000
100021000
1100020
11000101
2100100
100110100
100101001
102000010
2200
1120
1011010
10000120
1010020
30000001
100010011
10100200
111010
1002100
1000021
120000100
102100000
200100010
12000010
1200100
11001001
20000200
10010002
210010000
201010
20001001
20011000
120001
1120000
10030
100010002
10201000
110110
110101
110000020
400
10100110
1010011
10001101
20020000
101000002
110020
10010020
201001000
20000110
100120000
200200
130
1020010
1011001
120000001
11100100
2000101
100001002
1012000
310
211000000
1010110
101100010
111000001
100001011
10110100
1201
10021000
100102
100010020
301000000
10000003
100000003
300100
100002001
21001000
310000000
110010100
30010000
210100000
112000
1101010
10002010
20200000
30000100
101011000
101010100
2001010
3100
2110
110010001
40000000
100012
11100010
101002000
10111000
130000
101110
1001020
112000000
10120
1
111000100
1000
100001200
10000021
100200001
1100101
210001
20000101
100000021
210000100
10101001
120100000
100111000
10000
12010000
200002000
300000001
12100000
10021
10300000
100111
100020001
10010110
100102000
301000
1100002
200000110
300001
100001020
2011
1110100
200020000
101110000
20000002
2000020
111100
200010010
3001
1201000
10100011
11000011
100001110
101101
2010010
10102000
40
101000200
200010100
200000011
20000020
20010100
110000110
1010101
110002000
400000
101020
10000030
1210
11101
201001
100200010
110101000
10020100
300100000
100000120
10102
10000012
120000010
101100100
1021
110000200
30000010
1000000
201000100
201100
100000000
2200000
220000
300010
120100
101001001
1000210
21100000
1000003
100101100
100020100
2000200
200001010
100000
10100020
200200000
20110000
10001110
10020001
110200000
2101
1000012
4000
100030
20000011
13000
11000020
10100002
11002
10210
10001200
100000300
2100001
210000001
101000101
1010200
11001100
300001000
21100
11110
1101001
100120
200000101
100000201
2020
20100001
10011010
3010
1300000
20110
1020100
12001000
21000100
21000010
111010000
3010000
310000
210100
110020000
10000300
111100000
201000010
101101000
100010101
20010010
120010
100300000
21001
102001000
21000001
20101000
200110
1021000
10001011
1001200
100000030
100100101
10020010
10000102
2011000
2000002
1110001
110001100
1000030
101001010
10120000
200000200
20100100
1000201
211
201010000
22000
21010
121000000
2020000
10111
22
10100101
20001010
200011
40000
111000010
102010
12001
1011100
101011
31000000
1030000
100
220000000
100101010
121000
2010100
1001110
100200100
10300
11000002
101010001
10200010
10001002
22000000
100201000
30100
10002100
2101000
2000110
100100200
11020
10110001
2100010
100201
110110000
21010000
100100020
202000000
30010
111001000
220
110002
11011000
2010001
1000111
110100010
10110010
2001001
200011000
110100100
200002
1101100
10101100
11010100
110010010
10000210
300000010
100010110
10
100011100
200100100
100011010
100002010
103
100000012
12000001
110000011
11000200
1002001
102001
3000010
10003000
101002
1020001
1002010
1001101
120010000
30001000
110100001
130000000
2000011
100010200
100000210
103000000
3001000
2110000
30100000
100000111
2001100
2002
101010010
11110000
20020
1300
100110010
10101010
31000
100003000
110000002
1003000
1000300
11200
1010002
112
300000100
201000001
1102
102100
10012000
4000000
11100001
10010011
100012000
1111000
211000
210010
210000010
30001
11020000
11002000
11101000
1001011
10000000
110000101
1111
102000100
102000001
200020
202
110200
10011100
1030
1100011
10012
102010000
2002000
100100110
12100
110001001
300010000
200000020
3000100
100020010
200010001
400000000
200100001
100100011
100110001
1100110
11001010
10200001
200000002
10200100
10000201
202000
103000
11200000
4
10201
100021
110011000
31
1000120
13000000
101000020
101000011
200110000
