2200001
100010
400000100
101111000
11000030
11000003
4000100
102010100
100010102
10030100
12100100
310010
103100
10020101
10013
1004
110000030
103000001
1013000
3101
1110011
110001101
101200001
120020
122000000
210000101
300002
100040000
210010010
10110110
101000021
102002000
401000
110100002
11111
21010100
110000000
20111
111110
1001210
120011
1020200
300100010
200010101
11003000
20011010
20002001
301000001
300020
11030
110210
11000210
310010000
30001001
10000031
10001120
1001102
200012
100121
40100000
200111000
200001200
110010002
20000210
401000000
1400000
22000010
110001002
2010002
100301
1100210
220100000
201110
10000130
110101001
1010120
230000
100010300
100001300
100101101
100100
110101010
1000121
11210
10121000
11012
20120
101000003
200100101
12000011
110110010
2011001
101000000
100121000
1130
10111010
1020101
10040000
20020100
110020010
310000100
3011000
200300
111101000
12110000
10000004
10001021
10004
121001
10022
1201001
300001010
30010010
100220
310100
101300
104
12110
10300010
10030010
2020001
10010
311
110100020
112000001
110000210
201200
3100100
101300000
3000101
10000100
110000102
1200200
1040000
110000201
1220
102010010
101001002
300010001
100000100
230
210100001
1010003
11100101
1010111
10011110
1022000
1011011
310001
21101
200110100
111002
1100000
10001102
2000210
110021000
1020002
10100210
30101000
100120100
20101010
1011020
202010
310001000
100000010
100000022
100000112
1211
202010000
20003
2111
1110200
31001
101000210
1010012
11300000
100201010
101110001
112010000
1001300
102200
10002020
2102000
1003001
220000001
120000011
200020001
211000001
22000001
200000
100400
100002200
1002101
210001001
2010200
11101001
200003000
101000030
3200
10301000
10020011
2010110
220010000
302000
100012100
21200000
11201000
100021010
201100010
100011101
100100120
10010021
23
10101020
101012
200101100
300010010
101110100
1013
100002110
1121000
10000103
102020
130100000
20200001
10001000
11110010
101100020
101030
10211
110020100
10001030
110000003
110120000
211000100
10001201
2100110
210200000
2003000
100003001
212000
11001101
100310000
1110002
111101
13000001
10011011
1110101
1020110
400100
400010
20100200
11021000
301000100
100030100
200010011
101100110
10100
211001000
200
111001100
12001010
4100000
100220000
100011110
3020
113
30101
100000310
101010011
10000013
1000001
20100020
210200
2102
21011
102000200
101101010
120010001
101001200
21020
20011100
100020002
10100030
102100001
2010020
2000201
30200000
100300100
101010101
20201000
10110020
2021
11000102
12010001
101102
110000300
1100003
1120100
10020002
11110001
1011200
30011
200000021
100111010
10004000
10000040
20000030
10120001
20012
101102000
11010002
10000112
1001201
100100201
120010100
100021100
100003100
20102
1001120
310000001
100002002
14000
12200000
10102010
110110001
1202000
2010101
103010000
14000000
100101002
10020020
10002101
1102001
1100120
1021001
2020010
1210001
120020000
2003
11210000
101020100
10001300
30110
100010111
112000100
101001011
230000000
32000000
100101200
11101010
2012000
120110000
11011100
120001001
1030001
2110010
220001
3010100
100000130
100110020
40000001
21020000
100130000
100111100
1010000
1300001
30010100
100200110
11111000
2000021
1102010
301000010
100111001
1002002
4100
100000400
102100100
20200100
21010001
1000004
120001100
201001010
300110
100010000
40000010
2110001
100120010
301001
200210
10100102
200011100
102000101
1000103
10100012
11001011
400000001
102020000
100010030
110000021
201001001
210020000
100200101
100001030
10000022
10210010
101010002
10000220
202100
13100
1111010
21000200
20000111
11000021
1300010
13100000
20000
30200
110110100
101111
10011002
1000013
41000000
200001110
201200000
200030
102110
311000000
111100010
10000211
1101011
100100102
202100000
201100100
100012010
20000120
201002
130000010
102011000
3001010
10001111
10020110
1003010
100100030
210100010
1211000
101011010
1121
110010200
10000202
110000012
200002100
100112000
101010200
11100002
31000001
1102100
2012
3000200
200000201
100110110
1210100
1000220
130010
111000002
14
111000011
10200101
11010020
120000200
100030010
110003
20001002
1110020
101201000
110012000
10010120
1030010
300002000
202001000
110001200
2101001
1002110
12002
101001110
100003010
10101110
20101001
1020020
2020100
120110
400010000
112100000
102001100
111000020
22001000
2002100
11011001
120000002
112100
11012000
20110001
1300100
110111
10201001
100013000
100031000
100002020
101012000
10100003
21001010
30010001
10120100
2201
110100200
2210000
10112000
20000021
101200100
201011000
200002010
1301000
1001111
100031
11020010
410000000
10022000
10012100
101020001
101001101
111000101
22100
11
110010101
20001101
11120000
200101001
10010012
101011100
300100100
100100111
100000301
20101100
10001003
10010210
320000000
220000100
3000011
211100
100001120
12011
201002000
202000100
10400000
101100101
10001210
110201
20201
220000010
201110000
210011000
111020000
2201000
310100000
122000
122
1010201
100210001
10103
120100100
100040
110300000
210000200
100020200
101120000
110030
300001100
201001100
302
31000010
1210010
2300000
300011
111000110
1000010
111000200
10010300
10002002
300000020
3110000
201101000
100202000
10103000
1000100
1100102
203000
10400
10310
4001
21110000
2111000
21011000
21000011
111010010
12001001
110000111
1400
100011002
10000001
1002200
400000010
100020011
20010200
110011010
1012001
110120
103100000
200010002
11102000
101100200
21000020
110002001
1012010
100200002
23000
100101011
21000002
20012000
300101000
100103000
100002101
11200001
200100110
11030000
100002011
401
21001001
131000
20020010
110001011
11021
11000201
20210
200000111
3101000
104000
21200
201011
100120001
1120001
221000000
110300
200011001
110002100
2200010
220001000
30110000
3000020
320
120010010
100102010
10220
113000000
120000101
100110101
200201
1022
101210000
11001110
212
101002010
2000300
100010201
20210000
20010110
10000301
1001
20000300
120000110
10100300
11000111
13010000
20030
100110002
21010010
1004000
3001001
200001011
203
11120
11101100
101
302000000
2300
110102000
2002010
100022
10102001
201000020
210100100
111010100
1000310
101201
11000000
11100020
40001000
12000002
210000011
201000011
100200020
21110
100001000
30100001
101001020
1101101
102011
210000110
110200010
110020001
10040
100101020
400100000
30001010
100300001
1103000
1112000
110210000
40010000
10101200
1201100
200000003
31100000
100001021
100103
100112
10100120
210000020
113000
100011200
1111001
12020
2000120
11002100
11000300
100000013
10200011
21100010
1201010
200100002
1100111
10202000
3010001
1010210
20030000
100301000
20100101
100010012
210110000
300110000
20111000
100100000
101000120
1010300
111001010
10010111
200102
10310000
110010020
20001020
4000010
11020001
100000031
101101100
110
110010011
100100210
2101010
1002011
1000301
100210100
31010
12200
121000100
3100001
300000101
12101000
10021010
100001
20000000
201000101
4010
41
10020200
30020
2010011
1003100
2000000
200200001
120101
101210
131000000
100101110
10010003
101002100
30000020
102000011
10003001
21002
11001002
13000010
210101000
100030001
4000001
20021
10001012
100012001
10202
30020000
102000110
111200
110100110
21001100
11000012
110021
301010
11100200
101010020
100011020
111011
11200100
112001
120200000
121100000
30000101
200120000
30100100
10001
1100021
110003000
130000100
102200000
1021010
101000012
100001210
11020100
1000112
2030
200000012
10010201
12100010
10112
20001110
1103
21101000
101021
200101010
101021000
101020010
30000011
10101002
1001021
120002000
200000210
40000100
300020000
200000030
101000300
320000
111100001
211000010
220100
100100021
130000001
101003000
140
2210
20002010
104000000
200021000
10013000
2100200
110102
100001201
10102100
2001200
200300000
300011000
101030000
2000030
200003
101000102
20021000
201020
201010010
110201000
110101100
1101110
110200100
1000202
200100020
2
12000110
11011010
2001011
200020010
100001111
11300
10210100
100310
11001020
2000111
200111
200001002
20010101
11010200
1010030
1200110
12010010
120011000
210010001
1030100
1012100
100102001
111001001
100000202
11010011
2100002
2101100
2001002
11000120
30011000
1111100
2200100
101200010
102100010
310000010
3020000
121100
10011200
120002
102000020
31100
2120
112000010
200012000
100000103
20000012
10000121
210110
200200010
201010001
1020011
10121
210001010
1011110
12100001
22010
3000002
200001020
1100030
112010
2100020
100100300
100000001
101003
11102
121000001
12000020
202000010
201000002
100400000
100200200
200002001
400001000
30002
3110
100000211
1000022
23000000
300200
200000120
111011000
10111100
21000110
10300100
1001003
11002001
2030000
20102000
111010001
1200011
12000101
20120000
20110010
10210001
1031000
200021
211001
20
221000
1100
10000310
1200020
110012
130001000
200102000
10031000
1011002
13001
2021000
400001
300000002
131
100110011
20200010
10003010
200000000
210000002
10002110
210020
22001
100100003
410
1310
101000
10110200
202000001
100010120
101002001
130001
13010
20000102
200000300
100000004
100001102
100102100
10002200
21100100
10110011
1000130
100010003
1100300
20100011
10010000
20002100
1010102
210101
201000110
2120000
22000100
11002010
210001100
3000110
100020020
10030001
10201010
101101001
210010100
101000111
100004000
32
10300001
1100201
10100000
101100011
10200200
120100010
110200001
200200100
22010000
2110100
100100012
201100001
30100010
100013
1202
1021100
21002000
21100001
111200000
100201100
100200011
1130000
11100011
100210010
100201001
300000110
200020100
1010021
120200
100021001
10031
1301
103000100
10021100
2001020
1310000
3011
20020001
211010000
11100110
10010030
10011020
10100021
300000011
201000200
102000002
102002
13001000
10220000
20010020
301100000
3002000
301001000
100000220
111020
10011101
10120010
3010010
201010100
200110010
12001100
20010002
2100101
1000211
1000040
1001012
40100
3002
1112
110002010
2100011
10021001
200100200
311000
10130000
100020101
111100100
1120010
20003000
11000
120100001
20110100
100130
130010000
20000003
101100002
20001200
20011001
111002000
100001012
12000200
20300000
2011010
1002020
1000400
220010
12101
30000110
102101000
3001100
10100111
12011000
202001
200010020
200000102
1220000
30002000
301010000
103001000
301100
100022000
10200020
10200110
1101020
140000000
102110000
140000
100010210
1101200
300100001
20300
10211000
221
30000002
31010000
30001100
100011011
12010100
11010101
300000200
100110200
110100101
12002000
10110002
211010
211100000
2001110
22100000
110100011
110000120
110010110
1001030
2000012
1011101
10100201
11200010
1031
300200000
111110000
103000010
1010
200120
101110010
21000101
3100010
1200101
2001101
11110100
101010110
11201
110111000
300010100
110001110
100001003
10130
10003100
40001
11001200
100300010
200010200
112001000
102001001
10101011
102010001
201101
210002000
2011100
200011010
1040
10000010
110011100
2000003
31001000
101000201
1000031
203000000
100020110
200001101
1001000
100202
20001011
40010
200210000
300101
100000040
10200002
10201100
100211
10012001
201020000
200201000
20100002
1200002
2000102
4010000
2000
11010110
200010110
12020000
4001000
101120
200030000
3200000
100211000
300001001
10110101
10000400
2002001
103010
120000020
100000121
13000100
31000100
20010011
103001
121010000
102001010
11003
210002
212000000
10010102
10301
200100011
20000201
110011001
10101101
1110110
121001000
20100110
1101002
100004
110030000
200110001
110001020
32000
110000
10111001
121000010
10012010
102101
210011
120001010
410000
41000
101011001
121010
1100012
30000200
120101000
10002011
130100
100010021
