2
11
20
23
32
101
110
113
122
131
200
203
212
221
230
233
302
311
320
323
332
1001
1010
1013
1022
1031
1100
1103
1130
1133
1202
1220
1223
1232
1301
1310
1313
1322
1331
2000
2003
2012
2021
2030
2033
2102
2120
2123
2132
2201
2210
2213
2222
2231
2300
2303
2312
2321
2330
2333
3002
3011
3020
3023
3032
3101
3110
3113
3122
3131
3200
3203
3212
3221
3230
3233
3302
3311
3320
3323
3332
10001
10010
10013
10022
10031
10100
10103
10130
10133
10202
10220
10223
10232
10301
10310
10313
10322
10331
11000
11003
11030
11033
11300
11303
11330
11333
12002
12020
12023
12032
12200
12203
12230
12233
12302
12320
12323
12332
13001
13010
13013
13022
13031
13100
13103
13130
13133
13202
13220
13223
13232
13301
13310
13313
13322
13331
20000
20003
20012
20021
20030
20033
20102
20120
20123
20132
20201
20210
20213
20222
20231
20300
20303
20312
20321
20330
20333
21002
21020
21023
21032
21200
21203
21230
21233
21302
21320
21323
21332
22001
22010
22013
22022
22031
22100
22103
22130
22133
22202
22220
22223
22232
22301
22310
22313
22322
22331
23000
23003
23012
23021
23030
23033
23102
23120
23123
23132
23201
23210
23213
23222
23231
23300
23303
23312
23321
23330
30002
30011
30020
30023
30032
30101
30110
30113
30122
30131
30200
30203
30212
30221
30230
30233
30302
30311
30320
30323
30332
31001
31010
31013
31022
31031
31100
31103
31130
31133
31202
31220
31223
31232
31301
31310
31313
31322
31331
32000
32003
32012
32021
32030
32033
32102
32120
32123
32132
32201
32210
32213
32222
32231
32300
32303
32312
32321
32330
33002
33011
33020
33023
33032
33101
33110
33113
33122
33131
33200
33203
33212
33221
33230
33302
33311
33320
100001
100010
100013
100022
100031
100100
100103
100130
100133
100202
100220
100223
100232
100301
100310
100313
100322
100331
101000
101003
101030
101033
101300
101303
101330
101333
102002
102020
102023
102032
102200
102203
102230
102233
102302
102320
102323
102332
103001
103010
103013
103022
103031
103100
103103
103130
103133
103202
103220
103223
103232
103301
103310
103313
103322
103331
110000
110003
110030
110033
110300
110303
110330
110333
113000
113003
113030
113033
113300
113303
113330
120002
120020
120023
120032
120200
120203
120230
120233
120302
120320
120323
120332
122000
122003
122030
122033
122300
122303
122330
123002
123020
123023
123032
123200
123203
123230
123302
123320
130001
130010
130013
130022
130031
130100
130103
130130
130133
130202
130220
130223
130232
130301
130310
130313
130322
130331
131000
131003
131030
131033
131300
131303
131330
132002
132020
132023
132032
132200
132203
132230
132302
132320
133001
133010
133013
133022
133031
133100
133103
133130
133202
133220
133301
133310
200000
200003
200012
200021
200030
200033
200102
200120
200123
200132
200201
200210
200213
200222
200231
200300
200303
200312
200321
200330
200333
201002
201020
201023
201032
201200
201203
201230
201233
201302
201320
201323
201332
202001
202010
202013
202022
202031
202100
202103
202130
202133
202202
202220
202223
202232
202301
202310
202313
202322
202331
203000
203003
203012
203021
203030
203033
203102
203120
203123
203132
203201
203210
203213
203222
203231
203300
203303
203312
203321
203330
210002
210020
210023
210032
210200
210203
210230
210233
210302
210320
210323
210332
212000
212003
212030
212033
212300
212303
212330
213002
213020
213023
213032
213200
213203
213230
213302
213320
220001
220010
220013
220022
220031
220100
220103
220130
220133
220202
220220
220223
220232
220301
220310
220313
220322
220331
221000
221003
221030
221033
221300
221303
221330
222002
222020
222023
222032
222200
222203
222230
222302
222320
223001
223010
223013
223022
223031
223100
223103
223130
223202
223220
223301
223310
230000
230003
230012
230021
230030
230033
230102
230120
230123
230132
230201
230210
230213
230222
230231
230300
230303
230312
230321
230330
231002
231020
231023
231032
231200
231203
231230
231302
231320
232001
232010
232013
232022
232031
232100
232103
232130
232202
232220
232301
232310
233000
233003
233012
233021
233030
233102
233120
233201
233210
233300
300002
300011
300020
300023
300032
300101
300110
300113
300122
300131
300200
300203
300212
300221
300230
300233
300302
300311
300320
300323
300332
301001
301010
301013
301022
301031
301100
301103
301130
301133
301202
301220
301223
301232
301301
301310
301313
301322
301331
302000
302003
302012
302021
302030
302033
302102
302120
302123
302132
302201
302210
302213
302222
302231
302300
302303
302312
302321
302330
303002
303011
303020
303023
303032
303101
303110
303113
303122
303131
303200
303203
303212
303221
303230
303302
303311
303320
310001
310010
310013
310022
310031
310100
310103
310130
310133
310202
310220
310223
310232
310301
310310
310313
310322
310331
311000
311003
311030
311033
311300
311303
311330
312002
312020
312023
312032
312200
312203
312230
312302
312320
313001
313010
313013
313022
313031
313100
313103
313130
313202
313220
313301
313310
320000
320003
320012
320021
320030
320033
320102
320120
320123
320132
320201
320210
320213
320222
320231
320300
320303
320312
320321
320330
321002
321020
321023
321032
321200
321203
321230
321302
321320
322001
322010
322013
322022
322031
322100
322103
322130
322202
322220
322301
322310
323000
323003
323012
323021
323030
323102
323120
323201
323210
323300
330002
330011
330020
330023
330032
330101
330110
330113
330122
330131
330200
330203
330212
330221
330230
330302
330311
330320
331001
331010
331013
331022
331031
331100
331103
331130
331202
331220
331301
331310
332000
332003
332012
332021
332030
332102
332120
332201
332210
332300
333002
333011
333020
333101
333110
333200
1000001
1000010
1000013
1000022
1000031
1000100
1000103
1000130
1000133
1000202
1000220
1000223
1000232
1000301
1000310
1000313
1000322
1000331
1001000
1001003
1001030
1001033
1001300
1001303
1001330
1001333
1002002
1002020
1002023
1002032
1002200
1002203
1002230
1002233
1002302
1002320
1002323
1002332
1003001
1003010
1003013
1003022
1003031
1003100
1003103
1003130
1003133
1003202
1003220
1003223
1003232
1003301
1003310
1003313
1003322
1003331
1010000
1010003
1010030
1010033
1010300
1010303
1010330
1010333
1013000
1013003
1013030
1013033
1013300
1013303
1013330
1020002
1020020
1020023
1020032
1020200
1020203
1020230
1020233
1020302
1020320
1020323
1020332
1022000
1022003
1022030
1022033
1022300
1022303
1022330
1023002
1023020
1023023
1023032
1023200
1023203
1023230
1023302
1023320
1030001
1030010
1030013
1030022
1030031
1030100
1030103
1030130
1030133
1030202
1030220
1030223
1030232
1030301
1030310
1030313
1030322
1030331
1031000
1031003
1031030
1031033
1031300
1031303
1031330
1032002
1032020
1032023
1032032
1032200
1032203
1032230
1032302
1032320
1033001
1033010
1033013
1033022
1033031
1033100
1033103
1033130
1033202
1033220
1033301
1033310
1100000
1100003
1100030
1100033
1100300
1100303
1100330
1100333
1103000
1103003
1103030
1103033
1103300
1103303
1103330
1130000
1130003
1130030
1130033
1130300
1130303
1130330
1133000
1133003
1133030
1133300
1200002
1200020
1200023
1200032
1200200
1200203
1200230
1200233
1200302
1200320
1200323
1200332
1202000
1202003
1202030
1202033
1202300
1202303
1202330
1203002
1203020
1203023
1203032
1203200
1203203
1203230
1203302
1203320
1220000
1220003
1220030
1220033
1220300
1220303
1220330
1223000
1223003
1223030
1223300
1230002
1230020
1230023
1230032
1230200
1230203
1230230
1230302
1230320
1232000
1232003
1232030
1232300
1233002
1233020
1233200
1300001
1300010
1300013
1300022
1300031
1300100
1300103
1300130
1300133
1300202
1300220
1300223
1300232
1300301
1300310
1300313
1300322
1300331
1301000
1301003
1301030
1301033
1301300
1301303
1301330
1302002
1302020
1302023
1302032
1302200
1302203
1302230
1302302
1302320
1303001
1303010
1303013
1303022
1303031
1303100
1303103
1303130
1303202
1303220
1303301
1303310
1310000
1310003
1310030
1310033
1310300
1310303
1310330
1313000
1313003
1313030
1313300
1320002
1320020
1320023
1320032
1320200
1320203
1320230
1320302
1320320
1322000
1322003
1322030
1322300
1323002
1323020
1323200
1330001
1330010
1330013
1330022
1330031
1330100
1330103
1330130
1330202
1330220
1330301
1330310
1331000
1331003
1331030
1331300
1332002
1332020
1332200
1333001
1333010
1333100
2000000
2000003
2000012
2000021
2000030
2000033
2000102
2000120
2000123
2000132
2000201
2000210
2000213
2000222
2000231
2000300
2000303
2000312
2000321
2000330
2000333
2001002
2001020
2001023
2001032
2001200
2001203
2001230
2001233
2001302
2001320
2001323
2001332
2002001
2002010
2002013
2002022
2002031
2002100
2002103
2002130
2002133
2002202
2002220
2002223
2002232
2002301
2002310
2002313
2002322
2002331
2003000
2003003
2003012
2003021
2003030
2003033
2003102
2003120
2003123
2003132
2003201
2003210
2003213
2003222
2003231
2003300
2003303
2003312
2003321
2003330
2010002
2010020
2010023
2010032
2010200
2010203
2010230
2010233
2010302
2010320
2010323
2010332
2012000
2012003
2012030
2012033
2012300
2012303
2012330
2013002
2013020
2013023
2013032
2013200
2013203
2013230
2013302
2013320
2020001
2020010
2020013
2020022
2020031
2020100
2020103
2020130
2020133
2020202
2020220
2020223
2020232
2020301
2020310
2020313
2020322
2020331
2021000
2021003
2021030
2021033
2021300
2021303
2021330
2022002
2022020
2022023
2022032
2022200
2022203
2022230
2022302
2022320
2023001
2023010
2023013
2023022
2023031
2023100
2023103
2023130
2023202
2023220
2023301
2023310
2030000
2030003
2030012
2030021
2030030
2030033
2030102
2030120
2030123
2030132
2030201
2030210
2030213
2030222
2030231
2030300
2030303
2030312
2030321
2030330
2031002
2031020
2031023
2031032
2031200
2031203
2031230
2031302
2031320
2032001
2032010
2032013
2032022
2032031
2032100
2032103
2032130
2032202
2032220
2032301
2032310
2033000
2033003
2033012
2033021
2033030
2033102
2033120
2033201
2033210
2033300
2100002
2100020
2100023
2100032
2100200
2100203
2100230
2100233
2100302
2100320
2100323
2100332
2102000
2102003
2102030
2102033
2102300
2102303
2102330
2103002
2103020
2103023
2103032
2103200
2103203
2103230
2103302
2103320
2120000
2120003
2120030
2120033
2120300
2120303
2120330
2123000
2123003
2123030
2123300
2130002
2130020
2130023
2130032
2130200
2130203
2130230
2130302
2130320
2132000
2132003
2132030
2132300
2133002
2133020
2133200
2200001
2200010
2200013
2200022
2200031
2200100
2200103
2200130
2200133
2200202
2200220
2200223
2200232
2200301
2200310
2200313
2200322
2200331
2201000
2201003
2201030
2201033
2201300
2201303
2201330
2202002
2202020
2202023
2202032
2202200
2202203
2202230
2202302
2202320
2203001
2203010
2203013
2203022
2203031
2203100
2203103
2203130
2203202
2203220
2203301
2203310
2210000
2210003
2210030
2210033
2210300
2210303
2210330
2213000
2213003
2213030
2213300
2220002
2220020
2220023
2220032
2220200
2220203
2220230
2220302
2220320
2222000
2222003
2222030
2222300
2223002
2223020
2223200
2230001
2230010
2230013
2230022
2230031
2230100
2230103
2230130
2230202
2230220
2230301
2230310
2231000
2231003
2231030
2231300
2232002
2232020
2232200
2233001
2233010
2233100
2300000
2300003
2300012
2300021
2300030
2300033
2300102
2300120
2300123
2300132
2300201
2300210
2300213
2300222
2300231
2300300
2300303
2300312
2300321
2300330
2301002
2301020
2301023
2301032
2301200
2301203
2301230
2301302
2301320
2302001
2302010
2302013
2302022
2302031
2302100
2302103
2302130
2302202
2302220
2302301
2302310
2303000
2303003
2303012
2303021
2303030
2303102
2303120
2303201
2303210
2303300
2310002
2310020
2310023
2310032
2310200
2310203
2310230
2310302
2310320
2312000
2312003
2312030
2312300
2313002
2313020
2313200
2320001
2320010
2320013
2320022
2320031
2320100
2320103
2320130
2320202
2320220
2320301
2320310
2321000
2321003
2321030
2321300
2322002
2322020
2322200
2323001
2323010
2323100
2330000
2330003
2330012
2330021
2330030
2330102
2330120
2330201
2330210
2330300
2331002
2331020
2331200
2332001
2332010
2332100
2333000
3000002
3000011
3000020
3000023
3000032
3000101
3000110
3000113
3000122
3000131
3000200
3000203
3000212
3000221
3000230
3000233
3000302
3000311
3000320
3000323
3000332
3001001
3001010
3001013
3001022
3001031
3001100
3001103
3001130
3001133
3001202
3001220
3001223
3001232
3001301
3001310
3001313
3001322
3001331
3002000
3002003
3002012
3002021
3002030
3002033
3002102
3002120
3002123
3002132
3002201
3002210
3002213
3002222
3002231
3002300
3002303
3002312
3002321
3002330
3003002
3003011
3003020
3003023
3003032
3003101
3003110
3003113
3003122
3003131
3003200
3003203
3003212
3003221
3003230
3003302
3003311
3003320
3010001
3010010
3010013
3010022
3010031
3010100
3010103
3010130
3010133
3010202
3010220
3010223
3010232
3010301
3010310
3010313
3010322
3010331
3011000
3011003
3011030
3011033
3011300
3011303
3011330
3012002
3012020
3012023
3012032
3012200
3012203
3012230
3012302
3012320
3013001
3013010
3013013
3013022
3013031
3013100
3013103
3013130
3013202
3013220
3013301
3013310
3020000
3020003
3020012
3020021
3020030
3020033
3020102
3020120
3020123
3020132
3020201
3020210
3020213
3020222
3020231
3020300
3020303
3020312
3020321
3020330
3021002
3021020
3021023
3021032
3021200
3021203
3021230
3021302
3021320
3022001
3022010
3022013
3022022
3022031
3022100
3022103
3022130
3022202
3022220
3022301
3022310
3023000
3023003
3023012
3023021
3023030
3023102
3023120
3023201
3023210
3023300
3030002
3030011
3030020
3030023
3030032
3030101
3030110
3030113
3030122
3030131
3030200
3030203
3030212
3030221
3030230
3030302
3030311
3030320
3031001
3031010
3031013
3031022
3031031
3031100
3031103
3031130
3031202
3031220
3031301
3031310
3032000
3032003
3032012
3032021
3032030
3032102
3032120
3032201
3032210
3032300
3033002
3033011
3033020
3033101
3033110
3033200
3100001
3100010
3100013
3100022
3100031
3100100
3100103
3100130
3100133
3100202
3100220
3100223
3100232
3100301
3100310
3100313
3100322
3100331
3101000
3101003
3101030
3101033
3101300
3101303
3101330
3102002
3102020
3102023
3102032
3102200
3102203
3102230
3102302
3102320
3103001
3103010
3103013
3103022
3103031
3103100
3103103
3103130
3103202
3103220
3103301
3103310
3110000
3110003
3110030
3110033
3110300
3110303
3110330
3113000
3113003
3113030
3113300
3120002
3120020
3120023
3120032
3120200
3120203
3120230
3120302
3120320
3122000
3122003
3122030
3122300
3123002
3123020
3123200
3130001
3130010
3130013
3130022
3130031
3130100
3130103
3130130
3130202
3130220
3130301
3130310
3131000
3131003
3131030
3131300
3132002
3132020
3132200
3133001
3133010
3133100
3200000
3200003
3200012
3200021
3200030
3200033
3200102
3200120
3200123
3200132
3200201
3200210
3200213
3200222
3200231
3200300
3200303
3200312
3200321
3200330
3201002
3201020
3201023
3201032
3201200
3201203
3201230
3201302
3201320
3202001
3202010
3202013
3202022
3202031
3202100
3202103
3202130
3202202
3202220
3202301
3202310
3203000
3203003
3203012
3203021
3203030
3203102
3203120
3203201
3203210
3203300
3210002
3210020
3210023
3210032
3210200
3210203
3210230
3210302
3210320
3212000
3212003
3212030
3212300
3213002
3213020
3213200
3220001
3220010
3220013
3220022
3220031
3220100
3220103
3220130
3220202
3220220
3220301
3220310
3221000
3221003
3221030
3221300
3222002
3222020
3222200
3223001
3223010
3223100
3230000
3230003
3230012
3230021
3230030
3230102
3230120
3230201
3230210
3230300
3231002
3231020
3231200
3232001
3232010
3232100
3233000
3300002
3300011
3300020
3300023
3300032
3300101
3300110
3300113
3300122
3300131
3300200
3300203
3300212
3300221
3300230
3300302
3300311
3300320
3301001
3301010
3301013
3301022
3301031
3301100
3301103
3301130
3301202
3301220
3301301
3301310
3302000
3302003
3302012
3302021
3302030
3302102
3302120
3302201
3302210
3302300
3303002
3303011
3303020
3303101
3303110
3303200
3310001
3310010
3310013
3310022
3310031
3310100
3310103
3310130
3310202
3310220
3310301
3310310
3311000
3311003
3311030
3311300
3312002
3312020
3312200
3313001
3313010
3313100
3320000
3320003
3320012
3320021
3320030
3320102
3320120
3320201
3320210
3320300
3321002
3321020
3321200
3322001
3322010
3322100
3323000
3330002
3330011
3330020
3330101
3330110
3330200
3331001
3331010
3331100
3332000
