1
10
13
22
31
100
103
112
121
130
133
202
211
220
223
232
301
310
313
322
331
1000
1003
1012
1021
1030
1033
1102
1120
1123
1132
1201
1210
1213
1222
1231
1300
1303
1312
1321
1330
1333
2002
2011
2020
2023
2032
2101
2110
2113
2122
2131
2200
2203
2212
2221
2230
2233
2302
2311
2320
2323
2332
3001
3010
3013
3022
3031
3100
3103
3112
3121
3130
3133
3202
3211
3220
3223
3232
3301
3310
3313
3322
3331
10000
10003
10012
10021
10030
10033
10102
10120
10123
10132
10201
10210
10213
10222
10231
10300
10303
10312
10321
10330
10333
11002
11020
11023
11032
11200
11203
11230
11233
11302
11320
11323
11332
12001
12010
12013
12022
12031
12100
12103
12130
12133
12202
12220
12223
12232
12301
12310
12313
12322
12331
13000
13003
13012
13021
13030
13033
13102
13120
13123
13132
13201
13210
13213
13222
13231
13300
13303
13312
13321
13330
20002
20011
20020
20023
20032
20101
20110
20113
20122
20131
20200
20203
20212
20221
20230
20233
20302
20311
20320
20323
20332
21001
21010
21013
21022
21031
21100
21103
21130
21133
21202
21220
21223
21232
21301
21310
21313
21322
21331
22000
22003
22012
22021
22030
22033
22102
22120
22123
22132
22201
22210
22213
22222
22231
22300
22303
22312
22321
22330
23002
23011
23020
23023
23032
23101
23110
23113
23122
23131
23200
23203
23212
23221
23230
23302
23311
23320
30001
30010
30013
30022
30031
30100
30103
30112
30121
30130
30133
30202
30211
30220
30223
30232
30301
30310
30313
30322
30331
31000
31003
31012
31021
31030
31033
31102
31120
31123
31132
31201
31210
31213
31222
31231
31300
31303
31312
31321
31330
32002
32011
32020
32023
32032
32101
32110
32113
32122
32131
32200
32203
32212
32221
32230
32302
32311
32320
33001
33010
33013
33022
33031
33100
33103
33112
33121
33130
33202
33211
33220
33301
33310
100000
100003
100012
100021
100030
100033
100102
100120
100123
100132
100201
100210
100213
100222
100231
100300
100303
100312
100321
100330
100333
101002
101020
101023
101032
101200
101203
101230
101233
101302
101320
101323
101332
102001
102010
102013
102022
102031
102100
102103
102130
102133
102202
102220
102223
102232
102301
102310
102313
102322
102331
103000
103003
103012
103021
103030
103033
103102
103120
103123
103132
103201
103210
103213
103222
103231
103300
103303
103312
103321
103330
110002
110020
110023
110032
110200
110203
110230
110233
110302
110320
110323
110332
112000
112003
112030
112033
112300
112303
112330
113002
113020
113023
113032
113200
113203
113230
113302
113320
120001
120010
120013
120022
120031
120100
120103
120130
120133
120202
120220
120223
120232
120301
120310
120313
120322
120331
121000
121003
121030
121033
121300
121303
121330
122002
122020
122023
122032
122200
122203
122230
122302
122320
123001
123010
123013
123022
123031
123100
123103
123130
123202
123220
123301
123310
130000
130003
130012
130021
130030
130033
130102
130120
130123
130132
130201
130210
130213
130222
130231
130300
130303
130312
130321
130330
131002
131020
131023
131032
131200
131203
131230
131302
131320
132001
132010
132013
132022
132031
132100
132103
132130
132202
132220
132301
132310
133000
133003
133012
133021
133030
133102
133120
133201
133210
133300
200002
200011
200020
200023
200032
200101
200110
200113
200122
200131
200200
200203
200212
200221
200230
200233
200302
200311
200320
200323
200332
201001
201010
201013
201022
201031
201100
201103
201130
201133
201202
201220
201223
201232
201301
201310
201313
201322
201331
202000
202003
202012
202021
202030
202033
202102
202120
202123
202132
202201
202210
202213
202222
202231
202300
202303
202312
202321
202330
203002
203011
203020
203023
203032
203101
203110
203113
203122
203131
203200
203203
203212
203221
203230
203302
203311
203320
210001
210010
210013
210022
210031
210100
210103
210130
210133
210202
210220
210223
210232
210301
210310
210313
210322
210331
211000
211003
211030
211033
211300
211303
211330
212002
212020
212023
212032
212200
212203
212230
212302
212320
213001
213010
213013
213022
213031
213100
213103
213130
213202
213220
213301
213310
220000
220003
220012
220021
220030
220033
220102
220120
220123
220132
220201
220210
220213
220222
220231
220300
220303
220312
220321
220330
221002
221020
221023
221032
221200
221203
221230
221302
221320
222001
222010
222013
222022
222031
222100
222103
222130
222202
222220
222301
222310
223000
223003
223012
223021
223030
223102
223120
223201
223210
223300
230002
230011
230020
230023
230032
230101
230110
230113
230122
230131
230200
230203
230212
230221
230230
230302
230311
230320
231001
231010
231013
231022
231031
231100
231103
231130
231202
231220
231301
231310
232000
232003
232012
232021
232030
232102
232120
232201
232210
232300
233002
233011
233020
233101
233110
233200
300001
300010
300013
300022
300031
300100
300103
300112
300121
300130
300133
300202
300211
300220
300223
300232
300301
300310
300313
300322
300331
301000
301003
301012
301021
301030
301033
301102
301120
301123
301132
301201
301210
301213
301222
301231
301300
301303
301312
301321
301330
302002
302011
302020
302023
302032
302101
302110
302113
302122
302131
302200
302203
302212
302221
302230
302302
302311
302320
303001
303010
303013
303022
303031
303100
303103
303112
303121
303130
303202
303211
303220
303301
303310
310000
310003
310012
310021
310030
310033
310102
310120
310123
310132
310201
310210
310213
310222
310231
310300
310303
310312
310321
310330
311002
311020
311023
311032
311200
311203
311230
311302
311320
312001
312010
312013
312022
312031
312100
312103
312130
312202
312220
312301
312310
313000
313003
313012
313021
313030
313102
313120
313201
313210
313300
320002
320011
320020
320023
320032
320101
320110
320113
320122
320131
320200
320203
320212
320221
320230
320302
320311
320320
321001
321010
321013
321022
321031
321100
321103
321130
321202
321220
321301
321310
322000
322003
322012
322021
322030
322102
322120
322201
322210
322300
323002
323011
323020
323101
323110
323200
330001
330010
330013
330022
330031
330100
330103
330112
330121
330130
330202
330211
330220
330301
330310
331000
331003
331012
331021
331030
331102
331120
331201
331210
331300
332002
332011
332020
332101
332110
332200
333001
333010
333100
1000000
1000003
1000012
1000021
1000030
1000033
1000102
1000120
1000123
1000132
1000201
1000210
1000213
1000222
1000231
1000300
1000303
1000312
1000321
1000330
1000333
1001002
1001020
1001023
1001032
1001200
1001203
1001230
1001233
1001302
1001320
1001323
1001332
1002001
1002010
1002013
1002022
1002031
1002100
1002103
1002130
1002133
1002202
1002220
1002223
1002232
1002301
1002310
1002313
1002322
1002331
1003000
1003003
1003012
1003021
1003030
1003033
1003102
1003120
1003123
1003132
1003201
1003210
1003213
1003222
1003231
1003300
1003303
1003312
1003321
1003330
1010002
1010020
1010023
1010032
1010200
1010203
1010230
1010233
1010302
1010320
1010323
1010332
1012000
1012003
1012030
1012033
1012300
1012303
1012330
1013002
1013020
1013023
1013032
1013200
1013203
1013230
1013302
1013320
1020001
1020010
1020013
1020022
1020031
1020100
1020103
1020130
1020133
1020202
1020220
1020223
1020232
1020301
1020310
1020313
1020322
1020331
1021000
1021003
1021030
1021033
1021300
1021303
1021330
1022002
1022020
1022023
1022032
1022200
1022203
1022230
1022302
1022320
1023001
1023010
1023013
1023022
1023031
1023100
1023103
1023130
1023202
1023220
1023301
1023310
1030000
1030003
1030012
1030021
1030030
1030033
1030102
1030120
1030123
1030132
1030201
1030210
1030213
1030222
1030231
1030300
1030303
1030312
1030321
1030330
1031002
1031020
1031023
1031032
1031200
1031203
1031230
1031302
1031320
1032001
1032010
1032013
1032022
1032031
1032100
1032103
1032130
1032202
1032220
1032301
1032310
1033000
1033003
1033012
1033021
1033030
1033102
1033120
1033201
1033210
1033300
1100002
1100020
1100023
1100032
1100200
1100203
1100230
1100233
1100302
1100320
1100323
1100332
1102000
1102003
1102030
1102033
1102300
1102303
1102330
1103002
1103020
1103023
1103032
1103200
1103203
1103230
1103302
1103320
1120000
1120003
1120030
1120033
1120300
1120303
1120330
1123000
1123003
1123030
1123300
1130002
1130020
1130023
1130032
1130200
1130203
1130230
1130302
1130320
1132000
1132003
1132030
1132300
1133002
1133020
1133200
1200001
1200010
1200013
1200022
1200031
1200100
1200103
1200130
1200133
1200202
1200220
1200223
1200232
1200301
1200310
1200313
1200322
1200331
1201000
1201003
1201030
1201033
1201300
1201303
1201330
1202002
1202020
1202023
1202032
1202200
1202203
1202230
1202302
1202320
1203001
1203010
1203013
1203022
1203031
1203100
1203103
1203130
1203202
1203220
1203301
1203310
1210000
1210003
1210030
1210033
1210300
1210303
1210330
1213000
1213003
1213030
1213300
1220002
1220020
1220023
1220032
1220200
1220203
1220230
1220302
1220320
1222000
1222003
1222030
1222300
1223002
1223020
1223200
1230001
1230010
1230013
1230022
1230031
1230100
1230103
1230130
1230202
1230220
1230301
1230310
1231000
1231003
1231030
1231300
1232002
1232020
1232200
1233001
1233010
1233100
1300000
1300003
1300012
1300021
1300030
1300033
1300102
1300120
1300123
1300132
1300201
1300210
1300213
1300222
1300231
1300300
1300303
1300312
1300321
1300330
1301002
1301020
1301023
1301032
1301200
1301203
1301230
1301302
1301320
1302001
1302010
1302013
1302022
1302031
1302100
1302103
1302130
1302202
1302220
1302301
1302310
1303000
1303003
1303012
1303021
1303030
1303102
1303120
1303201
1303210
1303300
1310002
1310020
1310023
1310032
1310200
1310203
1310230
1310302
1310320
1312000
1312003
1312030
1312300
1313002
1313020
1313200
1320001
1320010
1320013
1320022
1320031
1320100
1320103
1320130
1320202
1320220
1320301
1320310
1321000
1321003
1321030
1321300
1322002
1322020
1322200
1323001
1323010
1323100
1330000
1330003
1330012
1330021
1330030
1330102
1330120
1330201
1330210
1330300
1331002
1331020
1331200
1332001
1332010
1332100
1333000
2000002
2000011
2000020
2000023
2000032
2000101
2000110
2000113
2000122
2000131
2000200
2000203
2000212
2000221
2000230
2000233
2000302
2000311
2000320
2000323
2000332
2001001
2001010
2001013
2001022
2001031
2001100
2001103
2001130
2001133
2001202
2001220
2001223
2001232
2001301
2001310
2001313
2001322
2001331
2002000
2002003
2002012
2002021
2002030
2002033
2002102
2002120
2002123
2002132
2002201
2002210
2002213
2002222
2002231
2002300
2002303
2002312
2002321
2002330
2003002
2003011
2003020
2003023
2003032
2003101
2003110
2003113
2003122
2003131
2003200
2003203
2003212
2003221
2003230
2003302
2003311
2003320
2010001
2010010
2010013
2010022
2010031
2010100
2010103
2010130
2010133
2010202
2010220
2010223
2010232
2010301
2010310
2010313
2010322
2010331
2011000
2011003
2011030
2011033
2011300
2011303
2011330
2012002
2012020
2012023
2012032
2012200
2012203
2012230
2012302
2012320
2013001
2013010
2013013
2013022
2013031
2013100
2013103
2013130
2013202
2013220
2013301
2013310
2020000
2020003
2020012
2020021
2020030
2020033
2020102
2020120
2020123
2020132
2020201
2020210
2020213
2020222
2020231
2020300
2020303
2020312
2020321
2020330
2021002
2021020
2021023
2021032
2021200
2021203
2021230
2021302
2021320
2022001
2022010
2022013
2022022
2022031
2022100
2022103
2022130
2022202
2022220
2022301
2022310
2023000
2023003
2023012
2023021
2023030
2023102
2023120
2023201
2023210
2023300
2030002
2030011
2030020
2030023
2030032
2030101
2030110
2030113
2030122
2030131
2030200
2030203
2030212
2030221
2030230
2030302
2030311
2030320
2031001
2031010
2031013
2031022
2031031
2031100
2031103
2031130
2031202
2031220
2031301
2031310
2032000
2032003
2032012
2032021
2032030
2032102
2032120
2032201
2032210
2032300
2033002
2033011
2033020
2033101
2033110
2033200
2100001
2100010
2100013
2100022
2100031
2100100
2100103
2100130
2100133
2100202
2100220
2100223
2100232
2100301
2100310
2100313
2100322
2100331
2101000
2101003
2101030
2101033
2101300
2101303
2101330
2102002
2102020
2102023
2102032
2102200
2102203
2102230
2102302
2102320
2103001
2103010
2103013
2103022
2103031
2103100
2103103
2103130
2103202
2103220
2103301
2103310
2110000
2110003
2110030
2110033
2110300
2110303
2110330
2113000
2113003
2113030
2113300
2120002
2120020
2120023
2120032
2120200
2120203
2120230
2120302
2120320
2122000
2122003
2122030
2122300
2123002
2123020
2123200
2130001
2130010
2130013
2130022
2130031
2130100
2130103
2130130
2130202
2130220
2130301
2130310
2131000
2131003
2131030
2131300
2132002
2132020
2132200
2133001
2133010
2133100
2200000
2200003
2200012
2200021
2200030
2200033
2200102
2200120
2200123
2200132
2200201
2200210
2200213
2200222
2200231
2200300
2200303
2200312
2200321
2200330
2201002
2201020
2201023
2201032
2201200
2201203
2201230
2201302
2201320
2202001
2202010
2202013
2202022
2202031
2202100
2202103
2202130
2202202
2202220
2202301
2202310
2203000
2203003
2203012
2203021
2203030
2203102
2203120
2203201
2203210
2203300
2210002
2210020
2210023
2210032
2210200
2210203
2210230
2210302
2210320
2212000
2212003
2212030
2212300
2213002
2213020
2213200
2220001
2220010
2220013
2220022
2220031
2220100
2220103
2220130
2220202
2220220
2220301
2220310
2221000
2221003
2221030
2221300
2222002
2222020
2222200
2223001
2223010
2223100
2230000
2230003
2230012
2230021
2230030
2230102
2230120
2230201
2230210
2230300
2231002
2231020
2231200
2232001
2232010
2232100
2233000
2300002
2300011
2300020
2300023
2300032
2300101
2300110
2300113
2300122
2300131
2300200
2300203
2300212
2300221
2300230
2300302
2300311
2300320
2301001
2301010
2301013
2301022
2301031
2301100
2301103
2301130
2301202
2301220
2301301
2301310
2302000
2302003
2302012
2302021
2302030
2302102
2302120
2302201
2302210
2302300
2303002
2303011
2303020
2303101
2303110
2303200
2310001
2310010
2310013
2310022
2310031
2310100
2310103
2310130
2310202
2310220
2310301
2310310
2311000
2311003
2311030
2311300
2312002
2312020
2312200
2313001
2313010
2313100
2320000
2320003
2320012
2320021
2320030
2320102
2320120
2320201
2320210
2320300
2321002
2321020
2321200
2322001
2322010
2322100
2323000
2330002
2330011
2330020
2330101
2330110
2330200
2331001
2331010
2331100
2332000
3000001
3000010
3000013
3000022
3000031
3000100
3000103
3000112
3000121
3000130
3000133
3000202
3000211
3000220
3000223
3000232
3000301
3000310
3000313
3000322
3000331
3001000
3001003
3001012
3001021
3001030
3001033
3001102
3001120
3001123
3001132
3001201
3001210
3001213
3001222
3001231
3001300
3001303
3001312
3001321
3001330
3002002
3002011
3002020
3002023
3002032
3002101
3002110
3002113
3002122
3002131
3002200
3002203
3002212
3002221
3002230
3002302
3002311
3002320
3003001
3003010
3003013
3003022
3003031
3003100
3003103
3003112
3003121
3003130
3003202
3003211
3003220
3003301
3003310
3010000
3010003
3010012
3010021
3010030
3010033
3010102
3010120
3010123
3010132
3010201
3010210
3010213
3010222
3010231
3010300
3010303
3010312
3010321
3010330
3011002
3011020
3011023
3011032
3011200
3011203
3011230
3011302
3011320
3012001
3012010
3012013
3012022
3012031
3012100
3012103
3012130
3012202
3012220
3012301
3012310
3013000
3013003
3013012
3013021
3013030
3013102
3013120
3013201
3013210
3013300
3020002
3020011
3020020
3020023
3020032
3020101
3020110
3020113
3020122
3020131
3020200
3020203
3020212
3020221
3020230
3020302
3020311
3020320
3021001
3021010
3021013
3021022
3021031
3021100
3021103
3021130
3021202
3021220
3021301
3021310
3022000
3022003
3022012
3022021
3022030
3022102
3022120
3022201
3022210
3022300
3023002
3023011
3023020
3023101
3023110
3023200
3030001
3030010
3030013
3030022
3030031
3030100
3030103
3030112
3030121
3030130
3030202
3030211
3030220
3030301
3030310
3031000
3031003
3031012
3031021
3031030
3031102
3031120
3031201
3031210
3031300
3032002
3032011
3032020
3032101
3032110
3032200
3033001
3033010
3033100
3100000
3100003
3100012
3100021
3100030
3100033
3100102
3100120
3100123
3100132
3100201
3100210
3100213
3100222
3100231
3100300
3100303
3100312
3100321
3100330
3101002
3101020
3101023
3101032
3101200
3101203
3101230
3101302
3101320
3102001
3102010
3102013
3102022
3102031
3102100
3102103
3102130
3102202
3102220
3102301
3102310
3103000
3103003
3103012
3103021
3103030
3103102
3103120
3103201
3103210
3103300
3110002
3110020
3110023
3110032
3110200
3110203
3110230
3110302
3110320
3112000
3112003
3112030
3112300
3113002
3113020
3113200
3120001
3120010
3120013
3120022
3120031
3120100
3120103
3120130
3120202
3120220
3120301
3120310
3121000
3121003
3121030
3121300
3122002
3122020
3122200
3123001
3123010
3123100
3130000
3130003
3130012
3130021
3130030
3130102
3130120
3130201
3130210
3130300
3131002
3131020
3131200
3132001
3132010
3132100
3133000
3200002
3200011
3200020
3200023
3200032
3200101
3200110
3200113
3200122
3200131
3200200
3200203
3200212
3200221
3200230
3200302
3200311
3200320
3201001
3201010
3201013
3201022
3201031
3201100
3201103
3201130
3201202
3201220
3201301
3201310
3202000
3202003
3202012
3202021
3202030
3202102
3202120
3202201
3202210
3202300
3203002
3203011
3203020
3203101
3203110
3203200
3210001
3210010
3210013
3210022
3210031
3210100
3210103
3210130
3210202
3210220
3210301
3210310
3211000
3211003
3211030
3211300
3212002
3212020
3212200
3213001
3213010
3213100
3220000
3220003
3220012
3220021
3220030
3220102
3220120
3220201
3220210
3220300
3221002
3221020
3221200
3222001
3222010
3222100
3223000
3230002
3230011
3230020
3230101
3230110
3230200
3231001
3231010
3231100
3232000
3300001
3300010
3300013
3300022
3300031
3300100
3300103
3300112
3300121
3300130
3300202
3300211
3300220
3300301
3300310
3301000
3301003
3301012
3301021
3301030
3301102
3301120
3301201
3301210
3301300
3302002
3302011
3302020
3302101
3302110
3302200
3303001
3303010
3303100
3310000
3310003
3310012
3310021
3310030
3310102
3310120
3310201
3310210
3310300
3311002
3311020
3311200
3312001
3312010
3312100
3313000
3320002
3320011
3320020
3320101
3320110
3320200
3321001
3321010
3321100
3322000
3330001
3330010
3330100
3331000
