2
20
23
32
200
203
230
233
302
320
323
332
2000
2003
2030
2033
2300
2303
2330
2333
3002
3020
3023
3032
3200
3203
3230
3233
3302
3320
3323
3332
20000
20003
20030
20033
20300
20303
20330
20333
23000
23003
23030
23033
23300
23303
23330
23333
30002
30020
30023
30032
30200
30203
30230
30233
30302
30320
30323
30332
32000
32003
32030
32033
32300
32303
32330
32333
33002
33020
33023
33032
33200
33203
33230
33233
33302
33320
33323
33332
200000
200003
200030
200033
200300
200303
200330
200333
203000
203003
203030
203033
203300
203303
203330
203333
230000
230003
230030
230033
230300
230303
230330
230333
233000
233003
233030
233033
233300
233303
233330
300002
300020
300023
300032
300200
300203
300230
300233
300302
300320
300323
300332
302000
302003
302030
302033
302300
302303
302330
302333
303002
303020
303023
303032
303200
303203
303230
303233
303302
303320
303323
303332
320000
320003
320030
320033
320300
320303
320330
320333
323000
323003
323030
323033
323300
323303
323330
330002
330020
330023
330032
330200
330203
330230
330233
330302
330320
330323
330332
332000
332003
332030
332033
332300
332303
332330
333002
333020
333023
333032
333200
333203
333230
333302
333320
2000000
2000003
2000030
2000033
2000300
2000303
2000330
2000333
2003000
2003003
2003030
2003033
2003300
2003303
2003330
2003333
2030000
2030003
2030030
2030033
2030300
2030303
2030330
2030333
2033000
2033003
2033030
2033033
2033300
2033303
2033330
2300000
2300003
2300030
2300033
2300300
2300303
2300330
2300333
2303000
2303003
2303030
2303033
2303300
2303303
2303330
2330000
2330003
2330030
2330033
2330300
2330303
2330330
2333000
2333003
2333030
2333300
3000002
3000020
3000023
3000032
3000200
3000203
3000230
3000233
3000302
3000320
3000323
3000332
3002000
3002003
3002030
3002033
3002300
3002303
3002330
3002333
3003002
3003020
3003023
3003032
3003200
3003203
3003230
3003233
3003302
3003320
3003323
3003332
3020000
3020003
3020030
3020033
3020300
3020303
3020330
3020333
3023000
3023003
3023030
3023033
3023300
3023303
3023330
3030002
3030020
3030023
3030032
3030200
3030203
3030230
3030233
3030302
3030320
3030323
3030332
3032000
3032003
3032030
3032033
3032300
3032303
3032330
3033002
3033020
3033023
3033032
3033200
3033203
3033230
3033302
3033320
3200000
3200003
3200030
3200033
3200300
3200303
3200330
3200333
3203000
3203003
3203030
3203033
3203300
3203303
3203330
3230000
3230003
3230030
3230033
3230300
3230303
3230330
3233000
3233003
3233030
3233300
3300002
3300020
3300023
3300032
3300200
3300203
3300230
3300233
3300302
3300320
3300323
3300332
3302000
3302003
3302030
3302033
3302300
3302303
3302330
3303002
3303020
3303023
3303032
3303200
3303203
3303230
3303302
3303320
3320000
3320003
3320030
3320033
3320300
3320303
3320330
3323000
3323003
3323030
3323300
3330002
3330020
3330023
3330032
3330200
3330203
3330230
3330302
3330320
3332000
3332003
3332030
3332300
3333002
3333020
3333200
