2
11
20
23
32
101
110
113
122
131
200
203
212
221
230
233
302
311
320
323
332
1001
1010
1013
1022
1031
1100
1103
1130
1133
1202
1220
1223
1232
1301
1310
1313
1322
1331
2000
2003
2012
2021
2030
2033
2102
2120
2123
2132
2201
2210
2213
2222
2231
2300
2303
2312
2321
2330
3002
3011
3020
3023
3032
3101
3110
3113
3122
3131
3200
3203
3212
3221
3230
3302
3311
3320
10001
10010
10013
10022
10031
10100
10103
10130
10133
10202
10220
10223
10232
10301
10310
10313
10322
10331
11000
11003
11030
11033
11300
11303
11330
12002
12020
12023
12032
12200
12203
12230
12302
12320
13001
13010
13013
13022
13031
13100
13103
13130
13202
13220
13301
13310
20000
20003
20012
20021
20030
20033
20102
20120
20123
20132
20201
20210
20213
20222
20231
20300
20303
20312
20321
20330
21002
21020
21023
21032
21200
21203
21230
21302
21320
22001
22010
22013
22022
22031
22100
22103
22130
22202
22220
22301
22310
23000
23003
23012
23021
23030
23102
23120
23201
23210
23300
30002
30011
30020
30023
30032
30101
30110
30113
30122
30131
30200
30203
30212
30221
30230
30302
30311
30320
31001
31010
31013
31022
31031
31100
31103
31130
31202
31220
31301
31310
32000
32003
32012
32021
32030
32102
32120
32201
32210
32300
33002
33011
33020
33101
33110
33200
100001
100010
100013
100022
100031
100100
100103
100130
100133
100202
100220
100223
100232
100301
100310
100313
100322
100331
101000
101003
101030
101033
101300
101303
101330
102002
102020
102023
102032
102200
102203
102230
102302
102320
103001
103010
103013
103022
103031
103100
103103
103130
103202
103220
103301
103310
110000
110003
110030
110033
110300
110303
110330
113000
113003
113030
113300
120002
120020
120023
120032
120200
120203
120230
120302
120320
122000
122003
122030
122300
123002
123020
123200
130001
130010
130013
130022
130031
130100
130103
130130
130202
130220
130301
130310
131000
131003
131030
131300
132002
132020
132200
133001
133010
133100
200000
200003
200012
200021
200030
200033
200102
200120
200123
200132
200201
200210
200213
200222
200231
200300
200303
200312
200321
200330
201002
201020
201023
201032
201200
201203
201230
201302
201320
202001
202010
202013
202022
202031
202100
202103
202130
202202
202220
202301
202310
203000
203003
203012
203021
203030
203102
203120
203201
203210
203300
210002
210020
210023
210032
210200
210203
210230
210302
210320
212000
212003
212030
212300
213002
213020
213200
220001
220010
220013
220022
220031
220100
220103
220130
220202
220220
220301
220310
221000
221003
221030
221300
222002
222020
222200
223001
223010
223100
230000
230003
230012
230021
230030
230102
230120
230201
230210
230300
231002
231020
231200
232001
232010
232100
233000
300002
300011
300020
300023
300032
300101
300110
300113
300122
300131
300200
300203
300212
300221
300230
300302
300311
300320
301001
301010
301013
301022
301031
301100
301103
301130
301202
301220
301301
301310
302000
302003
302012
302021
302030
302102
302120
302201
302210
302300
303002
303011
303020
303101
303110
303200
310001
310010
310013
310022
310031
310100
310103
310130
310202
310220
310301
310310
311000
311003
311030
311300
312002
312020
312200
313001
313010
313100
320000
320003
320012
320021
320030
320102
320120
320201
320210
320300
321002
321020
321200
322001
322010
322100
323000
330002
330011
330020
330101
330110
330200
331001
331010
331100
332000
1000001
1000010
1000013
1000022
1000031
1000100
1000103
1000130
1000133
1000202
1000220
1000223
1000232
1000301
1000310
1000313
1000322
1000331
1001000
1001003
1001030
1001033
1001300
1001303
1001330
1002002
1002020
1002023
1002032
1002200
1002203
1002230
1002302
1002320
1003001
1003010
1003013
1003022
1003031
1003100
1003103
1003130
1003202
1003220
1003301
1003310
1010000
1010003
1010030
1010033
1010300
1010303
1010330
1013000
1013003
1013030
1013300
1020002
1020020
1020023
1020032
1020200
1020203
1020230
1020302
1020320
1022000
1022003
1022030
1022300
1023002
1023020
1023200
1030001
1030010
1030013
1030022
1030031
1030100
1030103
1030130
1030202
1030220
1030301
1030310
1031000
1031003
1031030
1031300
1032002
1032020
1032200
1033001
1033010
1033100
1100000
1100003
1100030
1100033
1100300
1100303
1100330
1103000
1103003
1103030
1103300
1130000
1130003
1130030
1130300
1133000
1200002
1200020
1200023
1200032
1200200
1200203
1200230
1200302
1200320
1202000
1202003
1202030
1202300
1203002
1203020
1203200
1220000
1220003
1220030
1220300
1223000
1230002
1230020
1230200
1232000
1300001
1300010
1300013
1300022
1300031
1300100
1300103
1300130
1300202
1300220
1300301
1300310
1301000
1301003
1301030
1301300
1302002
1302020
1302200
1303001
1303010
1303100
1310000
1310003
1310030
1310300
1313000
1320002
1320020
1320200
1322000
1330001
1330010
1330100
1331000
2000000
2000003
2000012
2000021
2000030
2000033
2000102
2000120
2000123
2000132
2000201
2000210
2000213
2000222
2000231
2000300
2000303
2000312
2000321
2000330
2001002
2001020
2001023
2001032
2001200
2001203
2001230
2001302
2001320
2002001
2002010
2002013
2002022
2002031
2002100
2002103
2002130
2002202
2002220
2002301
2002310
2003000
2003003
2003012
2003021
2003030
2003102
2003120
2003201
2003210
2003300
2010002
2010020
2010023
2010032
2010200
2010203
2010230
2010302
2010320
2012000
2012003
2012030
2012300
2013002
2013020
2013200
2020001
2020010
2020013
2020022
2020031
2020100
2020103
2020130
2020202
2020220
2020301
2020310
2021000
2021003
2021030
2021300
2022002
2022020
2022200
2023001
2023010
2023100
2030000
2030003
2030012
2030021
2030030
2030102
2030120
2030201
2030210
2030300
2031002
2031020
2031200
2032001
2032010
2032100
2033000
2100002
2100020
2100023
2100032
2100200
2100203
2100230
2100302
2100320
2102000
2102003
2102030
2102300
2103002
2103020
2103200
2120000
2120003
2120030
2120300
2123000
2130002
2130020
2130200
2132000
2200001
2200010
2200013
2200022
2200031
2200100
2200103
2200130
2200202
2200220
2200301
2200310
2201000
2201003
2201030
2201300
2202002
2202020
2202200
2203001
2203010
2203100
2210000
2210003
2210030
2210300
2213000
2220002
2220020
2220200
2222000
2230001
2230010
2230100
2231000
2300000
2300003
2300012
2300021
2300030
2300102
2300120
2300201
2300210
2300300
2301002
2301020
2301200
2302001
2302010
2302100
2303000
2310002
2310020
2310200
2312000
2320001
2320010
2320100
2321000
2330000
3000002
3000011
3000020
3000023
3000032
3000101
3000110
3000113
3000122
3000131
3000200
3000203
3000212
3000221
3000230
3000302
3000311
3000320
3001001
3001010
3001013
3001022
3001031
3001100
3001103
3001130
3001202
3001220
3001301
3001310
3002000
3002003
3002012
3002021
3002030
3002102
3002120
3002201
3002210
3002300
3003002
3003011
3003020
3003101
3003110
3003200
3010001
3010010
3010013
3010022
3010031
3010100
3010103
3010130
3010202
3010220
3010301
3010310
3011000
3011003
3011030
3011300
3012002
3012020
3012200
3013001
3013010
3013100
3020000
3020003
3020012
3020021
3020030
3020102
3020120
3020201
3020210
3020300
3021002
3021020
3021200
3022001
3022010
3022100
3023000
3030002
3030011
3030020
3030101
3030110
3030200
3031001
3031010
3031100
3032000
3100001
3100010
3100013
3100022
3100031
3100100
3100103
3100130
3100202
3100220
3100301
3100310
3101000
3101003
3101030
3101300
3102002
3102020
3102200
3103001
3103010
3103100
3110000
3110003
3110030
3110300
3113000
3120002
3120020
3120200
3122000
3130001
3130010
3130100
3131000
3200000
3200003
3200012
3200021
3200030
3200102
3200120
3200201
3200210
3200300
3201002
3201020
3201200
3202001
3202010
3202100
3203000
3210002
3210020
3210200
3212000
3220001
3220010
3220100
3221000
3230000
3300002
3300011
3300020
3300101
3300110
3300200
3301001
3301010
3301100
3302000
3310001
3310010
3310100
3311000
3320000
