200
1100
1400
2000
2300
3200
4100
10100
10400
11000
11300
12200
13100
14000
20000
20300
21200
22100
23000
30200
31100
32000
40100
41000
100100
100400
101000
101300
102200
103100
104000
110000
110300
111200
112100
113000
120200
121100
122000
130100
131000
140000
200000
200300
201200
202100
203000
210200
211100
212000
220100
221000
230000
300200
301100
302000
310100
311000
320000
400100
401000
410000
1000100
1000400
1001000
1001300
1002200
1003100
1004000
1010000
1010300
1011200
1012100
1013000
1020200
1021100
1022000
1030100
1031000
1040000
1100000
1100300
1101200
1102100
1103000
1110200
1112000
1120100
1121000
1130000
1200200
1201100
1202000
1210100
1211000
1220000
1300100
1301000
1310000
1400000
2000000
2000300
2001200
2002100
2003000
2010200
2011100
2012000
2020100
2021000
2030000
2100200
2101100
2102000
2110100
2111000
2120000
2200100
2201000
2210000
2300000
3000200
3001100
3002000
3010100
3011000
3020000
3100100
3101000
3110000
3200000
4000100
4001000
4010000
4100000
10000100
10000400
10001000
10001300
10002200
10003100
10004000
10010000
10010300
10011200
10012100
10013000
10020200
10021100
10022000
10030100
10031000
10040000
10100000
10100300
10101200
10102100
10103000
10110200
10112000
10120100
10121000
10130000
10200200
10201100
10202000
10210100
10211000
10220000
10300100
10301000
10310000
10400000
11000000
11000300
11001200
11002100
11003000
11010200
11012000
11020100
11021000
11030000
11100200
11102000
11120000
11200100
11201000
11210000
11300000
12000200
12001100
12002000
12010100
12011000
12020000
12100100
12101000
12110000
12200000
13000100
13001000
13010000
13100000
14000000
20000000
20000300
20001200
20002100
20003000
20010200
20011100
20012000
20020100
20021000
20030000
20100200
20101100
20102000
20110100
20111000
20120000
20200100
20201000
20210000
20300000
21000200
21001100
21002000
21010100
21011000
21020000
21100100
21101000
21110000
21200000
22000100
22001000
22010000
22100000
23000000
30000200
30001100
30002000
30010100
30011000
30020000
30100100
30101000
30110000
30200000
31000100
31001000
31010000
31100000
32000000
40000100
40001000
40010000
40100000
41000000
100000100
100000400
100001000
100001300
100002200
100003100
100004000
100010000
100010300
100011200
100012100
100013000
100020200
100021100
100022000
100030100
100031000
100040000
100100000
100100300
100101200
100102100
100103000
100110200
100112000
100120100
100121000
100130000
100200200
100201100
100202000
100210100
100211000
100220000
100300100
100301000
100310000
100400000
101000000
101000300
101001200
101002100
101003000
101010200
101012000
101020100
101021000
101030000
101100200
101102000
101120000
101200100
101201000
101210000
101300000
102000200
102001100
102002000
102010100
102011000
102020000
102100100
102101000
102110000
102200000
103000100
103001000
103010000
103100000
104000000
110000000
110000300
110001200
110002100
110003000
110010200
110012000
110020100
110021000
110030000
110100200
110102000
110120000
110200100
110201000
110210000
110300000
111000200
111002000
111020000
111200000
112000100
112001000
112010000
112100000
113000000
120000200
120001100
120002000
120010100
120011000
120020000
120100100
120101000
120110000
120200000
121000100
121001000
121010000
121100000
122000000
130000100
130001000
130010000
130100000
131000000
140000000
200000000
200000300
200001200
200002100
200003000
200010200
200011100
200012000
200020100
200021000
200030000
200100200
200101100
200102000
200110100
200111000
200120000
200200100
200201000
200210000
200300000
201000200
201001100
201002000
201010100
201011000
201020000
201100100
201101000
201110000
201200000
202000100
202001000
202010000
202100000
203000000
210000200
210001100
210002000
210010100
210011000
210020000
210100100
210101000
210110000
210200000
211000100
211001000
211010000
211100000
212000000
220000100
220001000
220010000
220100000
221000000
230000000
300000200
300001100
300002000
300010100
300011000
300020000
300100100
300101000
300110000
300200000
301000100
301001000
301010000
301100000
302000000
310000100
310001000
310010000
310100000
311000000
320000000
400000100
400001000
400010000
400100000
401000000
410000000
