100
400
1000
1300
2200
3100
4000
10000
10300
11200
12100
13000
20200
21100
22000
30100
31000
40000
100000
100300
101200
102100
103000
110200
111100
112000
120100
121000
130000
200200
201100
202000
210100
211000
220000
300100
301000
310000
400000
1000000
1000300
1001200
1002100
1003000
1010200
1011100
1012000
1020100
1021000
1030000
1100200
1101100
1102000
1110100
1111000
1120000
1200100
1201000
1210000
1300000
2000200
2001100
2002000
2010100
2011000
2020000
2100100
2101000
2110000
2200000
3000100
3001000
3010000
3100000
4000000
10000000
10000300
10001200
10002100
10003000
10010200
10011100
10012000
10020100
10021000
10030000
10100200
10101100
10102000
10110100
10111000
10120000
10200100
10201000
10210000
10300000
11000200
11001100
11002000
11010100
11011000
11020000
11100100
11101000
11110000
11200000
12000100
12001000
12010000
12100000
13000000
20000200
20001100
20002000
20010100
20011000
20020000
20100100
20101000
20110000
20200000
21000100
21001000
21010000
21100000
22000000
30000100
30001000
30010000
30100000
31000000
40000000
100000000
100000300
100001200
100002100
100003000
100010200
100011100
100012000
100020100
100021000
100030000
100100200
100101100
100102000
100110100
100111000
100120000
100200100
100201000
100210000
100300000
101000200
101001100
101002000
101010100
101011000
101020000
101100100
101101000
101110000
101200000
102000100
102001000
102010000
102100000
103000000
110000200
110001100
110002000
110010100
110011000
110020000
110100100
110101000
110110000
110200000
111000100
111001000
111010000
111100000
112000000
120000100
120001000
120010000
120100000
121000000
130000000
200000200
200001100
200002000
200010100
200011000
200020000
200100100
200101000
200110000
200200000
201000100
201001000
201010000
201100000
202000000
210000100
210001000
210010000
210100000
211000000
220000000
300000100
300001000
300010000
300100000
301000000
310000000
400000000
