200
2000
2300
3200
20000
20300
23000
23300
30200
32000
32300
33200
200000
200300
203000
203300
230000
230300
233000
233300
300200
302000
302300
303200
320000
320300
323000
323300
330200
332000
332300
333200
2000000
2000300
2003000
2003300
2030000
2030300
2033000
2033300
2300000
2300300
2303000
2303300
2330000
2330300
2333000
3000200
3002000
3002300
3003200
3020000
3020300
3023000
3023300
3030200
3032000
3032300
3033200
3200000
3200300
3203000
3203300
3230000
3230300
3233000
3300200
3302000
3302300
3303200
3320000
3320300
3323000
3330200
3332000
20000000
20000300
20003000
20003300
20030000
20030300
20033000
20033300
20300000
20300300
20303000
20303300
20330000
20330300
20333000
23000000
23000300
23003000
23003300
23030000
23030300
23033000
23300000
23300300
23303000
23330000
30000200
30002000
30002300
30003200
30020000
30020300
30023000
30023300
30030200
30032000
30032300
30033200
30200000
30200300
30203000
30203300
30230000
30230300
30233000
30300200
30302000
30302300
30303200
30320000
30320300
30323000
30330200
30332000
32000000
32000300
32003000
32003300
32030000
32030300
32033000
32300000
32300300
32303000
32330000
33000200
33002000
33002300
33003200
33020000
33020300
33023000
33030200
33032000
33200000
33200300
33203000
33230000
33300200
33302000
33320000
200000000
200000300
200003000
200003300
200030000
200030300
200033000
200033300
200300000
200300300
200303000
200303300
200330000
200330300
200333000
203000000
203000300
203003000
203003300
203030000
203030300
203033000
203300000
203300300
203303000
203330000
230000000
230000300
230003000
230003300
230030000
230030300
230033000
230300000
230300300
230303000
230330000
233000000
233000300
233003000
233030000
233300000
300000200
300002000
300002300
300003200
300020000
300020300
300023000
300023300
300030200
300032000
300032300
300033200
300200000
300200300
300203000
300203300
300230000
300230300
300233000
300300200
300302000
300302300
300303200
300320000
300320300
300323000
300330200
300332000
302000000
302000300
302003000
302003300
302030000
302030300
302033000
302300000
302300300
302303000
302330000
303000200
303002000
303002300
303003200
303020000
303020300
303023000
303030200
303032000
303200000
303200300
303203000
303230000
303300200
303302000
303320000
320000000
320000300
320003000
320003300
320030000
320030300
320033000
320300000
320300300
320303000
320330000
323000000
323000300
323003000
323030000
323300000
330000200
330002000
330002300
330003200
330020000
330020300
330023000
330030200
330032000
330200000
330200300
330203000
330230000
330300200
330302000
330320000
332000000
332000300
332003000
332030000
332300000
333000200
333002000
333020000
333200000
