300
1200
2100
2400
3000
3300
4200
10200
11100
11400
12000
12300
13200
14100
20100
20400
21000
21300
22200
23100
24000
30000
30300
31200
32100
33000
40200
41100
42000
100200
101100
101400
102000
102300
103200
104100
110100
110400
111000
111300
112200
113100
114000
120000
120300
121200
122100
123000
130200
131100
132000
140100
141000
200100
200400
201000
201300
202200
203100
204000
210000
210300
211200
212100
213000
220200
221100
222000
230100
231000
240000
300000
300300
301200
302100
303000
310200
311100
312000
320100
321000
330000
400200
401100
402000
410100
411000
420000
1000200
1001100
1001400
1002000
1002300
1003200
1004100
1010100
1010400
1011000
1011300
1012200
1013100
1014000
1020000
1020300
1021200
1022100
1023000
1030200
1031100
1032000
1040100
1041000
1100100
1100400
1101000
1101300
1102200
1103100
1104000
1110000
1110300
1111200
1112100
1113000
1120200
1121100
1122000
1130100
1131000
1140000
1200000
1200300
1201200
1202100
1203000
1210200
1211100
1212000
1220100
1221000
1230000
1300200
1301100
1302000
1310100
1311000
1320000
1400100
1401000
1410000
2000100
2000400
2001000
2001300
2002200
2003100
2004000
2010000
2010300
2011200
2012100
2013000
2020200
2021100
2022000
2030100
2031000
2040000
2100000
2100300
2101200
2102100
2103000
2110200
2111100
2112000
2120100
2121000
2130000
2200200
2201100
2202000
2210100
2211000
2220000
2300100
2301000
2310000
2400000
3000000
3000300
3001200
3002100
3003000
3010200
3011100
3012000
3020100
3021000
3030000
3100200
3101100
3102000
3110100
3111000
3120000
3200100
3201000
3210000
3300000
4000200
4001100
4002000
4010100
4011000
4020000
4100100
4101000
4110000
4200000
10000200
10001100
10001400
10002000
10002300
10003200
10004100
10010100
10010400
10011000
10011300
10012200
10013100
10014000
10020000
10020300
10021200
10022100
10023000
10030200
10031100
10032000
10040100
10041000
10100100
10100400
10101000
10101300
10102200
10103100
10104000
10110000
10110300
10111200
10112100
10113000
10120200
10121100
10122000
10130100
10131000
10140000
10200000
10200300
10201200
10202100
10203000
10210200
10211100
10212000
10220100
10221000
10230000
10300200
10301100
10302000
10310100
10311000
10320000
10400100
10401000
10410000
11000100
11000400
11001000
11001300
11002200
11003100
11004000
11010000
11010300
11011200
11012100
11013000
11020200
11021100
11022000
11030100
11031000
11040000
11100000
11100300
11101200
11102100
11103000
11110200
11112000
11120100
11121000
11130000
11200200
11201100
11202000
11210100
11211000
11220000
11300100
11301000
11310000
11400000
12000000
12000300
12001200
12002100
12003000
12010200
12011100
12012000
12020100
12021000
12030000
12100200
12101100
12102000
12110100
12111000
12120000
12200100
12201000
12210000
12300000
13000200
13001100
13002000
13010100
13011000
13020000
13100100
13101000
13110000
13200000
14000100
14001000
14010000
14100000
20000100
20000400
20001000
20001300
20002200
20003100
20004000
20010000
20010300
20011200
20012100
20013000
20020200
20021100
20022000
20030100
20031000
20040000
20100000
20100300
20101200
20102100
20103000
20110200
20111100
20112000
20120100
20121000
20130000
20200200
20201100
20202000
20210100
20211000
20220000
20300100
20301000
20310000
20400000
21000000
21000300
21001200
21002100
21003000
21010200
21011100
21012000
21020100
21021000
21030000
21100200
21101100
21102000
21110100
21111000
21120000
21200100
21201000
21210000
21300000
22000200
22001100
22002000
22010100
22011000
22020000
22100100
22101000
22110000
22200000
23000100
23001000
23010000
23100000
24000000
30000000
30000300
30001200
30002100
30003000
30010200
30011100
30012000
30020100
30021000
30030000
30100200
30101100
30102000
30110100
30111000
30120000
30200100
30201000
30210000
30300000
31000200
31001100
31002000
31010100
31011000
31020000
31100100
31101000
31110000
31200000
32000100
32001000
32010000
32100000
33000000
40000200
40001100
40002000
40010100
40011000
40020000
40100100
40101000
40110000
40200000
41000100
41001000
41010000
41100000
42000000
100000200
100001100
100001400
100002000
100002300
100003200
100004100
100010100
100010400
100011000
100011300
100012200
100013100
100014000
100020000
100020300
100021200
100022100
100023000
100030200
100031100
100032000
100040100
100041000
100100100
100100400
100101000
100101300
100102200
100103100
100104000
100110000
100110300
100111200
100112100
100113000
100120200
100121100
100122000
100130100
100131000
100140000
100200000
100200300
100201200
100202100
100203000
100210200
100211100
100212000
100220100
100221000
100230000
100300200
100301100
100302000
100310100
100311000
100320000
100400100
100401000
100410000
101000100
101000400
101001000
101001300
101002200
101003100
101004000
101010000
101010300
101011200
101012100
101013000
101020200
101021100
101022000
101030100
101031000
101040000
101100000
101100300
101101200
101102100
101103000
101110200
101112000
101120100
101121000
101130000
101200200
101201100
101202000
101210100
101211000
101220000
101300100
101301000
101310000
101400000
102000000
102000300
102001200
102002100
102003000
102010200
102011100
102012000
102020100
102021000
102030000
102100200
102101100
102102000
102110100
102111000
102120000
102200100
102201000
102210000
102300000
103000200
103001100
103002000
103010100
103011000
103020000
103100100
103101000
103110000
103200000
104000100
104001000
104010000
104100000
110000100
110000400
110001000
110001300
110002200
110003100
110004000
110010000
110010300
110011200
110012100
110013000
110020200
110021100
110022000
110030100
110031000
110040000
110100000
110100300
110101200
110102100
110103000
110110200
110112000
110120100
110121000
110130000
110200200
110201100
110202000
110210100
110211000
110220000
110300100
110301000
110310000
110400000
111000000
111000300
111001200
111002100
111003000
111010200
111012000
111020100
111021000
111030000
111100200
111102000
111120000
111200100
111201000
111210000
111300000
112000200
112001100
112002000
112010100
112011000
112020000
112100100
112101000
112110000
112200000
113000100
113001000
113010000
113100000
114000000
120000000
120000300
120001200
120002100
120003000
120010200
120011100
120012000
120020100
120021000
120030000
120100200
120101100
120102000
120110100
120111000
120120000
120200100
120201000
120210000
120300000
121000200
121001100
121002000
121010100
121011000
121020000
121100100
121101000
121110000
121200000
122000100
122001000
122010000
122100000
123000000
130000200
130001100
130002000
130010100
130011000
130020000
130100100
130101000
130110000
130200000
131000100
131001000
131010000
131100000
132000000
140000100
140001000
140010000
140100000
141000000
200000100
200000400
200001000
200001300
200002200
200003100
200004000
200010000
200010300
200011200
200012100
200013000
200020200
200021100
200022000
200030100
200031000
200040000
200100000
200100300
200101200
200102100
200103000
200110200
200111100
200112000
200120100
200121000
200130000
200200200
200201100
200202000
200210100
200211000
200220000
200300100
200301000
200310000
200400000
201000000
201000300
201001200
201002100
201003000
201010200
201011100
201012000
201020100
201021000
201030000
201100200
201101100
201102000
201110100
201111000
201120000
201200100
201201000
201210000
201300000
202000200
202001100
202002000
202010100
202011000
202020000
202100100
202101000
202110000
202200000
203000100
203001000
203010000
203100000
204000000
210000000
210000300
210001200
210002100
210003000
210010200
210011100
210012000
210020100
210021000
210030000
210100200
210101100
210102000
210110100
210111000
210120000
210200100
210201000
210210000
210300000
211000200
211001100
211002000
211010100
211011000
211020000
211100100
211101000
211110000
211200000
212000100
212001000
212010000
212100000
213000000
220000200
220001100
220002000
220010100
220011000
220020000
220100100
220101000
220110000
220200000
221000100
221001000
221010000
221100000
222000000
230000100
230001000
230010000
230100000
231000000
240000000
300000000
300000300
300001200
300002100
300003000
300010200
300011100
300012000
300020100
300021000
300030000
300100200
300101100
300102000
300110100
300111000
300120000
300200100
300201000
300210000
300300000
301000200
301001100
301002000
301010100
301011000
301020000
301100100
301101000
301110000
301200000
302000100
302001000
302010000
302100000
303000000
310000200
310001100
310002000
310010100
310011000
310020000
310100100
310101000
310110000
310200000
311000100
311001000
311010000
311100000
312000000
320000100
320001000
320010000
320100000
321000000
330000000
400000200
400001100
400002000
400010100
400011000
400020000
400100100
400101000
400110000
400200000
401000100
401001000
401010000
401100000
402000000
410000100
410001000
410010000
410100000
411000000
420000000
