200
1100
1400
2000
2300
3200
4100
4400
10100
10400
11000
11300
12200
13100
13400
14000
14300
20000
20300
21200
22100
22400
23000
23300
24200
30200
31100
31400
32000
32300
33200
34100
40100
40400
41000
41300
42200
43100
44000
100100
100400
101000
101300
102200
103100
103400
104000
104300
110000
110300
113000
113300
120200
122000
122300
123200
130100
130400
131000
131300
132200
133100
134000
140000
140300
143000
200000
200300
201200
202100
202400
203000
203300
204200
210200
212000
212300
213200
220100
220400
221000
221300
222200
223100
224000
230000
230300
231200
232100
233000
240200
242000
300200
301100
301400
302000
302300
303200
304100
310100
310400
311000
311300
312200
313100
314000
320000
320300
321200
322100
323000
330200
331100
332000
340100
341000
400100
400400
401000
401300
402200
403100
404000
410000
410300
413000
420200
422000
430100
431000
440000
1000100
1000400
1001000
1001300
1002200
1003100
1003400
1004000
1004300
1010000
1010300
1013000
1013300
1020200
1022000
1022300
1023200
1030100
1030400
1031000
1031300
1032200
1033100
1034000
1040000
1040300
1043000
1100000
1100300
1103000
1103300
1130000
1130300
1133000
1200200
1202000
1202300
1203200
1220000
1220300
1223000
1230200
1232000
1300100
1300400
1301000
1301300
1302200
1303100
1304000
1310000
1310300
1313000
1320200
1322000
1330100
1331000
1340000
1400000
1400300
1403000
1430000
2000000
2000300
2001200
2002100
2002400
2003000
2003300
2004200
2010200
2012000
2012300
2013200
2020100
2020400
2021000
2021300
2022200
2023100
2024000
2030000
2030300
2031200
2032100
2033000
2040200
2042000
2100200
2102000
2102300
2103200
2120000
2120300
2123000
2130200
2132000
2200100
2200400
2201000
2201300
2202200
2203100
2204000
2210000
2210300
2213000
2220200
2222000
2230100
2231000
2240000
2300000
2300300
2301200
2302100
2303000
2310200
2312000
2320100
2321000
2330000
2400200
2402000
2420000
3000200
3001100
3001400
3002000
3002300
3003200
3004100
3010100
3010400
3011000
3011300
3012200
3013100
3014000
3020000
3020300
3021200
3022100
3023000
3030200
3031100
3032000
3040100
3041000
3100100
3100400
3101000
3101300
3102200
3103100
3104000
3110000
3110300
3113000
3120200
3122000
3130100
3131000
3140000
3200000
3200300
3201200
3202100
3203000
3210200
3212000
3220100
3221000
3230000
3300200
3301100
3302000
3310100
3311000
3320000
3400100
3401000
3410000
4000100
4000400
4001000
4001300
4002200
4003100
4004000
4010000
4010300
4013000
4020200
4022000
4030100
4031000
4040000
4100000
4100300
4103000
4130000
4200200
4202000
4220000
4300100
4301000
4310000
4400000
10000100
10000400
10001000
10001300
10002200
10003100
10003400
10004000
10004300
10010000
10010300
10013000
10013300
10020200
10022000
10022300
10023200
10030100
10030400
10031000
10031300
10032200
10033100
10034000
10040000
10040300
10043000
10100000
10100300
10103000
10103300
10130000
10130300
10133000
10200200
10202000
10202300
10203200
10220000
10220300
10223000
10230200
10232000
10300100
10300400
10301000
10301300
10302200
10303100
10304000
10310000
10310300
10313000
10320200
10322000
10330100
10331000
10340000
10400000
10400300
10403000
10430000
11000000
11000300
11003000
11003300
11030000
11030300
11033000
11300000
11300300
11303000
11330000
12000200
12002000
12002300
12003200
12020000
12020300
12023000
12030200
12032000
12200000
12200300
12203000
12230000
12300200
12302000
12320000
13000100
13000400
13001000
13001300
13002200
13003100
13004000
13010000
13010300
13013000
13020200
13022000
13030100
13031000
13040000
13100000
13100300
13103000
13130000
13200200
13202000
13220000
13300100
13301000
13310000
13400000
14000000
14000300
14003000
14030000
14300000
20000000
20000300
20001200
20002100
20002400
20003000
20003300
20004200
20010200
20012000
20012300
20013200
20020100
20020400
20021000
20021300
20022200
20023100
20024000
20030000
20030300
20031200
20032100
20033000
20040200
20042000
20100200
20102000
20102300
20103200
20120000
20120300
20123000
20130200
20132000
20200100
20200400
20201000
20201300
20202200
20203100
20204000
20210000
20210300
20213000
20220200
20222000
20230100
20231000
20240000
20300000
20300300
20301200
20302100
20303000
20310200
20312000
20320100
20321000
20330000
20400200
20402000
20420000
21000200
21002000
21002300
21003200
21020000
21020300
21023000
21030200
21032000
21200000
21200300
21203000
21230000
21300200
21302000
21320000
22000100
22000400
22001000
22001300
22002200
22003100
22004000
22010000
22010300
22013000
22020200
22022000
22030100
22031000
22040000
22100000
22100300
22103000
22130000
22200200
22202000
22220000
22300100
22301000
22310000
22400000
23000000
23000300
23001200
23002100
23003000
23010200
23012000
23020100
23021000
23030000
23100200
23102000
23120000
23200100
23201000
23210000
23300000
24000200
24002000
24020000
24200000
30000200
30001100
30001400
30002000
30002300
30003200
30004100
30010100
30010400
30011000
30011300
30012200
30013100
30014000
30020000
30020300
30021200
30022100
30023000
30030200
30031100
30032000
30040100
30041000
30100100
30100400
30101000
30101300
30102200
30103100
30104000
30110000
30110300
30113000
30120200
30122000
30130100
30131000
30140000
30200000
30200300
30201200
30202100
30203000
30210200
30212000
30220100
30221000
30230000
30300200
30301100
30302000
30310100
30311000
30320000
30400100
30401000
30410000
31000100
31000400
31001000
31001300
31002200
31003100
31004000
31010000
31010300
31013000
31020200
31022000
31030100
31031000
31040000
31100000
31100300
31103000
31130000
31200200
31202000
31220000
31300100
31301000
31310000
31400000
32000000
32000300
32001200
32002100
32003000
32010200
32012000
32020100
32021000
32030000
32100200
32102000
32120000
32200100
32201000
32210000
32300000
33000200
33001100
33002000
33010100
33011000
33020000
33100100
33101000
33110000
33200000
34000100
34001000
34010000
34100000
40000100
40000400
40001000
40001300
40002200
40003100
40004000
40010000
40010300
40013000
40020200
40022000
40030100
40031000
40040000
40100000
40100300
40103000
40130000
40200200
40202000
40220000
40300100
40301000
40310000
40400000
41000000
41000300
41003000
41030000
41300000
42000200
42002000
42020000
42200000
43000100
43001000
43010000
43100000
44000000
100000100
100000400
100001000
100001300
100002200
100003100
100003400
100004000
100004300
100010000
100010300
100013000
100013300
100020200
100022000
100022300
100023200
100030100
100030400
100031000
100031300
100032200
100033100
100034000
100040000
100040300
100043000
100100000
100100300
100103000
100103300
100130000
100130300
100133000
100200200
100202000
100202300
100203200
100220000
100220300
100223000
100230200
100232000
100300100
100300400
100301000
100301300
100302200
100303100
100304000
100310000
100310300
100313000
100320200
100322000
100330100
100331000
100340000
100400000
100400300
100403000
100430000
101000000
101000300
101003000
101003300
101030000
101030300
101033000
101300000
101300300
101303000
101330000
102000200
102002000
102002300
102003200
102020000
102020300
102023000
102030200
102032000
102200000
102200300
102203000
102230000
102300200
102302000
102320000
103000100
103000400
103001000
103001300
103002200
103003100
103004000
103010000
103010300
103013000
103020200
103022000
103030100
103031000
103040000
103100000
103100300
103103000
103130000
103200200
103202000
103220000
103300100
103301000
103310000
103400000
104000000
104000300
104003000
104030000
104300000
110000000
110000300
110003000
110003300
110030000
110030300
110033000
110300000
110300300
110303000
110330000
113000000
113000300
113003000
113030000
113300000
120000200
120002000
120002300
120003200
120020000
120020300
120023000
120030200
120032000
120200000
120200300
120203000
120230000
120300200
120302000
120320000
122000000
122000300
122003000
122030000
122300000
123000200
123002000
123020000
123200000
130000100
130000400
130001000
130001300
130002200
130003100
130004000
130010000
130010300
130013000
130020200
130022000
130030100
130031000
130040000
130100000
130100300
130103000
130130000
130200200
130202000
130220000
130300100
130301000
130310000
130400000
131000000
131000300
131003000
131030000
131300000
132000200
132002000
132020000
132200000
133000100
133001000
133010000
133100000
134000000
140000000
140000300
140003000
140030000
140300000
143000000
200000000
200000300
200001200
200002100
200002400
200003000
200003300
200004200
200010200
200012000
200012300
200013200
200020100
200020400
200021000
200021300
200022200
200023100
200024000
200030000
200030300
200031200
200032100
200033000
200040200
200042000
200100200
200102000
200102300
200103200
200120000
200120300
200123000
200130200
200132000
200200100
200200400
200201000
200201300
200202200
200203100
200204000
200210000
200210300
200213000
200220200
200222000
200230100
200231000
200240000
200300000
200300300
200301200
200302100
200303000
200310200
200312000
200320100
200321000
200330000
200400200
200402000
200420000
201000200
201002000
201002300
201003200
201020000
201020300
201023000
201030200
201032000
201200000
201200300
201203000
201230000
201300200
201302000
201320000
202000100
202000400
202001000
202001300
202002200
202003100
202004000
202010000
202010300
202013000
202020200
202022000
202030100
202031000
202040000
202100000
202100300
202103000
202130000
202200200
202202000
202220000
202300100
202301000
202310000
202400000
203000000
203000300
203001200
203002100
203003000
203010200
203012000
203020100
203021000
203030000
203100200
203102000
203120000
203200100
203201000
203210000
203300000
204000200
204002000
204020000
204200000
210000200
210002000
210002300
210003200
210020000
210020300
210023000
210030200
210032000
210200000
210200300
210203000
210230000
210300200
210302000
210320000
212000000
212000300
212003000
212030000
212300000
213000200
213002000
213020000
213200000
220000100
220000400
220001000
220001300
220002200
220003100
220004000
220010000
220010300
220013000
220020200
220022000
220030100
220031000
220040000
220100000
220100300
220103000
220130000
220200200
220202000
220220000
220300100
220301000
220310000
220400000
221000000
221000300
221003000
221030000
221300000
222000200
222002000
222020000
222200000
223000100
223001000
223010000
223100000
224000000
230000000
230000300
230001200
230002100
230003000
230010200
230012000
230020100
230021000
230030000
230100200
230102000
230120000
230200100
230201000
230210000
230300000
231000200
231002000
231020000
231200000
232000100
232001000
232010000
232100000
233000000
240000200
240002000
240020000
240200000
242000000
300000200
300001100
300001400
300002000
300002300
300003200
300004100
300010100
300010400
300011000
300011300
300012200
300013100
300014000
300020000
300020300
300021200
300022100
300023000
300030200
300031100
300032000
300040100
300041000
300100100
300100400
300101000
300101300
300102200
300103100
300104000
300110000
300110300
300113000
300120200
300122000
300130100
300131000
300140000
300200000
300200300
300201200
300202100
300203000
300210200
300212000
300220100
300221000
300230000
300300200
300301100
300302000
300310100
300311000
300320000
300400100
300401000
300410000
301000100
301000400
301001000
301001300
301002200
301003100
301004000
301010000
301010300
301013000
301020200
301022000
301030100
301031000
301040000
301100000
301100300
301103000
301130000
301200200
301202000
301220000
301300100
301301000
301310000
301400000
302000000
302000300
302001200
302002100
302003000
302010200
302012000
302020100
302021000
302030000
302100200
302102000
302120000
302200100
302201000
302210000
302300000
303000200
303001100
303002000
303010100
303011000
303020000
303100100
303101000
303110000
303200000
304000100
304001000
304010000
304100000
310000100
310000400
310001000
310001300
310002200
310003100
310004000
310010000
310010300
310013000
310020200
310022000
310030100
310031000
310040000
310100000
310100300
310103000
310130000
310200200
310202000
310220000
310300100
310301000
310310000
310400000
311000000
311000300
311003000
311030000
311300000
312000200
312002000
312020000
312200000
313000100
313001000
313010000
313100000
314000000
320000000
320000300
320001200
320002100
320003000
320010200
320012000
320020100
320021000
320030000
320100200
320102000
320120000
320200100
320201000
320210000
320300000
321000200
321002000
321020000
321200000
322000100
322001000
322010000
322100000
323000000
330000200
330001100
330002000
330010100
330011000
330020000
330100100
330101000
330110000
330200000
331000100
331001000
331010000
331100000
332000000
340000100
340001000
340010000
340100000
341000000
400000100
400000400
400001000
400001300
400002200
400003100
400004000
400010000
400010300
400013000
400020200
400022000
400030100
400031000
400040000
400100000
400100300
400103000
400130000
400200200
400202000
400220000
400300100
400301000
400310000
400400000
401000000
401000300
401003000
401030000
401300000
402000200
402002000
402020000
402200000
403000100
403001000
403010000
403100000
404000000
410000000
410000300
410003000
410030000
410300000
413000000
420000200
420002000
420020000
420200000
422000000
430000100
430001000
430010000
430100000
431000000
440000000
