2300
3200
20300
23000
23300
30200
32000
32300
33200
200300
203000
203300
230000
230300
233000
233300
300200
302000
302300
303200
320000
320300
323000
323300
330200
332000
332300
333200
2000300
2003000
2003300
2030000
2030300
2033000
2033300
2300000
2300300
2303000
2303300
2330000
2330300
2333000
2333300
3000200
3002000
3002300
3003200
3020000
3020300
3023000
3023300
3030200
3032000
3032300
3033200
3200000
3200300
3203000
3203300
3230000
3230300
3233000
3233300
3300200
3302000
3302300
3303200
3320000
3320300
3323000
3323300
3330200
3332000
3332300
3333200
20000300
20003000
20003300
20030000
20030300
20033000
20033300
20300000
20300300
20303000
20303300
20330000
20330300
20333000
20333300
23000000
23000300
23003000
23003300
23030000
23030300
23033000
23033300
23300000
23300300
23303000
23303300
23330000
23330300
23333000
30000200
30002000
30002300
30003200
30020000
30020300
30023000
30023300
30030200
30032000
30032300
30033200
30200000
30200300
30203000
30203300
30230000
30230300
30233000
30233300
30300200
30302000
30302300
30303200
30320000
30320300
30323000
30323300
30330200
30332000
30332300
30333200
32000000
32000300
32003000
32003300
32030000
32030300
32033000
32033300
32300000
32300300
32303000
32303300
32330000
32330300
32333000
33000200
33002000
33002300
33003200
33020000
33020300
33023000
33023300
33030200
33032000
33032300
33033200
33200000
33200300
33203000
33203300
33230000
33230300
33233000
33300200
33302000
33302300
33303200
33320000
33320300
33323000
33330200
33332000
200000300
200003000
200003300
200030000
200030300
200033000
200033300
200300000
200300300
200303000
200303300
200330000
200330300
200333000
200333300
203000000
203000300
203003000
203003300
203030000
203030300
203033000
203033300
203300000
203300300
203303000
203303300
203330000
203330300
203333000
230000000
230000300
230003000
230003300
230030000
230030300
230033000
230033300
230300000
230300300
230303000
230303300
230330000
230330300
230333000
233000000
233000300
233003000
233003300
233030000
233030300
233033000
233300000
233300300
233303000
233330000
300000200
300002000
300002300
300003200
300020000
300020300
300023000
300023300
300030200
300032000
300032300
300033200
300200000
300200300
300203000
300203300
300230000
300230300
300233000
300233300
300300200
300302000
300302300
300303200
300320000
300320300
300323000
300323300
300330200
300332000
300332300
300333200
302000000
302000300
302003000
302003300
302030000
302030300
302033000
302033300
302300000
302300300
302303000
302303300
302330000
302330300
302333000
303000200
303002000
303002300
303003200
303020000
303020300
303023000
303023300
303030200
303032000
303032300
303033200
303200000
303200300
303203000
303203300
303230000
303230300
303233000
303300200
303302000
303302300
303303200
303320000
303320300
303323000
303330200
303332000
320000000
320000300
320003000
320003300
320030000
320030300
320033000
320033300
320300000
320300300
320303000
320303300
320330000
320330300
320333000
323000000
323000300
323003000
323003300
323030000
323030300
323033000
323300000
323300300
323303000
323330000
330000200
330002000
330002300
330003200
330020000
330020300
330023000
330023300
330030200
330032000
330032300
330033200
330200000
330200300
330203000
330203300
330230000
330230300
330233000
330300200
330302000
330302300
330303200
330320000
330320300
330323000
330330200
330332000
332000000
332000300
332003000
332003300
332030000
332030300
332033000
332300000
332300300
332303000
332330000
333000200
333002000
333002300
333003200
333020000
333020300
333023000
333030200
333032000
333200000
333200300
333203000
333230000
333300200
333302000
333320000
