300
1200
2100
2400
3000
3300
4200
10200
12000
12300
13200
20100
20400
21000
21300
22200
23100
23400
24000
24300
30000
30300
31200
32100
32400
33000
33300
34200
40200
42000
42300
43200
100200
102000
102300
103200
120000
120300
123000
123300
130200
132000
132300
133200
200100
200400
201000
201300
202200
203100
203400
204000
204300
210000
210300
213000
213300
220200
222000
222300
223200
230100
230400
231000
231300
232200
233100
233400
234000
234300
240000
240300
243000
243300
300000
300300
301200
302100
302400
303000
303300
304200
310200
312000
312300
313200
320100
320400
321000
321300
322200
323100
323400
324000
324300
330000
330300
331200
332100
332400
333000
333300
334200
340200
342000
342300
343200
400200
402000
402300
403200
420000
420300
423000
423300
430200
432000
432300
433200
1000200
1002000
1002300
1003200
1020000
1020300
1023000
1023300
1030200
1032000
1032300
1033200
1200000
1200300
1203000
1203300
1230000
1230300
1233000
1233300
1300200
1302000
1302300
1303200
1320000
1320300
1323000
1323300
1330200
1332000
1332300
1333200
2000100
2000400
2001000
2001300
2002200
2003100
2003400
2004000
2004300
2010000
2010300
2013000
2013300
2020200
2022000
2022300
2023200
2030100
2030400
2031000
2031300
2032200
2033100
2033400
2034000
2034300
2040000
2040300
2043000
2043300
2100000
2100300
2103000
2103300
2130000
2130300
2133000
2133300
2200200
2202000
2202300
2203200
2220000
2220300
2223000
2223300
2230200
2232000
2232300
2233200
2300100
2300400
2301000
2301300
2302200
2303100
2303400
2304000
2304300
2310000
2310300
2313000
2313300
2320200
2322000
2322300
2323200
2330100
2330400
2331000
2331300
2332200
2333100
2334000
2340000
2340300
2343000
2400000
2400300
2403000
2403300
2430000
2430300
2433000
3000000
3000300
3001200
3002100
3002400
3003000
3003300
3004200
3010200
3012000
3012300
3013200
3020100
3020400
3021000
3021300
3022200
3023100
3023400
3024000
3024300
3030000
3030300
3031200
3032100
3032400
3033000
3033300
3034200
3040200
3042000
3042300
3043200
3100200
3102000
3102300
3103200
3120000
3120300
3123000
3123300
3130200
3132000
3132300
3133200
3200100
3200400
3201000
3201300
3202200
3203100
3203400
3204000
3204300
3210000
3210300
3213000
3213300
3220200
3222000
3222300
3223200
3230100
3230400
3231000
3231300
3232200
3233100
3234000
3240000
3240300
3243000
3300000
3300300
3301200
3302100
3302400
3303000
3303300
3304200
3310200
3312000
3312300
3313200
3320100
3320400
3321000
3321300
3322200
3323100
3324000
3330000
3330300
3331200
3332100
3333000
3340200
3342000
3400200
3402000
3402300
3403200
3420000
3420300
3423000
3430200
3432000
4000200
4002000
4002300
4003200
4020000
4020300
4023000
4023300
4030200
4032000
4032300
4033200
4200000
4200300
4203000
4203300
4230000
4230300
4233000
4300200
4302000
4302300
4303200
4320000
4320300
4323000
4330200
4332000
10000200
10002000
10002300
10003200
10020000
10020300
10023000
10023300
10030200
10032000
10032300
10033200
10200000
10200300
10203000
10203300
10230000
10230300
10233000
10233300
10300200
10302000
10302300
10303200
10320000
10320300
10323000
10323300
10330200
10332000
10332300
10333200
12000000
12000300
12003000
12003300
12030000
12030300
12033000
12033300
12300000
12300300
12303000
12303300
12330000
12330300
12333000
13000200
13002000
13002300
13003200
13020000
13020300
13023000
13023300
13030200
13032000
13032300
13033200
13200000
13200300
13203000
13203300
13230000
13230300
13233000
13300200
13302000
13302300
13303200
13320000
13320300
13323000
13330200
13332000
20000100
20000400
20001000
20001300
20002200
20003100
20003400
20004000
20004300
20010000
20010300
20013000
20013300
20020200
20022000
20022300
20023200
20030100
20030400
20031000
20031300
20032200
20033100
20033400
20034000
20034300
20040000
20040300
20043000
20043300
20100000
20100300
20103000
20103300
20130000
20130300
20133000
20133300
20200200
20202000
20202300
20203200
20220000
20220300
20223000
20223300
20230200
20232000
20232300
20233200
20300100
20300400
20301000
20301300
20302200
20303100
20303400
20304000
20304300
20310000
20310300
20313000
20313300
20320200
20322000
20322300
20323200
20330100
20330400
20331000
20331300
20332200
20333100
20334000
20340000
20340300
20343000
20400000
20400300
20403000
20403300
20430000
20430300
20433000
21000000
21000300
21003000
21003300
21030000
21030300
21033000
21033300
21300000
21300300
21303000
21303300
21330000
21330300
21333000
22000200
22002000
22002300
22003200
22020000
22020300
22023000
22023300
22030200
22032000
22032300
22033200
22200000
22200300
22203000
22203300
22230000
22230300
22233000
22300200
22302000
22302300
22303200
22320000
22320300
22323000
22330200
22332000
23000100
23000400
23001000
23001300
23002200
23003100
23003400
23004000
23004300
23010000
23010300
23013000
23013300
23020200
23022000
23022300
23023200
23030100
23030400
23031000
23031300
23032200
23033100
23034000
23040000
23040300
23043000
23100000
23100300
23103000
23103300
23130000
23130300
23133000
23200200
23202000
23202300
23203200
23220000
23220300
23223000
23230200
23232000
23300100
23300400
23301000
23301300
23302200
23303100
23304000
23310000
23310300
23313000
23320200
23322000
23330100
23331000
23340000
23400000
23400300
23403000
23430000
24000000
24000300
24003000
24003300
24030000
24030300
24033000
24300000
24300300
24303000
24330000
30000000
30000300
30001200
30002100
30002400
30003000
30003300
30004200
30010200
30012000
30012300
30013200
30020100
30020400
30021000
30021300
30022200
30023100
30023400
30024000
30024300
30030000
30030300
30031200
30032100
30032400
30033000
30033300
30034200
30040200
30042000
30042300
30043200
30100200
30102000
30102300
30103200
30120000
30120300
30123000
30123300
30130200
30132000
30132300
30133200
30200100
30200400
30201000
30201300
30202200
30203100
30203400
30204000
30204300
30210000
30210300
30213000
30213300
30220200
30222000
30222300
30223200
30230100
30230400
30231000
30231300
30232200
30233100
30234000
30240000
30240300
30243000
30300000
30300300
30301200
30302100
30302400
30303000
30303300
30304200
30310200
30312000
30312300
30313200
30320100
30320400
30321000
30321300
30322200
30323100
30324000
30330000
30330300
30331200
30332100
30333000
30340200
30342000
30400200
30402000
30402300
30403200
30420000
30420300
30423000
30430200
30432000
31000200
31002000
31002300
31003200
31020000
31020300
31023000
31023300
31030200
31032000
31032300
31033200
31200000
31200300
31203000
31203300
31230000
31230300
31233000
31300200
31302000
31302300
31303200
31320000
31320300
31323000
31330200
31332000
32000100
32000400
32001000
32001300
32002200
32003100
32003400
32004000
32004300
32010000
32010300
32013000
32013300
32020200
32022000
32022300
32023200
32030100
32030400
32031000
32031300
32032200
32033100
32034000
32040000
32040300
32043000
32100000
32100300
32103000
32103300
32130000
32130300
32133000
32200200
32202000
32202300
32203200
32220000
32220300
32223000
32230200
32232000
32300100
32300400
32301000
32301300
32302200
32303100
32304000
32310000
32310300
32313000
32320200
32322000
32330100
32331000
32340000
32400000
32400300
32403000
32430000
33000000
33000300
33001200
33002100
33002400
33003000
33003300
33004200
33010200
33012000
33012300
33013200
33020100
33020400
33021000
33021300
33022200
33023100
33024000
33030000
33030300
33031200
33032100
33033000
33040200
33042000
33100200
33102000
33102300
33103200
33120000
33120300
33123000
33130200
33132000
33200100
33200400
33201000
33201300
33202200
33203100
33204000
33210000
33210300
33213000
33220200
33222000
33230100
33231000
33240000
33300000
33300300
33301200
33302100
33303000
33310200
33312000
33320100
33321000
33330000
33400200
33402000
33420000
34000200
34002000
34002300
34003200
34020000
34020300
34023000
34030200
34032000
34200000
34200300
34203000
34230000
34300200
34302000
34320000
40000200
40002000
40002300
40003200
40020000
40020300
40023000
40023300
40030200
40032000
40032300
40033200
40200000
40200300
40203000
40203300
40230000
40230300
40233000
40300200
40302000
40302300
40303200
40320000
40320300
40323000
40330200
40332000
42000000
42000300
42003000
42003300
42030000
42030300
42033000
42300000
42300300
42303000
42330000
43000200
43002000
43002300
43003200
43020000
43020300
43023000
43030200
43032000
43200000
43200300
43203000
43230000
43300200
43302000
43320000
100000200
100002000
100002300
100003200
100020000
100020300
100023000
100023300
100030200
100032000
100032300
100033200
100200000
100200300
100203000
100203300
100230000
100230300
100233000
100233300
100300200
100302000
100302300
100303200
100320000
100320300
100323000
100323300
100330200
100332000
100332300
100333200
102000000
102000300
102003000
102003300
102030000
102030300
102033000
102033300
102300000
102300300
102303000
102303300
102330000
102330300
102333000
103000200
103002000
103002300
103003200
103020000
103020300
103023000
103023300
103030200
103032000
103032300
103033200
103200000
103200300
103203000
103203300
103230000
103230300
103233000
103300200
103302000
103302300
103303200
103320000
103320300
103323000
103330200
103332000
120000000
120000300
120003000
120003300
120030000
120030300
120033000
120033300
120300000
120300300
120303000
120303300
120330000
120330300
120333000
123000000
123000300
123003000
123003300
123030000
123030300
123033000
123300000
123300300
123303000
123330000
130000200
130002000
130002300
130003200
130020000
130020300
130023000
130023300
130030200
130032000
130032300
130033200
130200000
130200300
130203000
130203300
130230000
130230300
130233000
130300200
130302000
130302300
130303200
130320000
130320300
130323000
130330200
130332000
132000000
132000300
132003000
132003300
132030000
132030300
132033000
132300000
132300300
132303000
132330000
133000200
133002000
133002300
133003200
133020000
133020300
133023000
133030200
133032000
133200000
133200300
133203000
133230000
133300200
133302000
133320000
200000100
200000400
200001000
200001300
200002200
200003100
200003400
200004000
200004300
200010000
200010300
200013000
200013300
200020200
200022000
200022300
200023200
200030100
200030400
200031000
200031300
200032200
200033100
200033400
200034000
200034300
200040000
200040300
200043000
200043300
200100000
200100300
200103000
200103300
200130000
200130300
200133000
200133300
200200200
200202000
200202300
200203200
200220000
200220300
200223000
200223300
200230200
200232000
200232300
200233200
200300100
200300400
200301000
200301300
200302200
200303100
200303400
200304000
200304300
200310000
200310300
200313000
200313300
200320200
200322000
200322300
200323200
200330100
200330400
200331000
200331300
200332200
200333100
200334000
200340000
200340300
200343000
200400000
200400300
200403000
200403300
200430000
200430300
200433000
201000000
201000300
201003000
201003300
201030000
201030300
201033000
201033300
201300000
201300300
201303000
201303300
201330000
201330300
201333000
202000200
202002000
202002300
202003200
202020000
202020300
202023000
202023300
202030200
202032000
202032300
202033200
202200000
202200300
202203000
202203300
202230000
202230300
202233000
202300200
202302000
202302300
202303200
202320000
202320300
202323000
202330200
202332000
203000100
203000400
203001000
203001300
203002200
203003100
203003400
203004000
203004300
203010000
203010300
203013000
203013300
203020200
203022000
203022300
203023200
203030100
203030400
203031000
203031300
203032200
203033100
203034000
203040000
203040300
203043000
203100000
203100300
203103000
203103300
203130000
203130300
203133000
203200200
203202000
203202300
203203200
203220000
203220300
203223000
203230200
203232000
203300100
203300400
203301000
203301300
203302200
203303100
203304000
203310000
203310300
203313000
203320200
203322000
203330100
203331000
203340000
203400000
203400300
203403000
203430000
204000000
204000300
204003000
204003300
204030000
204030300
204033000
204300000
204300300
204303000
204330000
210000000
210000300
210003000
210003300
210030000
210030300
210033000
210033300
210300000
210300300
210303000
210303300
210330000
210330300
210333000
213000000
213000300
213003000
213003300
213030000
213030300
213033000
213300000
213300300
213303000
213330000
220000200
220002000
220002300
220003200
220020000
220020300
220023000
220023300
220030200
220032000
220032300
220033200
220200000
220200300
220203000
220203300
220230000
220230300
220233000
220300200
220302000
220302300
220303200
220320000
220320300
220323000
220330200
220332000
222000000
222000300
222003000
222003300
222030000
222030300
222033000
222300000
222300300
222303000
222330000
223000200
223002000
223002300
223003200
223020000
223020300
223023000
223030200
223032000
223200000
223200300
223203000
223230000
223300200
223302000
223320000
230000100
230000400
230001000
230001300
230002200
230003100
230003400
230004000
230004300
230010000
230010300
230013000
230013300
230020200
230022000
230022300
230023200
230030100
230030400
230031000
230031300
230032200
230033100
230034000
230040000
230040300
230043000
230100000
230100300
230103000
230103300
230130000
230130300
230133000
230200200
230202000
230202300
230203200
230220000
230220300
230223000
230230200
230232000
230300100
230300400
230301000
230301300
230302200
230303100
230304000
230310000
230310300
230313000
230320200
230322000
230330100
230331000
230340000
230400000
230400300
230403000
230430000
231000000
231000300
231003000
231003300
231030000
231030300
231033000
231300000
231300300
231303000
231330000
232000200
232002000
232002300
232003200
232020000
232020300
232023000
232030200
232032000
232200000
232200300
232203000
232230000
232300200
232302000
232320000
233000100
233000400
233001000
233001300
233002200
233003100
233004000
233010000
233010300
233013000
233020200
233022000
233030100
233031000
233040000
233100000
233100300
233103000
233130000
233200200
233202000
233220000
233300100
233301000
233310000
233400000
234000000
234000300
234003000
234030000
234300000
240000000
240000300
240003000
240003300
240030000
240030300
240033000
240300000
240300300
240303000
240330000
243000000
243000300
243003000
243030000
243300000
300000000
300000300
300001200
300002100
300002400
300003000
300003300
300004200
300010200
300012000
300012300
300013200
300020100
300020400
300021000
300021300
300022200
300023100
300023400
300024000
300024300
300030000
300030300
300031200
300032100
300032400
300033000
300033300
300034200
300040200
300042000
300042300
300043200
300100200
300102000
300102300
300103200
300120000
300120300
300123000
300123300
300130200
300132000
300132300
300133200
300200100
300200400
300201000
300201300
300202200
300203100
300203400
300204000
300204300
300210000
300210300
300213000
300213300
300220200
300222000
300222300
300223200
300230100
300230400
300231000
300231300
300232200
300233100
300234000
300240000
300240300
300243000
300300000
300300300
300301200
300302100
300302400
300303000
300303300
300304200
300310200
300312000
300312300
300313200
300320100
300320400
300321000
300321300
300322200
300323100
300324000
300330000
300330300
300331200
300332100
300333000
300340200
300342000
300400200
300402000
300402300
300403200
300420000
300420300
300423000
300430200
300432000
301000200
301002000
301002300
301003200
301020000
301020300
301023000
301023300
301030200
301032000
301032300
301033200
301200000
301200300
301203000
301203300
301230000
301230300
301233000
301300200
301302000
301302300
301303200
301320000
301320300
301323000
301330200
301332000
302000100
302000400
302001000
302001300
302002200
302003100
302003400
302004000
302004300
302010000
302010300
302013000
302013300
302020200
302022000
302022300
302023200
302030100
302030400
302031000
302031300
302032200
302033100
302034000
302040000
302040300
302043000
302100000
302100300
302103000
302103300
302130000
302130300
302133000
302200200
302202000
302202300
302203200
302220000
302220300
302223000
302230200
302232000
302300100
302300400
302301000
302301300
302302200
302303100
302304000
302310000
302310300
302313000
302320200
302322000
302330100
302331000
302340000
302400000
302400300
302403000
302430000
303000000
303000300
303001200
303002100
303002400
303003000
303003300
303004200
303010200
303012000
303012300
303013200
303020100
303020400
303021000
303021300
303022200
303023100
303024000
303030000
303030300
303031200
303032100
303033000
303040200
303042000
303100200
303102000
303102300
303103200
303120000
303120300
303123000
303130200
303132000
303200100
303200400
303201000
303201300
303202200
303203100
303204000
303210000
303210300
303213000
303220200
303222000
303230100
303231000
303240000
303300000
303300300
303301200
303302100
303303000
303310200
303312000
303320100
303321000
303330000
303400200
303402000
303420000
304000200
304002000
304002300
304003200
304020000
304020300
304023000
304030200
304032000
304200000
304200300
304203000
304230000
304300200
304302000
304320000
310000200
310002000
310002300
310003200
310020000
310020300
310023000
310023300
310030200
310032000
310032300
310033200
310200000
310200300
310203000
310203300
310230000
310230300
310233000
310300200
310302000
310302300
310303200
310320000
310320300
310323000
310330200
310332000
312000000
312000300
312003000
312003300
312030000
312030300
312033000
312300000
312300300
312303000
312330000
313000200
313002000
313002300
313003200
313020000
313020300
313023000
313030200
313032000
313200000
313200300
313203000
313230000
313300200
313302000
313320000
320000100
320000400
320001000
320001300
320002200
320003100
320003400
320004000
320004300
320010000
320010300
320013000
320013300
320020200
320022000
320022300
320023200
320030100
320030400
320031000
320031300
320032200
320033100
320034000
320040000
320040300
320043000
320100000
320100300
320103000
320103300
320130000
320130300
320133000
320200200
320202000
320202300
320203200
320220000
320220300
320223000
320230200
320232000
320300100
320300400
320301000
320301300
320302200
320303100
320304000
320310000
320310300
320313000
320320200
320322000
320330100
320331000
320340000
320400000
320400300
320403000
320430000
321000000
321000300
321003000
321003300
321030000
321030300
321033000
321300000
321300300
321303000
321330000
322000200
322002000
322002300
322003200
322020000
322020300
322023000
322030200
322032000
322200000
322200300
322203000
322230000
322300200
322302000
322320000
323000100
323000400
323001000
323001300
323002200
323003100
323004000
323010000
323010300
323013000
323020200
323022000
323030100
323031000
323040000
323100000
323100300
323103000
323130000
323200200
323202000
323220000
323300100
323301000
323310000
323400000
324000000
324000300
324003000
324030000
324300000
330000000
330000300
330001200
330002100
330002400
330003000
330003300
330004200
330010200
330012000
330012300
330013200
330020100
330020400
330021000
330021300
330022200
330023100
330024000
330030000
330030300
330031200
330032100
330033000
330040200
330042000
330100200
330102000
330102300
330103200
330120000
330120300
330123000
330130200
330132000
330200100
330200400
330201000
330201300
330202200
330203100
330204000
330210000
330210300
330213000
330220200
330222000
330230100
330231000
330240000
330300000
330300300
330301200
330302100
330303000
330310200
330312000
330320100
330321000
330330000
330400200
330402000
330420000
331000200
331002000
331002300
331003200
331020000
331020300
331023000
331030200
331032000
331200000
331200300
331203000
331230000
331300200
331302000
331320000
332000100
332000400
332001000
332001300
332002200
332003100
332004000
332010000
332010300
332013000
332020200
332022000
332030100
332031000
332040000
332100000
332100300
332103000
332130000
332200200
332202000
332220000
332300100
332301000
332310000
332400000
333000000
333000300
333001200
333002100
333003000
333010200
333012000
333020100
333021000
333030000
333100200
333102000
333120000
333200100
333201000
333210000
333300000
334000200
334002000
334020000
334200000
340000200
340002000
340002300
340003200
340020000
340020300
340023000
340030200
340032000
340200000
340200300
340203000
340230000
340300200
340302000
340320000
342000000
342000300
342003000
342030000
342300000
343000200
343002000
343020000
343200000
400000200
400002000
400002300
400003200
400020000
400020300
400023000
400023300
400030200
400032000
400032300
400033200
400200000
400200300
400203000
400203300
400230000
400230300
400233000
400300200
400302000
400302300
400303200
400320000
400320300
400323000
400330200
400332000
402000000
402000300
402003000
402003300
402030000
402030300
402033000
402300000
402300300
402303000
402330000
403000200
403002000
403002300
403003200
403020000
403020300
403023000
403030200
403032000
403200000
403200300
403203000
403230000
403300200
403302000
403320000
420000000
420000300
420003000
420003300
420030000
420030300
420033000
420300000
420300300
420303000
420330000
423000000
423000300
423003000
423030000
423300000
430000200
430002000
430002300
430003200
430020000
430020300
430023000
430030200
430032000
430200000
430200300
430203000
430230000
430300200
430302000
430320000
432000000
432000300
432003000
432030000
432300000
433000200
433002000
433020000
433200000
