300
1200
2100
2400
3000
3300
4200
10200
12000
12300
13200
20100
20400
21000
21300
22200
23100
23400
24000
24300
30000
30300
31200
32100
32400
33000
33300
34200
40200
42000
42300
43200
100200
102000
102300
103200
120000
120300
123000
123300
130200
132000
132300
133200
200100
200400
201000
201300
202200
203100
203400
204000
204300
210000
210300
213000
213300
220200
222000
222300
223200
230100
230400
231000
231300
232200
233100
234000
240000
240300
243000
300000
300300
301200
302100
302400
303000
303300
304200
310200
312000
312300
313200
320100
320400
321000
321300
322200
323100
324000
330000
330300
331200
332100
333000
340200
342000
400200
402000
402300
403200
420000
420300
423000
430200
432000
1000200
1002000
1002300
1003200
1020000
1020300
1023000
1023300
1030200
1032000
1032300
1033200
1200000
1200300
1203000
1203300
1230000
1230300
1233000
1300200
1302000
1302300
1303200
1320000
1320300
1323000
1330200
1332000
2000100
2000400
2001000
2001300
2002200
2003100
2003400
2004000
2004300
2010000
2010300
2013000
2013300
2020200
2022000
2022300
2023200
2030100
2030400
2031000
2031300
2032200
2033100
2034000
2040000
2040300
2043000
2100000
2100300
2103000
2103300
2130000
2130300
2133000
2200200
2202000
2202300
2203200
2220000
2220300
2223000
2230200
2232000
2300100
2300400
2301000
2301300
2302200
2303100
2304000
2310000
2310300
2313000
2320200
2322000
2330100
2331000
2340000
2400000
2400300
2403000
2430000
3000000
3000300
3001200
3002100
3002400
3003000
3003300
3004200
3010200
3012000
3012300
3013200
3020100
3020400
3021000
3021300
3022200
3023100
3024000
3030000
3030300
3031200
3032100
3033000
3040200
3042000
3100200
3102000
3102300
3103200
3120000
3120300
3123000
3130200
3132000
3200100
3200400
3201000
3201300
3202200
3203100
3204000
3210000
3210300
3213000
3220200
3222000
3230100
3231000
3240000
3300000
3300300
3301200
3302100
3303000
3310200
3312000
3320100
3321000
3330000
3400200
3402000
3420000
4000200
4002000
4002300
4003200
4020000
4020300
4023000
4030200
4032000
4200000
4200300
4203000
4230000
4300200
4302000
4320000
10000200
10002000
10002300
10003200
10020000
10020300
10023000
10023300
10030200
10032000
10032300
10033200
10200000
10200300
10203000
10203300
10230000
10230300
10233000
10300200
10302000
10302300
10303200
10320000
10320300
10323000
10330200
10332000
12000000
12000300
12003000
12003300
12030000
12030300
12033000
12300000
12300300
12303000
12330000
13000200
13002000
13002300
13003200
13020000
13020300
13023000
13030200
13032000
13200000
13200300
13203000
13230000
13300200
13302000
13320000
20000100
20000400
20001000
20001300
20002200
20003100
20003400
20004000
20004300
20010000
20010300
20013000
20013300
20020200
20022000
20022300
20023200
20030100
20030400
20031000
20031300
20032200
20033100
20034000
20040000
20040300
20043000
20100000
20100300
20103000
20103300
20130000
20130300
20133000
20200200
20202000
20202300
20203200
20220000
20220300
20223000
20230200
20232000
20300100
20300400
20301000
20301300
20302200
20303100
20304000
20310000
20310300
20313000
20320200
20322000
20330100
20331000
20340000
20400000
20400300
20403000
20430000
21000000
21000300
21003000
21003300
21030000
21030300
21033000
21300000
21300300
21303000
21330000
22000200
22002000
22002300
22003200
22020000
22020300
22023000
22030200
22032000
22200000
22200300
22203000
22230000
22300200
22302000
22320000
23000100
23000400
23001000
23001300
23002200
23003100
23004000
23010000
23010300
23013000
23020200
23022000
23030100
23031000
23040000
23100000
23100300
23103000
23130000
23200200
23202000
23220000
23300100
23301000
23310000
23400000
24000000
24000300
24003000
24030000
24300000
30000000
30000300
30001200
30002100
30002400
30003000
30003300
30004200
30010200
30012000
30012300
30013200
30020100
30020400
30021000
30021300
30022200
30023100
30024000
30030000
30030300
30031200
30032100
30033000
30040200
30042000
30100200
30102000
30102300
30103200
30120000
30120300
30123000
30130200
30132000
30200100
30200400
30201000
30201300
30202200
30203100
30204000
30210000
30210300
30213000
30220200
30222000
30230100
30231000
30240000
30300000
30300300
30301200
30302100
30303000
30310200
30312000
30320100
30321000
30330000
30400200
30402000
30420000
31000200
31002000
31002300
31003200
31020000
31020300
31023000
31030200
31032000
31200000
31200300
31203000
31230000
31300200
31302000
31320000
32000100
32000400
32001000
32001300
32002200
32003100
32004000
32010000
32010300
32013000
32020200
32022000
32030100
32031000
32040000
32100000
32100300
32103000
32130000
32200200
32202000
32220000
32300100
32301000
32310000
32400000
33000000
33000300
33001200
33002100
33003000
33010200
33012000
33020100
33021000
33030000
33100200
33102000
33120000
33200100
33201000
33210000
33300000
34000200
34002000
34020000
34200000
40000200
40002000
40002300
40003200
40020000
40020300
40023000
40030200
40032000
40200000
40200300
40203000
40230000
40300200
40302000
40320000
42000000
42000300
42003000
42030000
42300000
43000200
43002000
43020000
43200000
100000200
100002000
100002300
100003200
100020000
100020300
100023000
100023300
100030200
100032000
100032300
100033200
100200000
100200300
100203000
100203300
100230000
100230300
100233000
100300200
100302000
100302300
100303200
100320000
100320300
100323000
100330200
100332000
102000000
102000300
102003000
102003300
102030000
102030300
102033000
102300000
102300300
102303000
102330000
103000200
103002000
103002300
103003200
103020000
103020300
103023000
103030200
103032000
103200000
103200300
103203000
103230000
103300200
103302000
103320000
120000000
120000300
120003000
120003300
120030000
120030300
120033000
120300000
120300300
120303000
120330000
123000000
123000300
123003000
123030000
123300000
130000200
130002000
130002300
130003200
130020000
130020300
130023000
130030200
130032000
130200000
130200300
130203000
130230000
130300200
130302000
130320000
132000000
132000300
132003000
132030000
132300000
133000200
133002000
133020000
133200000
200000100
200000400
200001000
200001300
200002200
200003100
200003400
200004000
200004300
200010000
200010300
200013000
200013300
200020200
200022000
200022300
200023200
200030100
200030400
200031000
200031300
200032200
200033100
200034000
200040000
200040300
200043000
200100000
200100300
200103000
200103300
200130000
200130300
200133000
200200200
200202000
200202300
200203200
200220000
200220300
200223000
200230200
200232000
200300100
200300400
200301000
200301300
200302200
200303100
200304000
200310000
200310300
200313000
200320200
200322000
200330100
200331000
200340000
200400000
200400300
200403000
200430000
201000000
201000300
201003000
201003300
201030000
201030300
201033000
201300000
201300300
201303000
201330000
202000200
202002000
202002300
202003200
202020000
202020300
202023000
202030200
202032000
202200000
202200300
202203000
202230000
202300200
202302000
202320000
203000100
203000400
203001000
203001300
203002200
203003100
203004000
203010000
203010300
203013000
203020200
203022000
203030100
203031000
203040000
203100000
203100300
203103000
203130000
203200200
203202000
203220000
203300100
203301000
203310000
203400000
204000000
204000300
204003000
204030000
204300000
210000000
210000300
210003000
210003300
210030000
210030300
210033000
210300000
210300300
210303000
210330000
213000000
213000300
213003000
213030000
213300000
220000200
220002000
220002300
220003200
220020000
220020300
220023000
220030200
220032000
220200000
220200300
220203000
220230000
220300200
220302000
220320000
222000000
222000300
222003000
222030000
222300000
223000200
223002000
223020000
223200000
230000100
230000400
230001000
230001300
230002200
230003100
230004000
230010000
230010300
230013000
230020200
230022000
230030100
230031000
230040000
230100000
230100300
230103000
230130000
230200200
230202000
230220000
230300100
230301000
230310000
230400000
231000000
231000300
231003000
231030000
231300000
232000200
232002000
232020000
232200000
233000100
233001000
233010000
233100000
234000000
240000000
240000300
240003000
240030000
240300000
243000000
300000000
300000300
300001200
300002100
300002400
300003000
300003300
300004200
300010200
300012000
300012300
300013200
300020100
300020400
300021000
300021300
300022200
300023100
300024000
300030000
300030300
300031200
300032100
300033000
300040200
300042000
300100200
300102000
300102300
300103200
300120000
300120300
300123000
300130200
300132000
300200100
300200400
300201000
300201300
300202200
300203100
300204000
300210000
300210300
300213000
300220200
300222000
300230100
300231000
300240000
300300000
300300300
300301200
300302100
300303000
300310200
300312000
300320100
300321000
300330000
300400200
300402000
300420000
301000200
301002000
301002300
301003200
301020000
301020300
301023000
301030200
301032000
301200000
301200300
301203000
301230000
301300200
301302000
301320000
302000100
302000400
302001000
302001300
302002200
302003100
302004000
302010000
302010300
302013000
302020200
302022000
302030100
302031000
302040000
302100000
302100300
302103000
302130000
302200200
302202000
302220000
302300100
302301000
302310000
302400000
303000000
303000300
303001200
303002100
303003000
303010200
303012000
303020100
303021000
303030000
303100200
303102000
303120000
303200100
303201000
303210000
303300000
304000200
304002000
304020000
304200000
310000200
310002000
310002300
310003200
310020000
310020300
310023000
310030200
310032000
310200000
310200300
310203000
310230000
310300200
310302000
310320000
312000000
312000300
312003000
312030000
312300000
313000200
313002000
313020000
313200000
320000100
320000400
320001000
320001300
320002200
320003100
320004000
320010000
320010300
320013000
320020200
320022000
320030100
320031000
320040000
320100000
320100300
320103000
320130000
320200200
320202000
320220000
320300100
320301000
320310000
320400000
321000000
321000300
321003000
321030000
321300000
322000200
322002000
322020000
322200000
323000100
323001000
323010000
323100000
324000000
330000000
330000300
330001200
330002100
330003000
330010200
330012000
330020100
330021000
330030000
330100200
330102000
330120000
330200100
330201000
330210000
330300000
331000200
331002000
331020000
331200000
332000100
332001000
332010000
332100000
333000000
340000200
340002000
340020000
340200000
342000000
400000200
400002000
400002300
400003200
400020000
400020300
400023000
400030200
400032000
400200000
400200300
400203000
400230000
400300200
400302000
400320000
402000000
402000300
402003000
402030000
402300000
403000200
403002000
403020000
403200000
420000000
420000300
420003000
420030000
420300000
423000000
430000200
430002000
430020000
430200000
432000000
