100
400
1000
1300
2200
3100
3400
4000
4300
10000
10300
13000
13300
20200
22000
22300
23200
30100
30400
31000
31300
32200
33100
33400
34000
34300
40000
40300
43000
43300
100000
100300
103000
103300
130000
130300
133000
133300
200200
202000
202300
203200
220000
220300
223000
223300
230200
232000
232300
233200
300100
300400
301000
301300
302200
303100
303400
304000
304300
310000
310300
313000
313300
320200
322000
322300
323200
330100
330400
331000
331300
332200
333100
334000
340000
340300
343000
400000
400300
403000
403300
430000
430300
433000
1000000
1000300
1003000
1003300
1030000
1030300
1033000
1033300
1300000
1300300
1303000
1303300
1330000
1330300
1333000
2000200
2002000
2002300
2003200
2020000
2020300
2023000
2023300
2030200
2032000
2032300
2033200
2200000
2200300
2203000
2203300
2230000
2230300
2233000
2300200
2302000
2302300
2303200
2320000
2320300
2323000
2330200
2332000
3000100
3000400
3001000
3001300
3002200
3003100
3003400
3004000
3004300
3010000
3010300
3013000
3013300
3020200
3022000
3022300
3023200
3030100
3030400
3031000
3031300
3032200
3033100
3034000
3040000
3040300
3043000
3100000
3100300
3103000
3103300
3130000
3130300
3133000
3200200
3202000
3202300
3203200
3220000
3220300
3223000
3230200
3232000
3300100
3300400
3301000
3301300
3302200
3303100
3304000
3310000
3310300
3313000
3320200
3322000
3330100
3331000
3340000
3400000
3400300
3403000
3430000
4000000
4000300
4003000
4003300
4030000
4030300
4033000
4300000
4300300
4303000
4330000
10000000
10000300
10003000
10003300
10030000
10030300
10033000
10033300
10300000
10300300
10303000
10303300
10330000
10330300
10333000
13000000
13000300
13003000
13003300
13030000
13030300
13033000
13300000
13300300
13303000
13330000
20000200
20002000
20002300
20003200
20020000
20020300
20023000
20023300
20030200
20032000
20032300
20033200
20200000
20200300
20203000
20203300
20230000
20230300
20233000
20300200
20302000
20302300
20303200
20320000
20320300
20323000
20330200
20332000
22000000
22000300
22003000
22003300
22030000
22030300
22033000
22300000
22300300
22303000
22330000
23000200
23002000
23002300
23003200
23020000
23020300
23023000
23030200
23032000
23200000
23200300
23203000
23230000
23300200
23302000
23320000
30000100
30000400
30001000
30001300
30002200
30003100
30003400
30004000
30004300
30010000
30010300
30013000
30013300
30020200
30022000
30022300
30023200
30030100
30030400
30031000
30031300
30032200
30033100
30034000
30040000
30040300
30043000
30100000
30100300
30103000
30103300
30130000
30130300
30133000
30200200
30202000
30202300
30203200
30220000
30220300
30223000
30230200
30232000
30300100
30300400
30301000
30301300
30302200
30303100
30304000
30310000
30310300
30313000
30320200
30322000
30330100
30331000
30340000
30400000
30400300
30403000
30430000
31000000
31000300
31003000
31003300
31030000
31030300
31033000
31300000
31300300
31303000
31330000
32000200
32002000
32002300
32003200
32020000
32020300
32023000
32030200
32032000
32200000
32200300
32203000
32230000
32300200
32302000
32320000
33000100
33000400
33001000
33001300
33002200
33003100
33004000
33010000
33010300
33013000
33020200
33022000
33030100
33031000
33040000
33100000
33100300
33103000
33130000
33200200
33202000
33220000
33300100
33301000
33310000
33400000
34000000
34000300
34003000
34030000
34300000
40000000
40000300
40003000
40003300
40030000
40030300
40033000
40300000
40300300
40303000
40330000
43000000
43000300
43003000
43030000
43300000
100000000
100000300
100003000
100003300
100030000
100030300
100033000
100033300
100300000
100300300
100303000
100303300
100330000
100330300
100333000
103000000
103000300
103003000
103003300
103030000
103030300
103033000
103300000
103300300
103303000
103330000
130000000
130000300
130003000
130003300
130030000
130030300
130033000
130300000
130300300
130303000
130330000
133000000
133000300
133003000
133030000
133300000
200000200
200002000
200002300
200003200
200020000
200020300
200023000
200023300
200030200
200032000
200032300
200033200
200200000
200200300
200203000
200203300
200230000
200230300
200233000
200300200
200302000
200302300
200303200
200320000
200320300
200323000
200330200
200332000
202000000
202000300
202003000
202003300
202030000
202030300
202033000
202300000
202300300
202303000
202330000
203000200
203002000
203002300
203003200
203020000
203020300
203023000
203030200
203032000
203200000
203200300
203203000
203230000
203300200
203302000
203320000
220000000
220000300
220003000
220003300
220030000
220030300
220033000
220300000
220300300
220303000
220330000
223000000
223000300
223003000
223030000
223300000
230000200
230002000
230002300
230003200
230020000
230020300
230023000
230030200
230032000
230200000
230200300
230203000
230230000
230300200
230302000
230320000
232000000
232000300
232003000
232030000
232300000
233000200
233002000
233020000
233200000
300000100
300000400
300001000
300001300
300002200
300003100
300003400
300004000
300004300
300010000
300010300
300013000
300013300
300020200
300022000
300022300
300023200
300030100
300030400
300031000
300031300
300032200
300033100
300034000
300040000
300040300
300043000
300100000
300100300
300103000
300103300
300130000
300130300
300133000
300200200
300202000
300202300
300203200
300220000
300220300
300223000
300230200
300232000
300300100
300300400
300301000
300301300
300302200
300303100
300304000
300310000
300310300
300313000
300320200
300322000
300330100
300331000
300340000
300400000
300400300
300403000
300430000
301000000
301000300
301003000
301003300
301030000
301030300
301033000
301300000
301300300
301303000
301330000
302000200
302002000
302002300
302003200
302020000
302020300
302023000
302030200
302032000
302200000
302200300
302203000
302230000
302300200
302302000
302320000
303000100
303000400
303001000
303001300
303002200
303003100
303004000
303010000
303010300
303013000
303020200
303022000
303030100
303031000
303040000
303100000
303100300
303103000
303130000
303200200
303202000
303220000
303300100
303301000
303310000
303400000
304000000
304000300
304003000
304030000
304300000
310000000
310000300
310003000
310003300
310030000
310030300
310033000
310300000
310300300
310303000
310330000
313000000
313000300
313003000
313030000
313300000
320000200
320002000
320002300
320003200
320020000
320020300
320023000
320030200
320032000
320200000
320200300
320203000
320230000
320300200
320302000
320320000
322000000
322000300
322003000
322030000
322300000
323000200
323002000
323020000
323200000
330000100
330000400
330001000
330001300
330002200
330003100
330004000
330010000
330010300
330013000
330020200
330022000
330030100
330031000
330040000
330100000
330100300
330103000
330130000
330200200
330202000
330220000
330300100
330301000
330310000
330400000
331000000
331000300
331003000
331030000
331300000
332000200
332002000
332020000
332200000
333000100
333001000
333010000
333100000
334000000
340000000
340000300
340003000
340030000
340300000
343000000
400000000
400000300
400003000
400003300
400030000
400030300
400033000
400300000
400300300
400303000
400330000
403000000
403000300
403003000
403030000
403300000
430000000
430000300
430003000
430030000
430300000
433000000
