200
1100
1400
2000
2300
3200
4100
4400
10100
10400
11000
11300
12200
13100
13400
14000
14300
20000
20300
21200
22100
22400
23000
23300
24200
30200
31100
31400
32000
32300
33200
34100
40100
40400
41000
41300
42200
43100
44000
100100
100400
101000
101300
102200
103100
103400
104000
104300
110000
110300
111200
112100
112400
113000
113300
114200
120200
121100
121400
122000
122300
123200
124100
130100
130400
131000
131300
132200
133100
134000
140000
140300
141200
142100
143000
200000
200300
201200
202100
202400
203000
203300
204200
210200
211100
211400
212000
212300
213200
214100
220100
220400
221000
221300
222200
223100
224000
230000
230300
231200
232100
233000
240200
241100
242000
300200
301100
301400
302000
302300
303200
304100
310100
310400
311000
311300
312200
313100
314000
320000
320300
321200
322100
323000
330200
331100
332000
340100
341000
400100
400400
401000
401300
402200
403100
404000
410000
410300
411200
412100
413000
420200
421100
422000
430100
431000
440000
1000100
1000400
1001000
1001300
1002200
1003100
1003400
1004000
1004300
1010000
1010300
1011200
1012100
1012400
1013000
1013300
1014200
1020200
1021100
1021400
1022000
1022300
1023200
1024100
1030100
1030400
1031000
1031300
1032200
1033100
1034000
1040000
1040300
1041200
1042100
1043000
1100000
1100300
1101200
1102100
1102400
1103000
1103300
1104200
1110200
1112000
1112300
1113200
1120100
1120400
1121000
1121300
1122200
1123100
1124000
1130000
1130300
1131200
1132100
1133000
1140200
1142000
1200200
1201100
1201400
1202000
1202300
1203200
1204100
1210100
1210400
1211000
1211300
1212200
1213100
1214000
1220000
1220300
1221200
1222100
1223000
1230200
1231100
1232000
1240100
1241000
1300100
1300400
1301000
1301300
1302200
1303100
1304000
1310000
1310300
1311200
1312100
1313000
1320200
1321100
1322000
1330100
1331000
1340000
1400000
1400300
1401200
1402100
1403000
1410200
1412000
1420100
1421000
1430000
2000000
2000300
2001200
2002100
2002400
2003000
2003300
2004200
2010200
2011100
2011400
2012000
2012300
2013200
2014100
2020100
2020400
2021000
2021300
2022200
2023100
2024000
2030000
2030300
2031200
2032100
2033000
2040200
2041100
2042000
2100200
2101100
2101400
2102000
2102300
2103200
2104100
2110100
2110400
2111000
2111300
2112200
2113100
2114000
2120000
2120300
2121200
2122100
2123000
2130200
2131100
2132000
2140100
2141000
2200100
2200400
2201000
2201300
2202200
2203100
2204000
2210000
2210300
2211200
2212100
2213000
2220200
2221100
2222000
2230100
2231000
2240000
2300000
2300300
2301200
2302100
2303000
2310200
2311100
2312000
2320100
2321000
2330000
2400200
2401100
2402000
2410100
2411000
2420000
3000200
3001100
3001400
3002000
3002300
3003200
3004100
3010100
3010400
3011000
3011300
3012200
3013100
3014000
3020000
3020300
3021200
3022100
3023000
3030200
3031100
3032000
3040100
3041000
3100100
3100400
3101000
3101300
3102200
3103100
3104000
3110000
3110300
3111200
3112100
3113000
3120200
3121100
3122000
3130100
3131000
3140000
3200000
3200300
3201200
3202100
3203000
3210200
3211100
3212000
3220100
3221000
3230000
3300200
3301100
3302000
3310100
3311000
3320000
3400100
3401000
3410000
4000100
4000400
4001000
4001300
4002200
4003100
4004000
4010000
4010300
4011200
4012100
4013000
4020200
4021100
4022000
4030100
4031000
4040000
4100000
4100300
4101200
4102100
4103000
4110200
4112000
4120100
4121000
4130000
4200200
4201100
4202000
4210100
4211000
4220000
4300100
4301000
4310000
4400000
10000100
10000400
10001000
10001300
10002200
10003100
10003400
10004000
10004300
10010000
10010300
10011200
10012100
10012400
10013000
10013300
10014200
10020200
10021100
10021400
10022000
10022300
10023200
10024100
10030100
10030400
10031000
10031300
10032200
10033100
10034000
10040000
10040300
10041200
10042100
10043000
10100000
10100300
10101200
10102100
10102400
10103000
10103300
10104200
10110200
10112000
10112300
10113200
10120100
10120400
10121000
10121300
10122200
10123100
10124000
10130000
10130300
10131200
10132100
10133000
10140200
10142000
10200200
10201100
10201400
10202000
10202300
10203200
10204100
10210100
10210400
10211000
10211300
10212200
10213100
10214000
10220000
10220300
10221200
10222100
10223000
10230200
10231100
10232000
10240100
10241000
10300100
10300400
10301000
10301300
10302200
10303100
10304000
10310000
10310300
10311200
10312100
10313000
10320200
10321100
10322000
10330100
10331000
10340000
10400000
10400300
10401200
10402100
10403000
10410200
10412000
10420100
10421000
10430000
11000000
11000300
11001200
11002100
11002400
11003000
11003300
11004200
11010200
11012000
11012300
11013200
11020100
11020400
11021000
11021300
11022200
11023100
11024000
11030000
11030300
11031200
11032100
11033000
11040200
11042000
11100200
11102000
11102300
11103200
11120000
11120300
11123000
11130200
11132000
11200100
11200400
11201000
11201300
11202200
11203100
11204000
11210000
11210300
11213000
11220200
11222000
11230100
11231000
11240000
11300000
11300300
11301200
11302100
11303000
11310200
11312000
11320100
11321000
11330000
11400200
11402000
11420000
12000200
12001100
12001400
12002000
12002300
12003200
12004100
12010100
12010400
12011000
12011300
12012200
12013100
12014000
12020000
12020300
12021200
12022100
12023000
12030200
12031100
12032000
12040100
12041000
12100100
12100400
12101000
12101300
12102200
12103100
12104000
12110000
12110300
12113000
12120200
12122000
12130100
12131000
12140000
12200000
12200300
12201200
12202100
12203000
12210200
12212000
12220100
12221000
12230000
12300200
12301100
12302000
12310100
12311000
12320000
12400100
12401000
12410000
13000100
13000400
13001000
13001300
13002200
13003100
13004000
13010000
13010300
13011200
13012100
13013000
13020200
13021100
13022000
13030100
13031000
13040000
13100000
13100300
13101200
13102100
13103000
13110200
13112000
13120100
13121000
13130000
13200200
13201100
13202000
13210100
13211000
13220000
13300100
13301000
13310000
13400000
14000000
14000300
14001200
14002100
14003000
14010200
14012000
14020100
14021000
14030000
14100200
14102000
14120000
14200100
14201000
14210000
14300000
20000000
20000300
20001200
20002100
20002400
20003000
20003300
20004200
20010200
20011100
20011400
20012000
20012300
20013200
20014100
20020100
20020400
20021000
20021300
20022200
20023100
20024000
20030000
20030300
20031200
20032100
20033000
20040200
20041100
20042000
20100200
20101100
20101400
20102000
20102300
20103200
20104100
20110100
20110400
20111000
20111300
20112200
20113100
20114000
20120000
20120300
20121200
20122100
20123000
20130200
20131100
20132000
20140100
20141000
20200100
20200400
20201000
20201300
20202200
20203100
20204000
20210000
20210300
20211200
20212100
20213000
20220200
20221100
20222000
20230100
20231000
20240000
20300000
20300300
20301200
20302100
20303000
20310200
20311100
20312000
20320100
20321000
20330000
20400200
20401100
20402000
20410100
20411000
20420000
21000200
21001100
21001400
21002000
21002300
21003200
21004100
21010100
21010400
21011000
21011300
21012200
21013100
21014000
21020000
21020300
21021200
21022100
21023000
21030200
21031100
21032000
21040100
21041000
21100100
21100400
21101000
21101300
21102200
21103100
21104000
21110000
21110300
21113000
21120200
21122000
21130100
21131000
21140000
21200000
21200300
21201200
21202100
21203000
21210200
21212000
21220100
21221000
21230000
21300200
21301100
21302000
21310100
21311000
21320000
21400100
21401000
21410000
22000100
22000400
22001000
22001300
22002200
22003100
22004000
22010000
22010300
22011200
22012100
22013000
22020200
22021100
22022000
22030100
22031000
22040000
22100000
22100300
22101200
22102100
22103000
22110200
22112000
22120100
22121000
22130000
22200200
22201100
22202000
22210100
22211000
22220000
22300100
22301000
22310000
22400000
23000000
23000300
23001200
23002100
23003000
23010200
23011100
23012000
23020100
23021000
23030000
23100200
23101100
23102000
23110100
23111000
23120000
23200100
23201000
23210000
23300000
24000200
24001100
24002000
24010100
24011000
24020000
24100100
24101000
24110000
24200000
30000200
30001100
30001400
30002000
30002300
30003200
30004100
30010100
30010400
30011000
30011300
30012200
30013100
30014000
30020000
30020300
30021200
30022100
30023000
30030200
30031100
30032000
30040100
30041000
30100100
30100400
30101000
30101300
30102200
30103100
30104000
30110000
30110300
30111200
30112100
30113000
30120200
30121100
30122000
30130100
30131000
30140000
30200000
30200300
30201200
30202100
30203000
30210200
30211100
30212000
30220100
30221000
30230000
30300200
30301100
30302000
30310100
30311000
30320000
30400100
30401000
30410000
31000100
31000400
31001000
31001300
31002200
31003100
31004000
31010000
31010300
31011200
31012100
31013000
31020200
31021100
31022000
31030100
31031000
31040000
31100000
31100300
31101200
31102100
31103000
31110200
31112000
31120100
31121000
31130000
31200200
31201100
31202000
31210100
31211000
31220000
31300100
31301000
31310000
31400000
32000000
32000300
32001200
32002100
32003000
32010200
32011100
32012000
32020100
32021000
32030000
32100200
32101100
32102000
32110100
32111000
32120000
32200100
32201000
32210000
32300000
33000200
33001100
33002000
33010100
33011000
33020000
33100100
33101000
33110000
33200000
34000100
34001000
34010000
34100000
40000100
40000400
40001000
40001300
40002200
40003100
40004000
40010000
40010300
40011200
40012100
40013000
40020200
40021100
40022000
40030100
40031000
40040000
40100000
40100300
40101200
40102100
40103000
40110200
40112000
40120100
40121000
40130000
40200200
40201100
40202000
40210100
40211000
40220000
40300100
40301000
40310000
40400000
41000000
41000300
41001200
41002100
41003000
41010200
41012000
41020100
41021000
41030000
41100200
41102000
41120000
41200100
41201000
41210000
41300000
42000200
42001100
42002000
42010100
42011000
42020000
42100100
42101000
42110000
42200000
43000100
43001000
43010000
43100000
44000000
100000100
100000400
100001000
100001300
100002200
100003100
100003400
100004000
100004300
100010000
100010300
100011200
100012100
100012400
100013000
100013300
100014200
100020200
100021100
100021400
100022000
100022300
100023200
100024100
100030100
100030400
100031000
100031300
100032200
100033100
100034000
100040000
100040300
100041200
100042100
100043000
100100000
100100300
100101200
100102100
100102400
100103000
100103300
100104200
100110200
100112000
100112300
100113200
100120100
100120400
100121000
100121300
100122200
100123100
100124000
100130000
100130300
100131200
100132100
100133000
100140200
100142000
100200200
100201100
100201400
100202000
100202300
100203200
100204100
100210100
100210400
100211000
100211300
100212200
100213100
100214000
100220000
100220300
100221200
100222100
100223000
100230200
100231100
100232000
100240100
100241000
100300100
100300400
100301000
100301300
100302200
100303100
100304000
100310000
100310300
100311200
100312100
100313000
100320200
100321100
100322000
100330100
100331000
100340000
100400000
100400300
100401200
100402100
100403000
100410200
100412000
100420100
100421000
100430000
101000000
101000300
101001200
101002100
101002400
101003000
101003300
101004200
101010200
101012000
101012300
101013200
101020100
101020400
101021000
101021300
101022200
101023100
101024000
101030000
101030300
101031200
101032100
101033000
101040200
101042000
101100200
101102000
101102300
101103200
101120000
101120300
101123000
101130200
101132000
101200100
101200400
101201000
101201300
101202200
101203100
101204000
101210000
101210300
101213000
101220200
101222000
101230100
101231000
101240000
101300000
101300300
101301200
101302100
101303000
101310200
101312000
101320100
101321000
101330000
101400200
101402000
101420000
102000200
102001100
102001400
102002000
102002300
102003200
102004100
102010100
102010400
102011000
102011300
102012200
102013100
102014000
102020000
102020300
102021200
102022100
102023000
102030200
102031100
102032000
102040100
102041000
102100100
102100400
102101000
102101300
102102200
102103100
102104000
102110000
102110300
102113000
102120200
102122000
102130100
102131000
102140000
102200000
102200300
102201200
102202100
102203000
102210200
102212000
102220100
102221000
102230000
102300200
102301100
102302000
102310100
102311000
102320000
102400100
102401000
102410000
103000100
103000400
103001000
103001300
103002200
103003100
103004000
103010000
103010300
103011200
103012100
103013000
103020200
103021100
103022000
103030100
103031000
103040000
103100000
103100300
103101200
103102100
103103000
103110200
103112000
103120100
103121000
103130000
103200200
103201100
103202000
103210100
103211000
103220000
103300100
103301000
103310000
103400000
104000000
104000300
104001200
104002100
104003000
104010200
104012000
104020100
104021000
104030000
104100200
104102000
104120000
104200100
104201000
104210000
104300000
110000000
110000300
110001200
110002100
110002400
110003000
110003300
110004200
110010200
110012000
110012300
110013200
110020100
110020400
110021000
110021300
110022200
110023100
110024000
110030000
110030300
110031200
110032100
110033000
110040200
110042000
110100200
110102000
110102300
110103200
110120000
110120300
110123000
110130200
110132000
110200100
110200400
110201000
110201300
110202200
110203100
110204000
110210000
110210300
110213000
110220200
110222000
110230100
110231000
110240000
110300000
110300300
110301200
110302100
110303000
110310200
110312000
110320100
110321000
110330000
110400200
110402000
110420000
111000200
111002000
111002300
111003200
111020000
111020300
111023000
111030200
111032000
111200000
111200300
111203000
111230000
111300200
111302000
111320000
112000100
112000400
112001000
112001300
112002200
112003100
112004000
112010000
112010300
112013000
112020200
112022000
112030100
112031000
112040000
112100000
112100300
112103000
112130000
112200200
112202000
112220000
112300100
112301000
112310000
112400000
113000000
113000300
113001200
113002100
113003000
113010200
113012000
113020100
113021000
113030000
113100200
113102000
113120000
113200100
113201000
113210000
113300000
114000200
114002000
114020000
114200000
120000200
120001100
120001400
120002000
120002300
120003200
120004100
120010100
120010400
120011000
120011300
120012200
120013100
120014000
120020000
120020300
120021200
120022100
120023000
120030200
120031100
120032000
120040100
120041000
120100100
120100400
120101000
120101300
120102200
120103100
120104000
120110000
120110300
120113000
120120200
120122000
120130100
120131000
120140000
120200000
120200300
120201200
120202100
120203000
120210200
120212000
120220100
120221000
120230000
120300200
120301100
120302000
120310100
120311000
120320000
120400100
120401000
120410000
121000100
121000400
121001000
121001300
121002200
121003100
121004000
121010000
121010300
121013000
121020200
121022000
121030100
121031000
121040000
121100000
121100300
121103000
121130000
121200200
121202000
121220000
121300100
121301000
121310000
121400000
122000000
122000300
122001200
122002100
122003000
122010200
122012000
122020100
122021000
122030000
122100200
122102000
122120000
122200100
122201000
122210000
122300000
123000200
123001100
123002000
123010100
123011000
123020000
123100100
123101000
123110000
123200000
124000100
124001000
124010000
124100000
130000100
130000400
130001000
130001300
130002200
130003100
130004000
130010000
130010300
130011200
130012100
130013000
130020200
130021100
130022000
130030100
130031000
130040000
130100000
130100300
130101200
130102100
130103000
130110200
130112000
130120100
130121000
130130000
130200200
130201100
130202000
130210100
130211000
130220000
130300100
130301000
130310000
130400000
131000000
131000300
131001200
131002100
131003000
131010200
131012000
131020100
131021000
131030000
131100200
131102000
131120000
131200100
131201000
131210000
131300000
132000200
132001100
132002000
132010100
132011000
132020000
132100100
132101000
132110000
132200000
133000100
133001000
133010000
133100000
134000000
140000000
140000300
140001200
140002100
140003000
140010200
140012000
140020100
140021000
140030000
140100200
140102000
140120000
140200100
140201000
140210000
140300000
141000200
141002000
141020000
141200000
142000100
142001000
142010000
142100000
143000000
200000000
200000300
200001200
200002100
200002400
200003000
200003300
200004200
200010200
200011100
200011400
200012000
200012300
200013200
200014100
200020100
200020400
200021000
200021300
200022200
200023100
200024000
200030000
200030300
200031200
200032100
200033000
200040200
200041100
200042000
200100200
200101100
200101400
200102000
200102300
200103200
200104100
200110100
200110400
200111000
200111300
200112200
200113100
200114000
200120000
200120300
200121200
200122100
200123000
200130200
200131100
200132000
200140100
200141000
200200100
200200400
200201000
200201300
200202200
200203100
200204000
200210000
200210300
200211200
200212100
200213000
200220200
200221100
200222000
200230100
200231000
200240000
200300000
200300300
200301200
200302100
200303000
200310200
200311100
200312000
200320100
200321000
200330000
200400200
200401100
200402000
200410100
200411000
200420000
201000200
201001100
201001400
201002000
201002300
201003200
201004100
201010100
201010400
201011000
201011300
201012200
201013100
201014000
201020000
201020300
201021200
201022100
201023000
201030200
201031100
201032000
201040100
201041000
201100100
201100400
201101000
201101300
201102200
201103100
201104000
201110000
201110300
201113000
201120200
201122000
201130100
201131000
201140000
201200000
201200300
201201200
201202100
201203000
201210200
201212000
201220100
201221000
201230000
201300200
201301100
201302000
201310100
201311000
201320000
201400100
201401000
201410000
202000100
202000400
202001000
202001300
202002200
202003100
202004000
202010000
202010300
202011200
202012100
202013000
202020200
202021100
202022000
202030100
202031000
202040000
202100000
202100300
202101200
202102100
202103000
202110200
202112000
202120100
202121000
202130000
202200200
202201100
202202000
202210100
202211000
202220000
202300100
202301000
202310000
202400000
203000000
203000300
203001200
203002100
203003000
203010200
203011100
203012000
203020100
203021000
203030000
203100200
203101100
203102000
203110100
203111000
203120000
203200100
203201000
203210000
203300000
204000200
204001100
204002000
204010100
204011000
204020000
204100100
204101000
204110000
204200000
210000200
210001100
210001400
210002000
210002300
210003200
210004100
210010100
210010400
210011000
210011300
210012200
210013100
210014000
210020000
210020300
210021200
210022100
210023000
210030200
210031100
210032000
210040100
210041000
210100100
210100400
210101000
210101300
210102200
210103100
210104000
210110000
210110300
210113000
210120200
210122000
210130100
210131000
210140000
210200000
210200300
210201200
210202100
210203000
210210200
210212000
210220100
210221000
210230000
210300200
210301100
210302000
210310100
210311000
210320000
210400100
210401000
210410000
211000100
211000400
211001000
211001300
211002200
211003100
211004000
211010000
211010300
211013000
211020200
211022000
211030100
211031000
211040000
211100000
211100300
211103000
211130000
211200200
211202000
211220000
211300100
211301000
211310000
211400000
212000000
212000300
212001200
212002100
212003000
212010200
212012000
212020100
212021000
212030000
212100200
212102000
212120000
212200100
212201000
212210000
212300000
213000200
213001100
213002000
213010100
213011000
213020000
213100100
213101000
213110000
213200000
214000100
214001000
214010000
214100000
220000100
220000400
220001000
220001300
220002200
220003100
220004000
220010000
220010300
220011200
220012100
220013000
220020200
220021100
220022000
220030100
220031000
220040000
220100000
220100300
220101200
220102100
220103000
220110200
220112000
220120100
220121000
220130000
220200200
220201100
220202000
220210100
220211000
220220000
220300100
220301000
220310000
220400000
221000000
221000300
221001200
221002100
221003000
221010200
221012000
221020100
221021000
221030000
221100200
221102000
221120000
221200100
221201000
221210000
221300000
222000200
222001100
222002000
222010100
222011000
222020000
222100100
222101000
222110000
222200000
223000100
223001000
223010000
223100000
224000000
230000000
230000300
230001200
230002100
230003000
230010200
230011100
230012000
230020100
230021000
230030000
230100200
230101100
230102000
230110100
230111000
230120000
230200100
230201000
230210000
230300000
231000200
231001100
231002000
231010100
231011000
231020000
231100100
231101000
231110000
231200000
232000100
232001000
232010000
232100000
233000000
240000200
240001100
240002000
240010100
240011000
240020000
240100100
240101000
240110000
240200000
241000100
241001000
241010000
241100000
242000000
300000200
300001100
300001400
300002000
300002300
300003200
300004100
300010100
300010400
300011000
300011300
300012200
300013100
300014000
300020000
300020300
300021200
300022100
300023000
300030200
300031100
300032000
300040100
300041000
300100100
300100400
300101000
300101300
300102200
300103100
300104000
300110000
300110300
300111200
300112100
300113000
300120200
300121100
300122000
300130100
300131000
300140000
300200000
300200300
300201200
300202100
300203000
300210200
300211100
300212000
300220100
300221000
300230000
300300200
300301100
300302000
300310100
300311000
300320000
300400100
300401000
300410000
301000100
301000400
301001000
301001300
301002200
301003100
301004000
301010000
301010300
301011200
301012100
301013000
301020200
301021100
301022000
301030100
301031000
301040000
301100000
301100300
301101200
301102100
301103000
301110200
301112000
301120100
301121000
301130000
301200200
301201100
301202000
301210100
301211000
301220000
301300100
301301000
301310000
301400000
302000000
302000300
302001200
302002100
302003000
302010200
302011100
302012000
302020100
302021000
302030000
302100200
302101100
302102000
302110100
302111000
302120000
302200100
302201000
302210000
302300000
303000200
303001100
303002000
303010100
303011000
303020000
303100100
303101000
303110000
303200000
304000100
304001000
304010000
304100000
310000100
310000400
310001000
310001300
310002200
310003100
310004000
310010000
310010300
310011200
310012100
310013000
310020200
310021100
310022000
310030100
310031000
310040000
310100000
310100300
310101200
310102100
310103000
310110200
310112000
310120100
310121000
310130000
310200200
310201100
310202000
310210100
310211000
310220000
310300100
310301000
310310000
310400000
311000000
311000300
311001200
311002100
311003000
311010200
311012000
311020100
311021000
311030000
311100200
311102000
311120000
311200100
311201000
311210000
311300000
312000200
312001100
312002000
312010100
312011000
312020000
312100100
312101000
312110000
312200000
313000100
313001000
313010000
313100000
314000000
320000000
320000300
320001200
320002100
320003000
320010200
320011100
320012000
320020100
320021000
320030000
320100200
320101100
320102000
320110100
320111000
320120000
320200100
320201000
320210000
320300000
321000200
321001100
321002000
321010100
321011000
321020000
321100100
321101000
321110000
321200000
322000100
322001000
322010000
322100000
323000000
330000200
330001100
330002000
330010100
330011000
330020000
330100100
330101000
330110000
330200000
331000100
331001000
331010000
331100000
332000000
340000100
340001000
340010000
340100000
341000000
400000100
400000400
400001000
400001300
400002200
400003100
400004000
400010000
400010300
400011200
400012100
400013000
400020200
400021100
400022000
400030100
400031000
400040000
400100000
400100300
400101200
400102100
400103000
400110200
400112000
400120100
400121000
400130000
400200200
400201100
400202000
400210100
400211000
400220000
400300100
400301000
400310000
400400000
401000000
401000300
401001200
401002100
401003000
401010200
401012000
401020100
401021000
401030000
401100200
401102000
401120000
401200100
401201000
401210000
401300000
402000200
402001100
402002000
402010100
402011000
402020000
402100100
402101000
402110000
402200000
403000100
403001000
403010000
403100000
404000000
410000000
410000300
410001200
410002100
410003000
410010200
410012000
410020100
410021000
410030000
410100200
410102000
410120000
410200100
410201000
410210000
410300000
411000200
411002000
411020000
411200000
412000100
412001000
412010000
412100000
413000000
420000200
420001100
420002000
420010100
420011000
420020000
420100100
420101000
420110000
420200000
421000100
421001000
421010000
421100000
422000000
430000100
430001000
430010000
430100000
431000000
440000000
