300
1200
2100
2400
3000
3300
4200
10200
11100
11400
12000
12300
13200
14100
14400
20100
20400
21000
21300
22200
23100
23400
24000
24300
30000
30300
31200
32100
32400
33000
33300
34200
40200
41100
41400
42000
42300
43200
44100
100200
101100
101400
102000
102300
103200
104100
104400
110100
110400
111000
111300
112200
113100
113400
114000
114300
120000
120300
121200
122100
122400
123000
123300
124200
130200
131100
131400
132000
132300
133200
134100
140100
140400
141000
141300
142200
143100
144000
200100
200400
201000
201300
202200
203100
203400
204000
204300
210000
210300
211200
212100
212400
213000
213300
214200
220200
221100
221400
222000
222300
223200
224100
230100
230400
231000
231300
232200
233100
234000
240000
240300
241200
242100
243000
300000
300300
301200
302100
302400
303000
303300
304200
310200
311100
311400
312000
312300
313200
314100
320100
320400
321000
321300
322200
323100
324000
330000
330300
331200
332100
333000
340200
341100
342000
400200
401100
401400
402000
402300
403200
404100
410100
410400
411000
411300
412200
413100
414000
420000
420300
421200
422100
423000
430200
431100
432000
440100
441000
1000200
1001100
1001400
1002000
1002300
1003200
1004100
1004400
1010100
1010400
1011000
1011300
1012200
1013100
1013400
1014000
1014300
1020000
1020300
1021200
1022100
1022400
1023000
1023300
1024200
1030200
1031100
1031400
1032000
1032300
1033200
1034100
1040100
1040400
1041000
1041300
1042200
1043100
1044000
1100100
1100400
1101000
1101300
1102200
1103100
1103400
1104000
1104300
1110000
1110300
1113000
1113300
1120200
1122000
1122300
1123200
1130100
1130400
1131000
1131300
1132200
1133100
1134000
1140000
1140300
1143000
1200000
1200300
1201200
1202100
1202400
1203000
1203300
1204200
1210200
1212000
1212300
1213200
1220100
1220400
1221000
1221300
1222200
1223100
1224000
1230000
1230300
1231200
1232100
1233000
1240200
1242000
1300200
1301100
1301400
1302000
1302300
1303200
1304100
1310100
1310400
1311000
1311300
1312200
1313100
1314000
1320000
1320300
1321200
1322100
1323000
1330200
1331100
1332000
1340100
1341000
1400100
1400400
1401000
1401300
1402200
1403100
1404000
1410000
1410300
1413000
1420200
1422000
1430100
1431000
1440000
2000100
2000400
2001000
2001300
2002200
2003100
2003400
2004000
2004300
2010000
2010300
2011200
2012100
2012400
2013000
2013300
2014200
2020200
2021100
2021400
2022000
2022300
2023200
2024100
2030100
2030400
2031000
2031300
2032200
2033100
2034000
2040000
2040300
2041200
2042100
2043000
2100000
2100300
2101200
2102100
2102400
2103000
2103300
2104200
2110200
2112000
2112300
2113200
2120100
2120400
2121000
2121300
2122200
2123100
2124000
2130000
2130300
2131200
2132100
2133000
2140200
2142000
2200200
2201100
2201400
2202000
2202300
2203200
2204100
2210100
2210400
2211000
2211300
2212200
2213100
2214000
2220000
2220300
2221200
2222100
2223000
2230200
2231100
2232000
2240100
2241000
2300100
2300400
2301000
2301300
2302200
2303100
2304000
2310000
2310300
2311200
2312100
2313000
2320200
2321100
2322000
2330100
2331000
2340000
2400000
2400300
2401200
2402100
2403000
2410200
2412000
2420100
2421000
2430000
3000000
3000300
3001200
3002100
3002400
3003000
3003300
3004200
3010200
3011100
3011400
3012000
3012300
3013200
3014100
3020100
3020400
3021000
3021300
3022200
3023100
3024000
3030000
3030300
3031200
3032100
3033000
3040200
3041100
3042000
3100200
3101100
3101400
3102000
3102300
3103200
3104100
3110100
3110400
3111000
3111300
3112200
3113100
3114000
3120000
3120300
3121200
3122100
3123000
3130200
3131100
3132000
3140100
3141000
3200100
3200400
3201000
3201300
3202200
3203100
3204000
3210000
3210300
3211200
3212100
3213000
3220200
3221100
3222000
3230100
3231000
3240000
3300000
3300300
3301200
3302100
3303000
3310200
3311100
3312000
3320100
3321000
3330000
3400200
3401100
3402000
3410100
3411000
3420000
4000200
4001100
4001400
4002000
4002300
4003200
4004100
4010100
4010400
4011000
4011300
4012200
4013100
4014000
4020000
4020300
4021200
4022100
4023000
4030200
4031100
4032000
4040100
4041000
4100100
4100400
4101000
4101300
4102200
4103100
4104000
4110000
4110300
4113000
4120200
4122000
4130100
4131000
4140000
4200000
4200300
4201200
4202100
4203000
4210200
4212000
4220100
4221000
4230000
4300200
4301100
4302000
4310100
4311000
4320000
4400100
4401000
4410000
10000200
10001100
10001400
10002000
10002300
10003200
10004100
10004400
10010100
10010400
10011000
10011300
10012200
10013100
10013400
10014000
10014300
10020000
10020300
10021200
10022100
10022400
10023000
10023300
10024200
10030200
10031100
10031400
10032000
10032300
10033200
10034100
10040100
10040400
10041000
10041300
10042200
10043100
10044000
10100100
10100400
10101000
10101300
10102200
10103100
10103400
10104000
10104300
10110000
10110300
10113000
10113300
10120200
10122000
10122300
10123200
10130100
10130400
10131000
10131300
10132200
10133100
10134000
10140000
10140300
10143000
10200000
10200300
10201200
10202100
10202400
10203000
10203300
10204200
10210200
10212000
10212300
10213200
10220100
10220400
10221000
10221300
10222200
10223100
10224000
10230000
10230300
10231200
10232100
10233000
10240200
10242000
10300200
10301100
10301400
10302000
10302300
10303200
10304100
10310100
10310400
10311000
10311300
10312200
10313100
10314000
10320000
10320300
10321200
10322100
10323000
10330200
10331100
10332000
10340100
10341000
10400100
10400400
10401000
10401300
10402200
10403100
10404000
10410000
10410300
10413000
10420200
10422000
10430100
10431000
10440000
11000100
11000400
11001000
11001300
11002200
11003100
11003400
11004000
11004300
11010000
11010300
11013000
11013300
11020200
11022000
11022300
11023200
11030100
11030400
11031000
11031300
11032200
11033100
11034000
11040000
11040300
11043000
11100000
11100300
11103000
11103300
11130000
11130300
11133000
11200200
11202000
11202300
11203200
11220000
11220300
11223000
11230200
11232000
11300100
11300400
11301000
11301300
11302200
11303100
11304000
11310000
11310300
11313000
11320200
11322000
11330100
11331000
11340000
11400000
11400300
11403000
11430000
12000000
12000300
12001200
12002100
12002400
12003000
12003300
12004200
12010200
12012000
12012300
12013200
12020100
12020400
12021000
12021300
12022200
12023100
12024000
12030000
12030300
12031200
12032100
12033000
12040200
12042000
12100200
12102000
12102300
12103200
12120000
12120300
12123000
12130200
12132000
12200100
12200400
12201000
12201300
12202200
12203100
12204000
12210000
12210300
12213000
12220200
12222000
12230100
12231000
12240000
12300000
12300300
12301200
12302100
12303000
12310200
12312000
12320100
12321000
12330000
12400200
12402000
12420000
13000200
13001100
13001400
13002000
13002300
13003200
13004100
13010100
13010400
13011000
13011300
13012200
13013100
13014000
13020000
13020300
13021200
13022100
13023000
13030200
13031100
13032000
13040100
13041000
13100100
13100400
13101000
13101300
13102200
13103100
13104000
13110000
13110300
13113000
13120200
13122000
13130100
13131000
13140000
13200000
13200300
13201200
13202100
13203000
13210200
13212000
13220100
13221000
13230000
13300200
13301100
13302000
13310100
13311000
13320000
13400100
13401000
13410000
14000100
14000400
14001000
14001300
14002200
14003100
14004000
14010000
14010300
14013000
14020200
14022000
14030100
14031000
14040000
14100000
14100300
14103000
14130000
14200200
14202000
14220000
14300100
14301000
14310000
14400000
20000100
20000400
20001000
20001300
20002200
20003100
20003400
20004000
20004300
20010000
20010300
20011200
20012100
20012400
20013000
20013300
20014200
20020200
20021100
20021400
20022000
20022300
20023200
20024100
20030100
20030400
20031000
20031300
20032200
20033100
20034000
20040000
20040300
20041200
20042100
20043000
20100000
20100300
20101200
20102100
20102400
20103000
20103300
20104200
20110200
20112000
20112300
20113200
20120100
20120400
20121000
20121300
20122200
20123100
20124000
20130000
20130300
20131200
20132100
20133000
20140200
20142000
20200200
20201100
20201400
20202000
20202300
20203200
20204100
20210100
20210400
20211000
20211300
20212200
20213100
20214000
20220000
20220300
20221200
20222100
20223000
20230200
20231100
20232000
20240100
20241000
20300100
20300400
20301000
20301300
20302200
20303100
20304000
20310000
20310300
20311200
20312100
20313000
20320200
20321100
20322000
20330100
20331000
20340000
20400000
20400300
20401200
20402100
20403000
20410200
20412000
20420100
20421000
20430000
21000000
21000300
21001200
21002100
21002400
21003000
21003300
21004200
21010200
21012000
21012300
21013200
21020100
21020400
21021000
21021300
21022200
21023100
21024000
21030000
21030300
21031200
21032100
21033000
21040200
21042000
21100200
21102000
21102300
21103200
21120000
21120300
21123000
21130200
21132000
21200100
21200400
21201000
21201300
21202200
21203100
21204000
21210000
21210300
21213000
21220200
21222000
21230100
21231000
21240000
21300000
21300300
21301200
21302100
21303000
21310200
21312000
21320100
21321000
21330000
21400200
21402000
21420000
22000200
22001100
22001400
22002000
22002300
22003200
22004100
22010100
22010400
22011000
22011300
22012200
22013100
22014000
22020000
22020300
22021200
22022100
22023000
22030200
22031100
22032000
22040100
22041000
22100100
22100400
22101000
22101300
22102200
22103100
22104000
22110000
22110300
22113000
22120200
22122000
22130100
22131000
22140000
22200000
22200300
22201200
22202100
22203000
22210200
22212000
22220100
22221000
22230000
22300200
22301100
22302000
22310100
22311000
22320000
22400100
22401000
22410000
23000100
23000400
23001000
23001300
23002200
23003100
23004000
23010000
23010300
23011200
23012100
23013000
23020200
23021100
23022000
23030100
23031000
23040000
23100000
23100300
23101200
23102100
23103000
23110200
23112000
23120100
23121000
23130000
23200200
23201100
23202000
23210100
23211000
23220000
23300100
23301000
23310000
23400000
24000000
24000300
24001200
24002100
24003000
24010200
24012000
24020100
24021000
24030000
24100200
24102000
24120000
24200100
24201000
24210000
24300000
30000000
30000300
30001200
30002100
30002400
30003000
30003300
30004200
30010200
30011100
30011400
30012000
30012300
30013200
30014100
30020100
30020400
30021000
30021300
30022200
30023100
30024000
30030000
30030300
30031200
30032100
30033000
30040200
30041100
30042000
30100200
30101100
30101400
30102000
30102300
30103200
30104100
30110100
30110400
30111000
30111300
30112200
30113100
30114000
30120000
30120300
30121200
30122100
30123000
30130200
30131100
30132000
30140100
30141000
30200100
30200400
30201000
30201300
30202200
30203100
30204000
30210000
30210300
30211200
30212100
30213000
30220200
30221100
30222000
30230100
30231000
30240000
30300000
30300300
30301200
30302100
30303000
30310200
30311100
30312000
30320100
30321000
30330000
30400200
30401100
30402000
30410100
30411000
30420000
31000200
31001100
31001400
31002000
31002300
31003200
31004100
31010100
31010400
31011000
31011300
31012200
31013100
31014000
31020000
31020300
31021200
31022100
31023000
31030200
31031100
31032000
31040100
31041000
31100100
31100400
31101000
31101300
31102200
31103100
31104000
31110000
31110300
31113000
31120200
31122000
31130100
31131000
31140000
31200000
31200300
31201200
31202100
31203000
31210200
31212000
31220100
31221000
31230000
31300200
31301100
31302000
31310100
31311000
31320000
31400100
31401000
31410000
32000100
32000400
32001000
32001300
32002200
32003100
32004000
32010000
32010300
32011200
32012100
32013000
32020200
32021100
32022000
32030100
32031000
32040000
32100000
32100300
32101200
32102100
32103000
32110200
32112000
32120100
32121000
32130000
32200200
32201100
32202000
32210100
32211000
32220000
32300100
32301000
32310000
32400000
33000000
33000300
33001200
33002100
33003000
33010200
33011100
33012000
33020100
33021000
33030000
33100200
33101100
33102000
33110100
33111000
33120000
33200100
33201000
33210000
33300000
34000200
34001100
34002000
34010100
34011000
34020000
34100100
34101000
34110000
34200000
40000200
40001100
40001400
40002000
40002300
40003200
40004100
40010100
40010400
40011000
40011300
40012200
40013100
40014000
40020000
40020300
40021200
40022100
40023000
40030200
40031100
40032000
40040100
40041000
40100100
40100400
40101000
40101300
40102200
40103100
40104000
40110000
40110300
40113000
40120200
40122000
40130100
40131000
40140000
40200000
40200300
40201200
40202100
40203000
40210200
40212000
40220100
40221000
40230000
40300200
40301100
40302000
40310100
40311000
40320000
40400100
40401000
40410000
41000100
41000400
41001000
41001300
41002200
41003100
41004000
41010000
41010300
41013000
41020200
41022000
41030100
41031000
41040000
41100000
41100300
41103000
41130000
41200200
41202000
41220000
41300100
41301000
41310000
41400000
42000000
42000300
42001200
42002100
42003000
42010200
42012000
42020100
42021000
42030000
42100200
42102000
42120000
42200100
42201000
42210000
42300000
43000200
43001100
43002000
43010100
43011000
43020000
43100100
43101000
43110000
43200000
44000100
44001000
44010000
44100000
100000200
100001100
100001400
100002000
100002300
100003200
100004100
100004400
100010100
100010400
100011000
100011300
100012200
100013100
100013400
100014000
100014300
100020000
100020300
100021200
100022100
100022400
100023000
100023300
100024200
100030200
100031100
100031400
100032000
100032300
100033200
100034100
100040100
100040400
100041000
100041300
100042200
100043100
100044000
100100100
100100400
100101000
100101300
100102200
100103100
100103400
100104000
100104300
100110000
100110300
100113000
100113300
100120200
100122000
100122300
100123200
100130100
100130400
100131000
100131300
100132200
100133100
100134000
100140000
100140300
100143000
100200000
100200300
100201200
100202100
100202400
100203000
100203300
100204200
100210200
100212000
100212300
100213200
100220100
100220400
100221000
100221300
100222200
100223100
100224000
100230000
100230300
100231200
100232100
100233000
100240200
100242000
100300200
100301100
100301400
100302000
100302300
100303200
100304100
100310100
100310400
100311000
100311300
100312200
100313100
100314000
100320000
100320300
100321200
100322100
100323000
100330200
100331100
100332000
100340100
100341000
100400100
100400400
100401000
100401300
100402200
100403100
100404000
100410000
100410300
100413000
100420200
100422000
100430100
100431000
100440000
101000100
101000400
101001000
101001300
101002200
101003100
101003400
101004000
101004300
101010000
101010300
101013000
101013300
101020200
101022000
101022300
101023200
101030100
101030400
101031000
101031300
101032200
101033100
101034000
101040000
101040300
101043000
101100000
101100300
101103000
101103300
101130000
101130300
101133000
101200200
101202000
101202300
101203200
101220000
101220300
101223000
101230200
101232000
101300100
101300400
101301000
101301300
101302200
101303100
101304000
101310000
101310300
101313000
101320200
101322000
101330100
101331000
101340000
101400000
101400300
101403000
101430000
102000000
102000300
102001200
102002100
102002400
102003000
102003300
102004200
102010200
102012000
102012300
102013200
102020100
102020400
102021000
102021300
102022200
102023100
102024000
102030000
102030300
102031200
102032100
102033000
102040200
102042000
102100200
102102000
102102300
102103200
102120000
102120300
102123000
102130200
102132000
102200100
102200400
102201000
102201300
102202200
102203100
102204000
102210000
102210300
102213000
102220200
102222000
102230100
102231000
102240000
102300000
102300300
102301200
102302100
102303000
102310200
102312000
102320100
102321000
102330000
102400200
102402000
102420000
103000200
103001100
103001400
103002000
103002300
103003200
103004100
103010100
103010400
103011000
103011300
103012200
103013100
103014000
103020000
103020300
103021200
103022100
103023000
103030200
103031100
103032000
103040100
103041000
103100100
103100400
103101000
103101300
103102200
103103100
103104000
103110000
103110300
103113000
103120200
103122000
103130100
103131000
103140000
103200000
103200300
103201200
103202100
103203000
103210200
103212000
103220100
103221000
103230000
103300200
103301100
103302000
103310100
103311000
103320000
103400100
103401000
103410000
104000100
104000400
104001000
104001300
104002200
104003100
104004000
104010000
104010300
104013000
104020200
104022000
104030100
104031000
104040000
104100000
104100300
104103000
104130000
104200200
104202000
104220000
104300100
104301000
104310000
104400000
110000100
110000400
110001000
110001300
110002200
110003100
110003400
110004000
110004300
110010000
110010300
110013000
110013300
110020200
110022000
110022300
110023200
110030100
110030400
110031000
110031300
110032200
110033100
110034000
110040000
110040300
110043000
110100000
110100300
110103000
110103300
110130000
110130300
110133000
110200200
110202000
110202300
110203200
110220000
110220300
110223000
110230200
110232000
110300100
110300400
110301000
110301300
110302200
110303100
110304000
110310000
110310300
110313000
110320200
110322000
110330100
110331000
110340000
110400000
110400300
110403000
110430000
111000000
111000300
111003000
111003300
111030000
111030300
111033000
111300000
111300300
111303000
111330000
112000200
112002000
112002300
112003200
112020000
112020300
112023000
112030200
112032000
112200000
112200300
112203000
112230000
112300200
112302000
112320000
113000100
113000400
113001000
113001300
113002200
113003100
113004000
113010000
113010300
113013000
113020200
113022000
113030100
113031000
113040000
113100000
113100300
113103000
113130000
113200200
113202000
113220000
113300100
113301000
113310000
113400000
114000000
114000300
114003000
114030000
114300000
120000000
120000300
120001200
120002100
120002400
120003000
120003300
120004200
120010200
120012000
120012300
120013200
120020100
120020400
120021000
120021300
120022200
120023100
120024000
120030000
120030300
120031200
120032100
120033000
120040200
120042000
120100200
120102000
120102300
120103200
120120000
120120300
120123000
120130200
120132000
120200100
120200400
120201000
120201300
120202200
120203100
120204000
120210000
120210300
120213000
120220200
120222000
120230100
120231000
120240000
120300000
120300300
120301200
120302100
120303000
120310200
120312000
120320100
120321000
120330000
120400200
120402000
120420000
121000200
121002000
121002300
121003200
121020000
121020300
121023000
121030200
121032000
121200000
121200300
121203000
121230000
121300200
121302000
121320000
122000100
122000400
122001000
122001300
122002200
122003100
122004000
122010000
122010300
122013000
122020200
122022000
122030100
122031000
122040000
122100000
122100300
122103000
122130000
122200200
122202000
122220000
122300100
122301000
122310000
122400000
123000000
123000300
123001200
123002100
123003000
123010200
123012000
123020100
123021000
123030000
123100200
123102000
123120000
123200100
123201000
123210000
123300000
124000200
124002000
124020000
124200000
130000200
130001100
130001400
130002000
130002300
130003200
130004100
130010100
130010400
130011000
130011300
130012200
130013100
130014000
130020000
130020300
130021200
130022100
130023000
130030200
130031100
130032000
130040100
130041000
130100100
130100400
130101000
130101300
130102200
130103100
130104000
130110000
130110300
130113000
130120200
130122000
130130100
130131000
130140000
130200000
130200300
130201200
130202100
130203000
130210200
130212000
130220100
130221000
130230000
130300200
130301100
130302000
130310100
130311000
130320000
130400100
130401000
130410000
131000100
131000400
131001000
131001300
131002200
131003100
131004000
131010000
131010300
131013000
131020200
131022000
131030100
131031000
131040000
131100000
131100300
131103000
131130000
131200200
131202000
131220000
131300100
131301000
131310000
131400000
132000000
132000300
132001200
132002100
132003000
132010200
132012000
132020100
132021000
132030000
132100200
132102000
132120000
132200100
132201000
132210000
132300000
133000200
133001100
133002000
133010100
133011000
133020000
133100100
133101000
133110000
133200000
134000100
134001000
134010000
134100000
140000100
140000400
140001000
140001300
140002200
140003100
140004000
140010000
140010300
140013000
140020200
140022000
140030100
140031000
140040000
140100000
140100300
140103000
140130000
140200200
140202000
140220000
140300100
140301000
140310000
140400000
141000000
141000300
141003000
141030000
141300000
142000200
142002000
142020000
142200000
143000100
143001000
143010000
143100000
144000000
200000100
200000400
200001000
200001300
200002200
200003100
200003400
200004000
200004300
200010000
200010300
200011200
200012100
200012400
200013000
200013300
200014200
200020200
200021100
200021400
200022000
200022300
200023200
200024100
200030100
200030400
200031000
200031300
200032200
200033100
200034000
200040000
200040300
200041200
200042100
200043000
200100000
200100300
200101200
200102100
200102400
200103000
200103300
200104200
200110200
200112000
200112300
200113200
200120100
200120400
200121000
200121300
200122200
200123100
200124000
200130000
200130300
200131200
200132100
200133000
200140200
200142000
200200200
200201100
200201400
200202000
200202300
200203200
200204100
200210100
200210400
200211000
200211300
200212200
200213100
200214000
200220000
200220300
200221200
200222100
200223000
200230200
200231100
200232000
200240100
200241000
200300100
200300400
200301000
200301300
200302200
200303100
200304000
200310000
200310300
200311200
200312100
200313000
200320200
200321100
200322000
200330100
200331000
200340000
200400000
200400300
200401200
200402100
200403000
200410200
200412000
200420100
200421000
200430000
201000000
201000300
201001200
201002100
201002400
201003000
201003300
201004200
201010200
201012000
201012300
201013200
201020100
201020400
201021000
201021300
201022200
201023100
201024000
201030000
201030300
201031200
201032100
201033000
201040200
201042000
201100200
201102000
201102300
201103200
201120000
201120300
201123000
201130200
201132000
201200100
201200400
201201000
201201300
201202200
201203100
201204000
201210000
201210300
201213000
201220200
201222000
201230100
201231000
201240000
201300000
201300300
201301200
201302100
201303000
201310200
201312000
201320100
201321000
201330000
201400200
201402000
201420000
202000200
202001100
202001400
202002000
202002300
202003200
202004100
202010100
202010400
202011000
202011300
202012200
202013100
202014000
202020000
202020300
202021200
202022100
202023000
202030200
202031100
202032000
202040100
202041000
202100100
202100400
202101000
202101300
202102200
202103100
202104000
202110000
202110300
202113000
202120200
202122000
202130100
202131000
202140000
202200000
202200300
202201200
202202100
202203000
202210200
202212000
202220100
202221000
202230000
202300200
202301100
202302000
202310100
202311000
202320000
202400100
202401000
202410000
203000100
203000400
203001000
203001300
203002200
203003100
203004000
203010000
203010300
203011200
203012100
203013000
203020200
203021100
203022000
203030100
203031000
203040000
203100000
203100300
203101200
203102100
203103000
203110200
203112000
203120100
203121000
203130000
203200200
203201100
203202000
203210100
203211000
203220000
203300100
203301000
203310000
203400000
204000000
204000300
204001200
204002100
204003000
204010200
204012000
204020100
204021000
204030000
204100200
204102000
204120000
204200100
204201000
204210000
204300000
210000000
210000300
210001200
210002100
210002400
210003000
210003300
210004200
210010200
210012000
210012300
210013200
210020100
210020400
210021000
210021300
210022200
210023100
210024000
210030000
210030300
210031200
210032100
210033000
210040200
210042000
210100200
210102000
210102300
210103200
210120000
210120300
210123000
210130200
210132000
210200100
210200400
210201000
210201300
210202200
210203100
210204000
210210000
210210300
210213000
210220200
210222000
210230100
210231000
210240000
210300000
210300300
210301200
210302100
210303000
210310200
210312000
210320100
210321000
210330000
210400200
210402000
210420000
211000200
211002000
211002300
211003200
211020000
211020300
211023000
211030200
211032000
211200000
211200300
211203000
211230000
211300200
211302000
211320000
212000100
212000400
212001000
212001300
212002200
212003100
212004000
212010000
212010300
212013000
212020200
212022000
212030100
212031000
212040000
212100000
212100300
212103000
212130000
212200200
212202000
212220000
212300100
212301000
212310000
212400000
213000000
213000300
213001200
213002100
213003000
213010200
213012000
213020100
213021000
213030000
213100200
213102000
213120000
213200100
213201000
213210000
213300000
214000200
214002000
214020000
214200000
220000200
220001100
220001400
220002000
220002300
220003200
220004100
220010100
220010400
220011000
220011300
220012200
220013100
220014000
220020000
220020300
220021200
220022100
220023000
220030200
220031100
220032000
220040100
220041000
220100100
220100400
220101000
220101300
220102200
220103100
220104000
220110000
220110300
220113000
220120200
220122000
220130100
220131000
220140000
220200000
220200300
220201200
220202100
220203000
220210200
220212000
220220100
220221000
220230000
220300200
220301100
220302000
220310100
220311000
220320000
220400100
220401000
220410000
221000100
221000400
221001000
221001300
221002200
221003100
221004000
221010000
221010300
221013000
221020200
221022000
221030100
221031000
221040000
221100000
221100300
221103000
221130000
221200200
221202000
221220000
221300100
221301000
221310000
221400000
222000000
222000300
222001200
222002100
222003000
222010200
222012000
222020100
222021000
222030000
222100200
222102000
222120000
222200100
222201000
222210000
222300000
223000200
223001100
223002000
223010100
223011000
223020000
223100100
223101000
223110000
223200000
224000100
224001000
224010000
224100000
230000100
230000400
230001000
230001300
230002200
230003100
230004000
230010000
230010300
230011200
230012100
230013000
230020200
230021100
230022000
230030100
230031000
230040000
230100000
230100300
230101200
230102100
230103000
230110200
230112000
230120100
230121000
230130000
230200200
230201100
230202000
230210100
230211000
230220000
230300100
230301000
230310000
230400000
231000000
231000300
231001200
231002100
231003000
231010200
231012000
231020100
231021000
231030000
231100200
231102000
231120000
231200100
231201000
231210000
231300000
232000200
232001100
232002000
232010100
232011000
232020000
232100100
232101000
232110000
232200000
233000100
233001000
233010000
233100000
234000000
240000000
240000300
240001200
240002100
240003000
240010200
240012000
240020100
240021000
240030000
240100200
240102000
240120000
240200100
240201000
240210000
240300000
241000200
241002000
241020000
241200000
242000100
242001000
242010000
242100000
243000000
300000000
300000300
300001200
300002100
300002400
300003000
300003300
300004200
300010200
300011100
300011400
300012000
300012300
300013200
300014100
300020100
300020400
300021000
300021300
300022200
300023100
300024000
300030000
300030300
300031200
300032100
300033000
300040200
300041100
300042000
300100200
300101100
300101400
300102000
300102300
300103200
300104100
300110100
300110400
300111000
300111300
300112200
300113100
300114000
300120000
300120300
300121200
300122100
300123000
300130200
300131100
300132000
300140100
300141000
300200100
300200400
300201000
300201300
300202200
300203100
300204000
300210000
300210300
300211200
300212100
300213000
300220200
300221100
300222000
300230100
300231000
300240000
300300000
300300300
300301200
300302100
300303000
300310200
300311100
300312000
300320100
300321000
300330000
300400200
300401100
300402000
300410100
300411000
300420000
301000200
301001100
301001400
301002000
301002300
301003200
301004100
301010100
301010400
301011000
301011300
301012200
301013100
301014000
301020000
301020300
301021200
301022100
301023000
301030200
301031100
301032000
301040100
301041000
301100100
301100400
301101000
301101300
301102200
301103100
301104000
301110000
301110300
301113000
301120200
301122000
301130100
301131000
301140000
301200000
301200300
301201200
301202100
301203000
301210200
301212000
301220100
301221000
301230000
301300200
301301100
301302000
301310100
301311000
301320000
301400100
301401000
301410000
302000100
302000400
302001000
302001300
302002200
302003100
302004000
302010000
302010300
302011200
302012100
302013000
302020200
302021100
302022000
302030100
302031000
302040000
302100000
302100300
302101200
302102100
302103000
302110200
302112000
302120100
302121000
302130000
302200200
302201100
302202000
302210100
302211000
302220000
302300100
302301000
302310000
302400000
303000000
303000300
303001200
303002100
303003000
303010200
303011100
303012000
303020100
303021000
303030000
303100200
303101100
303102000
303110100
303111000
303120000
303200100
303201000
303210000
303300000
304000200
304001100
304002000
304010100
304011000
304020000
304100100
304101000
304110000
304200000
310000200
310001100
310001400
310002000
310002300
310003200
310004100
310010100
310010400
310011000
310011300
310012200
310013100
310014000
310020000
310020300
310021200
310022100
310023000
310030200
310031100
310032000
310040100
310041000
310100100
310100400
310101000
310101300
310102200
310103100
310104000
310110000
310110300
310113000
310120200
310122000
310130100
310131000
310140000
310200000
310200300
310201200
310202100
310203000
310210200
310212000
310220100
310221000
310230000
310300200
310301100
310302000
310310100
310311000
310320000
310400100
310401000
310410000
311000100
311000400
311001000
311001300
311002200
311003100
311004000
311010000
311010300
311013000
311020200
311022000
311030100
311031000
311040000
311100000
311100300
311103000
311130000
311200200
311202000
311220000
311300100
311301000
311310000
311400000
312000000
312000300
312001200
312002100
312003000
312010200
312012000
312020100
312021000
312030000
312100200
312102000
312120000
312200100
312201000
312210000
312300000
313000200
313001100
313002000
313010100
313011000
313020000
313100100
313101000
313110000
313200000
314000100
314001000
314010000
314100000
320000100
320000400
320001000
320001300
320002200
320003100
320004000
320010000
320010300
320011200
320012100
320013000
320020200
320021100
320022000
320030100
320031000
320040000
320100000
320100300
320101200
320102100
320103000
320110200
320112000
320120100
320121000
320130000
320200200
320201100
320202000
320210100
320211000
320220000
320300100
320301000
320310000
320400000
321000000
321000300
321001200
321002100
321003000
321010200
321012000
321020100
321021000
321030000
321100200
321102000
321120000
321200100
321201000
321210000
321300000
322000200
322001100
322002000
322010100
322011000
322020000
322100100
322101000
322110000
322200000
323000100
323001000
323010000
323100000
324000000
330000000
330000300
330001200
330002100
330003000
330010200
330011100
330012000
330020100
330021000
330030000
330100200
330101100
330102000
330110100
330111000
330120000
330200100
330201000
330210000
330300000
331000200
331001100
331002000
331010100
331011000
331020000
331100100
331101000
331110000
331200000
332000100
332001000
332010000
332100000
333000000
340000200
340001100
340002000
340010100
340011000
340020000
340100100
340101000
340110000
340200000
341000100
341001000
341010000
341100000
342000000
400000200
400001100
400001400
400002000
400002300
400003200
400004100
400010100
400010400
400011000
400011300
400012200
400013100
400014000
400020000
400020300
400021200
400022100
400023000
400030200
400031100
400032000
400040100
400041000
400100100
400100400
400101000
400101300
400102200
400103100
400104000
400110000
400110300
400113000
400120200
400122000
400130100
400131000
400140000
400200000
400200300
400201200
400202100
400203000
400210200
400212000
400220100
400221000
400230000
400300200
400301100
400302000
400310100
400311000
400320000
400400100
400401000
400410000
401000100
401000400
401001000
401001300
401002200
401003100
401004000
401010000
401010300
401013000
401020200
401022000
401030100
401031000
401040000
401100000
401100300
401103000
401130000
401200200
401202000
401220000
401300100
401301000
401310000
401400000
402000000
402000300
402001200
402002100
402003000
402010200
402012000
402020100
402021000
402030000
402100200
402102000
402120000
402200100
402201000
402210000
402300000
403000200
403001100
403002000
403010100
403011000
403020000
403100100
403101000
403110000
403200000
404000100
404001000
404010000
404100000
410000100
410000400
410001000
410001300
410002200
410003100
410004000
410010000
410010300
410013000
410020200
410022000
410030100
410031000
410040000
410100000
410100300
410103000
410130000
410200200
410202000
410220000
410300100
410301000
410310000
410400000
411000000
411000300
411003000
411030000
411300000
412000200
412002000
412020000
412200000
413000100
413001000
413010000
413100000
414000000
420000000
420000300
420001200
420002100
420003000
420010200
420012000
420020100
420021000
420030000
420100200
420102000
420120000
420200100
420201000
420210000
420300000
421000200
421002000
421020000
421200000
422000100
422001000
422010000
422100000
423000000
430000200
430001100
430002000
430010100
430011000
430020000
430100100
430101000
430110000
430200000
431000100
431001000
431010000
431100000
432000000
440000100
440001000
440010000
440100000
441000000
