300
3000
3300
30000
30300
33000
33300
300000
300300
303000
303300
330000
330300
333000
333300
3000000
3000300
3003000
3003300
3030000
3030300
3033000
3033300
3300000
3300300
3303000
3303300
3330000
3330300
3333000
30000000
30000300
30003000
30003300
30030000
30030300
30033000
30033300
30300000
30300300
30303000
30303300
30330000
30330300
30333000
33000000
33000300
33003000
33003300
33030000
33030300
33033000
33300000
33300300
33303000
33330000
300000000
300000300
300003000
300003300
300030000
300030300
300033000
300033300
300300000
300300300
300303000
300303300
300330000
300330300
300333000
303000000
303000300
303003000
303003300
303030000
303030300
303033000
303300000
303300300
303303000
303330000
330000000
330000300
330003000
330003300
330030000
330030300
330033000
330300000
330300300
330303000
330330000
333000000
333000300
333003000
333030000
333300000
