100
400
1000
1300
2200
3100
3400
4000
4300
10000
10300
11200
12100
12400
13000
13300
14200
20200
21100
21400
22000
22300
23200
24100
24400
30100
30400
31000
31300
32200
33100
33400
34000
34300
40000
40300
41200
42100
42400
43000
43300
44200
100000
100300
101200
102100
102400
103000
103300
104200
110200
112000
112300
113200
120100
120400
121000
121300
122200
123100
123400
124000
124300
130000
130300
131200
132100
132400
133000
133300
134200
140200
142000
142300
143200
200200
201100
201400
202000
202300
203200
204100
204400
210100
210400
211000
211300
212200
213100
213400
214000
214300
220000
220300
221200
222100
222400
223000
223300
224200
230200
231100
231400
232000
232300
233200
234100
240100
240400
241000
241300
242200
243100
244000
300100
300400
301000
301300
302200
303100
303400
304000
304300
310000
310300
311200
312100
312400
313000
313300
314200
320200
321100
321400
322000
322300
323200
324100
330100
330400
331000
331300
332200
333100
334000
340000
340300
341200
342100
343000
400000
400300
401200
402100
402400
403000
403300
404200
410200
412000
412300
413200
420100
420400
421000
421300
422200
423100
424000
430000
430300
431200
432100
433000
440200
442000
1000000
1000300
1001200
1002100
1002400
1003000
1003300
1004200
1010200
1012000
1012300
1013200
1020100
1020400
1021000
1021300
1022200
1023100
1023400
1024000
1024300
1030000
1030300
1031200
1032100
1032400
1033000
1033300
1034200
1040200
1042000
1042300
1043200
1100200
1102000
1102300
1103200
1120000
1120300
1123000
1123300
1130200
1132000
1132300
1133200
1200100
1200400
1201000
1201300
1202200
1203100
1203400
1204000
1204300
1210000
1210300
1213000
1213300
1220200
1222000
1222300
1223200
1230100
1230400
1231000
1231300
1232200
1233100
1234000
1240000
1240300
1243000
1300000
1300300
1301200
1302100
1302400
1303000
1303300
1304200
1310200
1312000
1312300
1313200
1320100
1320400
1321000
1321300
1322200
1323100
1324000
1330000
1330300
1331200
1332100
1333000
1340200
1342000
1400200
1402000
1402300
1403200
1420000
1420300
1423000
1430200
1432000
2000200
2001100
2001400
2002000
2002300
2003200
2004100
2004400
2010100
2010400
2011000
2011300
2012200
2013100
2013400
2014000
2014300
2020000
2020300
2021200
2022100
2022400
2023000
2023300
2024200
2030200
2031100
2031400
2032000
2032300
2033200
2034100
2040100
2040400
2041000
2041300
2042200
2043100
2044000
2100100
2100400
2101000
2101300
2102200
2103100
2103400
2104000
2104300
2110000
2110300
2113000
2113300
2120200
2122000
2122300
2123200
2130100
2130400
2131000
2131300
2132200
2133100
2134000
2140000
2140300
2143000
2200000
2200300
2201200
2202100
2202400
2203000
2203300
2204200
2210200
2212000
2212300
2213200
2220100
2220400
2221000
2221300
2222200
2223100
2224000
2230000
2230300
2231200
2232100
2233000
2240200
2242000
2300200
2301100
2301400
2302000
2302300
2303200
2304100
2310100
2310400
2311000
2311300
2312200
2313100
2314000
2320000
2320300
2321200
2322100
2323000
2330200
2331100
2332000
2340100
2341000
2400100
2400400
2401000
2401300
2402200
2403100
2404000
2410000
2410300
2413000
2420200
2422000
2430100
2431000
2440000
3000100
3000400
3001000
3001300
3002200
3003100
3003400
3004000
3004300
3010000
3010300
3011200
3012100
3012400
3013000
3013300
3014200
3020200
3021100
3021400
3022000
3022300
3023200
3024100
3030100
3030400
3031000
3031300
3032200
3033100
3034000
3040000
3040300
3041200
3042100
3043000
3100000
3100300
3101200
3102100
3102400
3103000
3103300
3104200
3110200
3112000
3112300
3113200
3120100
3120400
3121000
3121300
3122200
3123100
3124000
3130000
3130300
3131200
3132100
3133000
3140200
3142000
3200200
3201100
3201400
3202000
3202300
3203200
3204100
3210100
3210400
3211000
3211300
3212200
3213100
3214000
3220000
3220300
3221200
3222100
3223000
3230200
3231100
3232000
3240100
3241000
3300100
3300400
3301000
3301300
3302200
3303100
3304000
3310000
3310300
3311200
3312100
3313000
3320200
3321100
3322000
3330100
3331000
3340000
3400000
3400300
3401200
3402100
3403000
3410200
3412000
3420100
3421000
3430000
4000000
4000300
4001200
4002100
4002400
4003000
4003300
4004200
4010200
4012000
4012300
4013200
4020100
4020400
4021000
4021300
4022200
4023100
4024000
4030000
4030300
4031200
4032100
4033000
4040200
4042000
4100200
4102000
4102300
4103200
4120000
4120300
4123000
4130200
4132000
4200100
4200400
4201000
4201300
4202200
4203100
4204000
4210000
4210300
4213000
4220200
4222000
4230100
4231000
4240000
4300000
4300300
4301200
4302100
4303000
4310200
4312000
4320100
4321000
4330000
4400200
4402000
4420000
10000000
10000300
10001200
10002100
10002400
10003000
10003300
10004200
10010200
10012000
10012300
10013200
10020100
10020400
10021000
10021300
10022200
10023100
10023400
10024000
10024300
10030000
10030300
10031200
10032100
10032400
10033000
10033300
10034200
10040200
10042000
10042300
10043200
10100200
10102000
10102300
10103200
10120000
10120300
10123000
10123300
10130200
10132000
10132300
10133200
10200100
10200400
10201000
10201300
10202200
10203100
10203400
10204000
10204300
10210000
10210300
10213000
10213300
10220200
10222000
10222300
10223200
10230100
10230400
10231000
10231300
10232200
10233100
10234000
10240000
10240300
10243000
10300000
10300300
10301200
10302100
10302400
10303000
10303300
10304200
10310200
10312000
10312300
10313200
10320100
10320400
10321000
10321300
10322200
10323100
10324000
10330000
10330300
10331200
10332100
10333000
10340200
10342000
10400200
10402000
10402300
10403200
10420000
10420300
10423000
10430200
10432000
11000200
11002000
11002300
11003200
11020000
11020300
11023000
11023300
11030200
11032000
11032300
11033200
11200000
11200300
11203000
11203300
11230000
11230300
11233000
11300200
11302000
11302300
11303200
11320000
11320300
11323000
11330200
11332000
12000100
12000400
12001000
12001300
12002200
12003100
12003400
12004000
12004300
12010000
12010300
12013000
12013300
12020200
12022000
12022300
12023200
12030100
12030400
12031000
12031300
12032200
12033100
12034000
12040000
12040300
12043000
12100000
12100300
12103000
12103300
12130000
12130300
12133000
12200200
12202000
12202300
12203200
12220000
12220300
12223000
12230200
12232000
12300100
12300400
12301000
12301300
12302200
12303100
12304000
12310000
12310300
12313000
12320200
12322000
12330100
12331000
12340000
12400000
12400300
12403000
12430000
13000000
13000300
13001200
13002100
13002400
13003000
13003300
13004200
13010200
13012000
13012300
13013200
13020100
13020400
13021000
13021300
13022200
13023100
13024000
13030000
13030300
13031200
13032100
13033000
13040200
13042000
13100200
13102000
13102300
13103200
13120000
13120300
13123000
13130200
13132000
13200100
13200400
13201000
13201300
13202200
13203100
13204000
13210000
13210300
13213000
13220200
13222000
13230100
13231000
13240000
13300000
13300300
13301200
13302100
13303000
13310200
13312000
13320100
13321000
13330000
13400200
13402000
13420000
14000200
14002000
14002300
14003200
14020000
14020300
14023000
14030200
14032000
14200000
14200300
14203000
14230000
14300200
14302000
14320000
20000200
20001100
20001400
20002000
20002300
20003200
20004100
20004400
20010100
20010400
20011000
20011300
20012200
20013100
20013400
20014000
20014300
20020000
20020300
20021200
20022100
20022400
20023000
20023300
20024200
20030200
20031100
20031400
20032000
20032300
20033200
20034100
20040100
20040400
20041000
20041300
20042200
20043100
20044000
20100100
20100400
20101000
20101300
20102200
20103100
20103400
20104000
20104300
20110000
20110300
20113000
20113300
20120200
20122000
20122300
20123200
20130100
20130400
20131000
20131300
20132200
20133100
20134000
20140000
20140300
20143000
20200000
20200300
20201200
20202100
20202400
20203000
20203300
20204200
20210200
20212000
20212300
20213200
20220100
20220400
20221000
20221300
20222200
20223100
20224000
20230000
20230300
20231200
20232100
20233000
20240200
20242000
20300200
20301100
20301400
20302000
20302300
20303200
20304100
20310100
20310400
20311000
20311300
20312200
20313100
20314000
20320000
20320300
20321200
20322100
20323000
20330200
20331100
20332000
20340100
20341000
20400100
20400400
20401000
20401300
20402200
20403100
20404000
20410000
20410300
20413000
20420200
20422000
20430100
20431000
20440000
21000100
21000400
21001000
21001300
21002200
21003100
21003400
21004000
21004300
21010000
21010300
21013000
21013300
21020200
21022000
21022300
21023200
21030100
21030400
21031000
21031300
21032200
21033100
21034000
21040000
21040300
21043000
21100000
21100300
21103000
21103300
21130000
21130300
21133000
21200200
21202000
21202300
21203200
21220000
21220300
21223000
21230200
21232000
21300100
21300400
21301000
21301300
21302200
21303100
21304000
21310000
21310300
21313000
21320200
21322000
21330100
21331000
21340000
21400000
21400300
21403000
21430000
22000000
22000300
22001200
22002100
22002400
22003000
22003300
22004200
22010200
22012000
22012300
22013200
22020100
22020400
22021000
22021300
22022200
22023100
22024000
22030000
22030300
22031200
22032100
22033000
22040200
22042000
22100200
22102000
22102300
22103200
22120000
22120300
22123000
22130200
22132000
22200100
22200400
22201000
22201300
22202200
22203100
22204000
22210000
22210300
22213000
22220200
22222000
22230100
22231000
22240000
22300000
22300300
22301200
22302100
22303000
22310200
22312000
22320100
22321000
22330000
22400200
22402000
22420000
23000200
23001100
23001400
23002000
23002300
23003200
23004100
23010100
23010400
23011000
23011300
23012200
23013100
23014000
23020000
23020300
23021200
23022100
23023000
23030200
23031100
23032000
23040100
23041000
23100100
23100400
23101000
23101300
23102200
23103100
23104000
23110000
23110300
23113000
23120200
23122000
23130100
23131000
23140000
23200000
23200300
23201200
23202100
23203000
23210200
23212000
23220100
23221000
23230000
23300200
23301100
23302000
23310100
23311000
23320000
23400100
23401000
23410000
24000100
24000400
24001000
24001300
24002200
24003100
24004000
24010000
24010300
24013000
24020200
24022000
24030100
24031000
24040000
24100000
24100300
24103000
24130000
24200200
24202000
24220000
24300100
24301000
24310000
24400000
30000100
30000400
30001000
30001300
30002200
30003100
30003400
30004000
30004300
30010000
30010300
30011200
30012100
30012400
30013000
30013300
30014200
30020200
30021100
30021400
30022000
30022300
30023200
30024100
30030100
30030400
30031000
30031300
30032200
30033100
30034000
30040000
30040300
30041200
30042100
30043000
30100000
30100300
30101200
30102100
30102400
30103000
30103300
30104200
30110200
30112000
30112300
30113200
30120100
30120400
30121000
30121300
30122200
30123100
30124000
30130000
30130300
30131200
30132100
30133000
30140200
30142000
30200200
30201100
30201400
30202000
30202300
30203200
30204100
30210100
30210400
30211000
30211300
30212200
30213100
30214000
30220000
30220300
30221200
30222100
30223000
30230200
30231100
30232000
30240100
30241000
30300100
30300400
30301000
30301300
30302200
30303100
30304000
30310000
30310300
30311200
30312100
30313000
30320200
30321100
30322000
30330100
30331000
30340000
30400000
30400300
30401200
30402100
30403000
30410200
30412000
30420100
30421000
30430000
31000000
31000300
31001200
31002100
31002400
31003000
31003300
31004200
31010200
31012000
31012300
31013200
31020100
31020400
31021000
31021300
31022200
31023100
31024000
31030000
31030300
31031200
31032100
31033000
31040200
31042000
31100200
31102000
31102300
31103200
31120000
31120300
31123000
31130200
31132000
31200100
31200400
31201000
31201300
31202200
31203100
31204000
31210000
31210300
31213000
31220200
31222000
31230100
31231000
31240000
31300000
31300300
31301200
31302100
31303000
31310200
31312000
31320100
31321000
31330000
31400200
31402000
31420000
32000200
32001100
32001400
32002000
32002300
32003200
32004100
32010100
32010400
32011000
32011300
32012200
32013100
32014000
32020000
32020300
32021200
32022100
32023000
32030200
32031100
32032000
32040100
32041000
32100100
32100400
32101000
32101300
32102200
32103100
32104000
32110000
32110300
32113000
32120200
32122000
32130100
32131000
32140000
32200000
32200300
32201200
32202100
32203000
32210200
32212000
32220100
32221000
32230000
32300200
32301100
32302000
32310100
32311000
32320000
32400100
32401000
32410000
33000100
33000400
33001000
33001300
33002200
33003100
33004000
33010000
33010300
33011200
33012100
33013000
33020200
33021100
33022000
33030100
33031000
33040000
33100000
33100300
33101200
33102100
33103000
33110200
33112000
33120100
33121000
33130000
33200200
33201100
33202000
33210100
33211000
33220000
33300100
33301000
33310000
33400000
34000000
34000300
34001200
34002100
34003000
34010200
34012000
34020100
34021000
34030000
34100200
34102000
34120000
34200100
34201000
34210000
34300000
40000000
40000300
40001200
40002100
40002400
40003000
40003300
40004200
40010200
40012000
40012300
40013200
40020100
40020400
40021000
40021300
40022200
40023100
40024000
40030000
40030300
40031200
40032100
40033000
40040200
40042000
40100200
40102000
40102300
40103200
40120000
40120300
40123000
40130200
40132000
40200100
40200400
40201000
40201300
40202200
40203100
40204000
40210000
40210300
40213000
40220200
40222000
40230100
40231000
40240000
40300000
40300300
40301200
40302100
40303000
40310200
40312000
40320100
40321000
40330000
40400200
40402000
40420000
41000200
41002000
41002300
41003200
41020000
41020300
41023000
41030200
41032000
41200000
41200300
41203000
41230000
41300200
41302000
41320000
42000100
42000400
42001000
42001300
42002200
42003100
42004000
42010000
42010300
42013000
42020200
42022000
42030100
42031000
42040000
42100000
42100300
42103000
42130000
42200200
42202000
42220000
42300100
42301000
42310000
42400000
43000000
43000300
43001200
43002100
43003000
43010200
43012000
43020100
43021000
43030000
43100200
43102000
43120000
43200100
43201000
43210000
43300000
44000200
44002000
44020000
44200000
100000000
100000300
100001200
100002100
100002400
100003000
100003300
100004200
100010200
100012000
100012300
100013200
100020100
100020400
100021000
100021300
100022200
100023100
100023400
100024000
100024300
100030000
100030300
100031200
100032100
100032400
100033000
100033300
100034200
100040200
100042000
100042300
100043200
100100200
100102000
100102300
100103200
100120000
100120300
100123000
100123300
100130200
100132000
100132300
100133200
100200100
100200400
100201000
100201300
100202200
100203100
100203400
100204000
100204300
100210000
100210300
100213000
100213300
100220200
100222000
100222300
100223200
100230100
100230400
100231000
100231300
100232200
100233100
100234000
100240000
100240300
100243000
100300000
100300300
100301200
100302100
100302400
100303000
100303300
100304200
100310200
100312000
100312300
100313200
100320100
100320400
100321000
100321300
100322200
100323100
100324000
100330000
100330300
100331200
100332100
100333000
100340200
100342000
100400200
100402000
100402300
100403200
100420000
100420300
100423000
100430200
100432000
101000200
101002000
101002300
101003200
101020000
101020300
101023000
101023300
101030200
101032000
101032300
101033200
101200000
101200300
101203000
101203300
101230000
101230300
101233000
101300200
101302000
101302300
101303200
101320000
101320300
101323000
101330200
101332000
102000100
102000400
102001000
102001300
102002200
102003100
102003400
102004000
102004300
102010000
102010300
102013000
102013300
102020200
102022000
102022300
102023200
102030100
102030400
102031000
102031300
102032200
102033100
102034000
102040000
102040300
102043000
102100000
102100300
102103000
102103300
102130000
102130300
102133000
102200200
102202000
102202300
102203200
102220000
102220300
102223000
102230200
102232000
102300100
102300400
102301000
102301300
102302200
102303100
102304000
102310000
102310300
102313000
102320200
102322000
102330100
102331000
102340000
102400000
102400300
102403000
102430000
103000000
103000300
103001200
103002100
103002400
103003000
103003300
103004200
103010200
103012000
103012300
103013200
103020100
103020400
103021000
103021300
103022200
103023100
103024000
103030000
103030300
103031200
103032100
103033000
103040200
103042000
103100200
103102000
103102300
103103200
103120000
103120300
103123000
103130200
103132000
103200100
103200400
103201000
103201300
103202200
103203100
103204000
103210000
103210300
103213000
103220200
103222000
103230100
103231000
103240000
103300000
103300300
103301200
103302100
103303000
103310200
103312000
103320100
103321000
103330000
103400200
103402000
103420000
104000200
104002000
104002300
104003200
104020000
104020300
104023000
104030200
104032000
104200000
104200300
104203000
104230000
104300200
104302000
104320000
110000200
110002000
110002300
110003200
110020000
110020300
110023000
110023300
110030200
110032000
110032300
110033200
110200000
110200300
110203000
110203300
110230000
110230300
110233000
110300200
110302000
110302300
110303200
110320000
110320300
110323000
110330200
110332000
112000000
112000300
112003000
112003300
112030000
112030300
112033000
112300000
112300300
112303000
112330000
113000200
113002000
113002300
113003200
113020000
113020300
113023000
113030200
113032000
113200000
113200300
113203000
113230000
113300200
113302000
113320000
120000100
120000400
120001000
120001300
120002200
120003100
120003400
120004000
120004300
120010000
120010300
120013000
120013300
120020200
120022000
120022300
120023200
120030100
120030400
120031000
120031300
120032200
120033100
120034000
120040000
120040300
120043000
120100000
120100300
120103000
120103300
120130000
120130300
120133000
120200200
120202000
120202300
120203200
120220000
120220300
120223000
120230200
120232000
120300100
120300400
120301000
120301300
120302200
120303100
120304000
120310000
120310300
120313000
120320200
120322000
120330100
120331000
120340000
120400000
120400300
120403000
120430000
121000000
121000300
121003000
121003300
121030000
121030300
121033000
121300000
121300300
121303000
121330000
122000200
122002000
122002300
122003200
122020000
122020300
122023000
122030200
122032000
122200000
122200300
122203000
122230000
122300200
122302000
122320000
123000100
123000400
123001000
123001300
123002200
123003100
123004000
123010000
123010300
123013000
123020200
123022000
123030100
123031000
123040000
123100000
123100300
123103000
123130000
123200200
123202000
123220000
123300100
123301000
123310000
123400000
124000000
124000300
124003000
124030000
124300000
130000000
130000300
130001200
130002100
130002400
130003000
130003300
130004200
130010200
130012000
130012300
130013200
130020100
130020400
130021000
130021300
130022200
130023100
130024000
130030000
130030300
130031200
130032100
130033000
130040200
130042000
130100200
130102000
130102300
130103200
130120000
130120300
130123000
130130200
130132000
130200100
130200400
130201000
130201300
130202200
130203100
130204000
130210000
130210300
130213000
130220200
130222000
130230100
130231000
130240000
130300000
130300300
130301200
130302100
130303000
130310200
130312000
130320100
130321000
130330000
130400200
130402000
130420000
131000200
131002000
131002300
131003200
131020000
131020300
131023000
131030200
131032000
131200000
131200300
131203000
131230000
131300200
131302000
131320000
132000100
132000400
132001000
132001300
132002200
132003100
132004000
132010000
132010300
132013000
132020200
132022000
132030100
132031000
132040000
132100000
132100300
132103000
132130000
132200200
132202000
132220000
132300100
132301000
132310000
132400000
133000000
133000300
133001200
133002100
133003000
133010200
133012000
133020100
133021000
133030000
133100200
133102000
133120000
133200100
133201000
133210000
133300000
134000200
134002000
134020000
134200000
140000200
140002000
140002300
140003200
140020000
140020300
140023000
140030200
140032000
140200000
140200300
140203000
140230000
140300200
140302000
140320000
142000000
142000300
142003000
142030000
142300000
143000200
143002000
143020000
143200000
200000200
200001100
200001400
200002000
200002300
200003200
200004100
200004400
200010100
200010400
200011000
200011300
200012200
200013100
200013400
200014000
200014300
200020000
200020300
200021200
200022100
200022400
200023000
200023300
200024200
200030200
200031100
200031400
200032000
200032300
200033200
200034100
200040100
200040400
200041000
200041300
200042200
200043100
200044000
200100100
200100400
200101000
200101300
200102200
200103100
200103400
200104000
200104300
200110000
200110300
200113000
200113300
200120200
200122000
200122300
200123200
200130100
200130400
200131000
200131300
200132200
200133100
200134000
200140000
200140300
200143000
200200000
200200300
200201200
200202100
200202400
200203000
200203300
200204200
200210200
200212000
200212300
200213200
200220100
200220400
200221000
200221300
200222200
200223100
200224000
200230000
200230300
200231200
200232100
200233000
200240200
200242000
200300200
200301100
200301400
200302000
200302300
200303200
200304100
200310100
200310400
200311000
200311300
200312200
200313100
200314000
200320000
200320300
200321200
200322100
200323000
200330200
200331100
200332000
200340100
200341000
200400100
200400400
200401000
200401300
200402200
200403100
200404000
200410000
200410300
200413000
200420200
200422000
200430100
200431000
200440000
201000100
201000400
201001000
201001300
201002200
201003100
201003400
201004000
201004300
201010000
201010300
201013000
201013300
201020200
201022000
201022300
201023200
201030100
201030400
201031000
201031300
201032200
201033100
201034000
201040000
201040300
201043000
201100000
201100300
201103000
201103300
201130000
201130300
201133000
201200200
201202000
201202300
201203200
201220000
201220300
201223000
201230200
201232000
201300100
201300400
201301000
201301300
201302200
201303100
201304000
201310000
201310300
201313000
201320200
201322000
201330100
201331000
201340000
201400000
201400300
201403000
201430000
202000000
202000300
202001200
202002100
202002400
202003000
202003300
202004200
202010200
202012000
202012300
202013200
202020100
202020400
202021000
202021300
202022200
202023100
202024000
202030000
202030300
202031200
202032100
202033000
202040200
202042000
202100200
202102000
202102300
202103200
202120000
202120300
202123000
202130200
202132000
202200100
202200400
202201000
202201300
202202200
202203100
202204000
202210000
202210300
202213000
202220200
202222000
202230100
202231000
202240000
202300000
202300300
202301200
202302100
202303000
202310200
202312000
202320100
202321000
202330000
202400200
202402000
202420000
203000200
203001100
203001400
203002000
203002300
203003200
203004100
203010100
203010400
203011000
203011300
203012200
203013100
203014000
203020000
203020300
203021200
203022100
203023000
203030200
203031100
203032000
203040100
203041000
203100100
203100400
203101000
203101300
203102200
203103100
203104000
203110000
203110300
203113000
203120200
203122000
203130100
203131000
203140000
203200000
203200300
203201200
203202100
203203000
203210200
203212000
203220100
203221000
203230000
203300200
203301100
203302000
203310100
203311000
203320000
203400100
203401000
203410000
204000100
204000400
204001000
204001300
204002200
204003100
204004000
204010000
204010300
204013000
204020200
204022000
204030100
204031000
204040000
204100000
204100300
204103000
204130000
204200200
204202000
204220000
204300100
204301000
204310000
204400000
210000100
210000400
210001000
210001300
210002200
210003100
210003400
210004000
210004300
210010000
210010300
210013000
210013300
210020200
210022000
210022300
210023200
210030100
210030400
210031000
210031300
210032200
210033100
210034000
210040000
210040300
210043000
210100000
210100300
210103000
210103300
210130000
210130300
210133000
210200200
210202000
210202300
210203200
210220000
210220300
210223000
210230200
210232000
210300100
210300400
210301000
210301300
210302200
210303100
210304000
210310000
210310300
210313000
210320200
210322000
210330100
210331000
210340000
210400000
210400300
210403000
210430000
211000000
211000300
211003000
211003300
211030000
211030300
211033000
211300000
211300300
211303000
211330000
212000200
212002000
212002300
212003200
212020000
212020300
212023000
212030200
212032000
212200000
212200300
212203000
212230000
212300200
212302000
212320000
213000100
213000400
213001000
213001300
213002200
213003100
213004000
213010000
213010300
213013000
213020200
213022000
213030100
213031000
213040000
213100000
213100300
213103000
213130000
213200200
213202000
213220000
213300100
213301000
213310000
213400000
214000000
214000300
214003000
214030000
214300000
220000000
220000300
220001200
220002100
220002400
220003000
220003300
220004200
220010200
220012000
220012300
220013200
220020100
220020400
220021000
220021300
220022200
220023100
220024000
220030000
220030300
220031200
220032100
220033000
220040200
220042000
220100200
220102000
220102300
220103200
220120000
220120300
220123000
220130200
220132000
220200100
220200400
220201000
220201300
220202200
220203100
220204000
220210000
220210300
220213000
220220200
220222000
220230100
220231000
220240000
220300000
220300300
220301200
220302100
220303000
220310200
220312000
220320100
220321000
220330000
220400200
220402000
220420000
221000200
221002000
221002300
221003200
221020000
221020300
221023000
221030200
221032000
221200000
221200300
221203000
221230000
221300200
221302000
221320000
222000100
222000400
222001000
222001300
222002200
222003100
222004000
222010000
222010300
222013000
222020200
222022000
222030100
222031000
222040000
222100000
222100300
222103000
222130000
222200200
222202000
222220000
222300100
222301000
222310000
222400000
223000000
223000300
223001200
223002100
223003000
223010200
223012000
223020100
223021000
223030000
223100200
223102000
223120000
223200100
223201000
223210000
223300000
224000200
224002000
224020000
224200000
230000200
230001100
230001400
230002000
230002300
230003200
230004100
230010100
230010400
230011000
230011300
230012200
230013100
230014000
230020000
230020300
230021200
230022100
230023000
230030200
230031100
230032000
230040100
230041000
230100100
230100400
230101000
230101300
230102200
230103100
230104000
230110000
230110300
230113000
230120200
230122000
230130100
230131000
230140000
230200000
230200300
230201200
230202100
230203000
230210200
230212000
230220100
230221000
230230000
230300200
230301100
230302000
230310100
230311000
230320000
230400100
230401000
230410000
231000100
231000400
231001000
231001300
231002200
231003100
231004000
231010000
231010300
231013000
231020200
231022000
231030100
231031000
231040000
231100000
231100300
231103000
231130000
231200200
231202000
231220000
231300100
231301000
231310000
231400000
232000000
232000300
232001200
232002100
232003000
232010200
232012000
232020100
232021000
232030000
232100200
232102000
232120000
232200100
232201000
232210000
232300000
233000200
233001100
233002000
233010100
233011000
233020000
233100100
233101000
233110000
233200000
234000100
234001000
234010000
234100000
240000100
240000400
240001000
240001300
240002200
240003100
240004000
240010000
240010300
240013000
240020200
240022000
240030100
240031000
240040000
240100000
240100300
240103000
240130000
240200200
240202000
240220000
240300100
240301000
240310000
240400000
241000000
241000300
241003000
241030000
241300000
242000200
242002000
242020000
242200000
243000100
243001000
243010000
243100000
244000000
300000100
300000400
300001000
300001300
300002200
300003100
300003400
300004000
300004300
300010000
300010300
300011200
300012100
300012400
300013000
300013300
300014200
300020200
300021100
300021400
300022000
300022300
300023200
300024100
300030100
300030400
300031000
300031300
300032200
300033100
300034000
300040000
300040300
300041200
300042100
300043000
300100000
300100300
300101200
300102100
300102400
300103000
300103300
300104200
300110200
300112000
300112300
300113200
300120100
300120400
300121000
300121300
300122200
300123100
300124000
300130000
300130300
300131200
300132100
300133000
300140200
300142000
300200200
300201100
300201400
300202000
300202300
300203200
300204100
300210100
300210400
300211000
300211300
300212200
300213100
300214000
300220000
300220300
300221200
300222100
300223000
300230200
300231100
300232000
300240100
300241000
300300100
300300400
300301000
300301300
300302200
300303100
300304000
300310000
300310300
300311200
300312100
300313000
300320200
300321100
300322000
300330100
300331000
300340000
300400000
300400300
300401200
300402100
300403000
300410200
300412000
300420100
300421000
300430000
301000000
301000300
301001200
301002100
301002400
301003000
301003300
301004200
301010200
301012000
301012300
301013200
301020100
301020400
301021000
301021300
301022200
301023100
301024000
301030000
301030300
301031200
301032100
301033000
301040200
301042000
301100200
301102000
301102300
301103200
301120000
301120300
301123000
301130200
301132000
301200100
301200400
301201000
301201300
301202200
301203100
301204000
301210000
301210300
301213000
301220200
301222000
301230100
301231000
301240000
301300000
301300300
301301200
301302100
301303000
301310200
301312000
301320100
301321000
301330000
301400200
301402000
301420000
302000200
302001100
302001400
302002000
302002300
302003200
302004100
302010100
302010400
302011000
302011300
302012200
302013100
302014000
302020000
302020300
302021200
302022100
302023000
302030200
302031100
302032000
302040100
302041000
302100100
302100400
302101000
302101300
302102200
302103100
302104000
302110000
302110300
302113000
302120200
302122000
302130100
302131000
302140000
302200000
302200300
302201200
302202100
302203000
302210200
302212000
302220100
302221000
302230000
302300200
302301100
302302000
302310100
302311000
302320000
302400100
302401000
302410000
303000100
303000400
303001000
303001300
303002200
303003100
303004000
303010000
303010300
303011200
303012100
303013000
303020200
303021100
303022000
303030100
303031000
303040000
303100000
303100300
303101200
303102100
303103000
303110200
303112000
303120100
303121000
303130000
303200200
303201100
303202000
303210100
303211000
303220000
303300100
303301000
303310000
303400000
304000000
304000300
304001200
304002100
304003000
304010200
304012000
304020100
304021000
304030000
304100200
304102000
304120000
304200100
304201000
304210000
304300000
310000000
310000300
310001200
310002100
310002400
310003000
310003300
310004200
310010200
310012000
310012300
310013200
310020100
310020400
310021000
310021300
310022200
310023100
310024000
310030000
310030300
310031200
310032100
310033000
310040200
310042000
310100200
310102000
310102300
310103200
310120000
310120300
310123000
310130200
310132000
310200100
310200400
310201000
310201300
310202200
310203100
310204000
310210000
310210300
310213000
310220200
310222000
310230100
310231000
310240000
310300000
310300300
310301200
310302100
310303000
310310200
310312000
310320100
310321000
310330000
310400200
310402000
310420000
311000200
311002000
311002300
311003200
311020000
311020300
311023000
311030200
311032000
311200000
311200300
311203000
311230000
311300200
311302000
311320000
312000100
312000400
312001000
312001300
312002200
312003100
312004000
312010000
312010300
312013000
312020200
312022000
312030100
312031000
312040000
312100000
312100300
312103000
312130000
312200200
312202000
312220000
312300100
312301000
312310000
312400000
313000000
313000300
313001200
313002100
313003000
313010200
313012000
313020100
313021000
313030000
313100200
313102000
313120000
313200100
313201000
313210000
313300000
314000200
314002000
314020000
314200000
320000200
320001100
320001400
320002000
320002300
320003200
320004100
320010100
320010400
320011000
320011300
320012200
320013100
320014000
320020000
320020300
320021200
320022100
320023000
320030200
320031100
320032000
320040100
320041000
320100100
320100400
320101000
320101300
320102200
320103100
320104000
320110000
320110300
320113000
320120200
320122000
320130100
320131000
320140000
320200000
320200300
320201200
320202100
320203000
320210200
320212000
320220100
320221000
320230000
320300200
320301100
320302000
320310100
320311000
320320000
320400100
320401000
320410000
321000100
321000400
321001000
321001300
321002200
321003100
321004000
321010000
321010300
321013000
321020200
321022000
321030100
321031000
321040000
321100000
321100300
321103000
321130000
321200200
321202000
321220000
321300100
321301000
321310000
321400000
322000000
322000300
322001200
322002100
322003000
322010200
322012000
322020100
322021000
322030000
322100200
322102000
322120000
322200100
322201000
322210000
322300000
323000200
323001100
323002000
323010100
323011000
323020000
323100100
323101000
323110000
323200000
324000100
324001000
324010000
324100000
330000100
330000400
330001000
330001300
330002200
330003100
330004000
330010000
330010300
330011200
330012100
330013000
330020200
330021100
330022000
330030100
330031000
330040000
330100000
330100300
330101200
330102100
330103000
330110200
330112000
330120100
330121000
330130000
330200200
330201100
330202000
330210100
330211000
330220000
330300100
330301000
330310000
330400000
331000000
331000300
331001200
331002100
331003000
331010200
331012000
331020100
331021000
331030000
331100200
331102000
331120000
331200100
331201000
331210000
331300000
332000200
332001100
332002000
332010100
332011000
332020000
332100100
332101000
332110000
332200000
333000100
333001000
333010000
333100000
334000000
340000000
340000300
340001200
340002100
340003000
340010200
340012000
340020100
340021000
340030000
340100200
340102000
340120000
340200100
340201000
340210000
340300000
341000200
341002000
341020000
341200000
342000100
342001000
342010000
342100000
343000000
400000000
400000300
400001200
400002100
400002400
400003000
400003300
400004200
400010200
400012000
400012300
400013200
400020100
400020400
400021000
400021300
400022200
400023100
400024000
400030000
400030300
400031200
400032100
400033000
400040200
400042000
400100200
400102000
400102300
400103200
400120000
400120300
400123000
400130200
400132000
400200100
400200400
400201000
400201300
400202200
400203100
400204000
400210000
400210300
400213000
400220200
400222000
400230100
400231000
400240000
400300000
400300300
400301200
400302100
400303000
400310200
400312000
400320100
400321000
400330000
400400200
400402000
400420000
401000200
401002000
401002300
401003200
401020000
401020300
401023000
401030200
401032000
401200000
401200300
401203000
401230000
401300200
401302000
401320000
402000100
402000400
402001000
402001300
402002200
402003100
402004000
402010000
402010300
402013000
402020200
402022000
402030100
402031000
402040000
402100000
402100300
402103000
402130000
402200200
402202000
402220000
402300100
402301000
402310000
402400000
403000000
403000300
403001200
403002100
403003000
403010200
403012000
403020100
403021000
403030000
403100200
403102000
403120000
403200100
403201000
403210000
403300000
404000200
404002000
404020000
404200000
410000200
410002000
410002300
410003200
410020000
410020300
410023000
410030200
410032000
410200000
410200300
410203000
410230000
410300200
410302000
410320000
412000000
412000300
412003000
412030000
412300000
413000200
413002000
413020000
413200000
420000100
420000400
420001000
420001300
420002200
420003100
420004000
420010000
420010300
420013000
420020200
420022000
420030100
420031000
420040000
420100000
420100300
420103000
420130000
420200200
420202000
420220000
420300100
420301000
420310000
420400000
421000000
421000300
421003000
421030000
421300000
422000200
422002000
422020000
422200000
423000100
423001000
423010000
423100000
424000000
430000000
430000300
430001200
430002100
430003000
430010200
430012000
430020100
430021000
430030000
430100200
430102000
430120000
430200100
430201000
430210000
430300000
431000200
431002000
431020000
431200000
432000100
432001000
432010000
432100000
433000000
440000200
440002000
440020000
440200000
442000000
