400
1300
2200
3100
3400
4000
4300
10300
13000
13300
20200
22000
22300
23200
30100
30400
31000
31300
32200
33100
33400
34000
34300
40000
40300
43000
43300
100300
103000
103300
130000
130300
133000
133300
200200
202000
202300
203200
220000
220300
223000
223300
230200
232000
232300
233200
300100
300400
301000
301300
302200
303100
303400
304000
304300
310000
310300
313000
313300
320200
322000
322300
323200
330100
330400
331000
331300
332200
333100
333400
334000
334300
340000
340300
343000
343300
400000
400300
403000
403300
430000
430300
433000
433300
1000300
1003000
1003300
1030000
1030300
1033000
1033300
1300000
1300300
1303000
1303300
1330000
1330300
1333000
1333300
2000200
2002000
2002300
2003200
2020000
2020300
2023000
2023300
2030200
2032000
2032300
2033200
2200000
2200300
2203000
2203300
2230000
2230300
2233000
2233300
2300200
2302000
2302300
2303200
2320000
2320300
2323000
2323300
2330200
2332000
2332300
2333200
3000100
3000400
3001000
3001300
3002200
3003100
3003400
3004000
3004300
3010000
3010300
3013000
3013300
3020200
3022000
3022300
3023200
3030100
3030400
3031000
3031300
3032200
3033100
3033400
3034000
3034300
3040000
3040300
3043000
3043300
3100000
3100300
3103000
3103300
3130000
3130300
3133000
3133300
3200200
3202000
3202300
3203200
3220000
3220300
3223000
3223300
3230200
3232000
3232300
3233200
3300100
3300400
3301000
3301300
3302200
3303100
3303400
3304000
3304300
3310000
3310300
3313000
3313300
3320200
3322000
3322300
3323200
3330100
3330400
3331000
3331300
3332200
3333100
3334000
3340000
3340300
3343000
3400000
3400300
3403000
3403300
3430000
3430300
3433000
4000000
4000300
4003000
4003300
4030000
4030300
4033000
4033300
4300000
4300300
4303000
4303300
4330000
4330300
4333000
10000300
10003000
10003300
10030000
10030300
10033000
10033300
10300000
10300300
10303000
10303300
10330000
10330300
10333000
10333300
13000000
13000300
13003000
13003300
13030000
13030300
13033000
13033300
13300000
13300300
13303000
13303300
13330000
13330300
13333000
20000200
20002000
20002300
20003200
20020000
20020300
20023000
20023300
20030200
20032000
20032300
20033200
20200000
20200300
20203000
20203300
20230000
20230300
20233000
20233300
20300200
20302000
20302300
20303200
20320000
20320300
20323000
20323300
20330200
20332000
20332300
20333200
22000000
22000300
22003000
22003300
22030000
22030300
22033000
22033300
22300000
22300300
22303000
22303300
22330000
22330300
22333000
23000200
23002000
23002300
23003200
23020000
23020300
23023000
23023300
23030200
23032000
23032300
23033200
23200000
23200300
23203000
23203300
23230000
23230300
23233000
23300200
23302000
23302300
23303200
23320000
23320300
23323000
23330200
23332000
30000100
30000400
30001000
30001300
30002200
30003100
30003400
30004000
30004300
30010000
30010300
30013000
30013300
30020200
30022000
30022300
30023200
30030100
30030400
30031000
30031300
30032200
30033100
30033400
30034000
30034300
30040000
30040300
30043000
30043300
30100000
30100300
30103000
30103300
30130000
30130300
30133000
30133300
30200200
30202000
30202300
30203200
30220000
30220300
30223000
30223300
30230200
30232000
30232300
30233200
30300100
30300400
30301000
30301300
30302200
30303100
30303400
30304000
30304300
30310000
30310300
30313000
30313300
30320200
30322000
30322300
30323200
30330100
30330400
30331000
30331300
30332200
30333100
30334000
30340000
30340300
30343000
30400000
30400300
30403000
30403300
30430000
30430300
30433000
31000000
31000300
31003000
31003300
31030000
31030300
31033000
31033300
31300000
31300300
31303000
31303300
31330000
31330300
31333000
32000200
32002000
32002300
32003200
32020000
32020300
32023000
32023300
32030200
32032000
32032300
32033200
32200000
32200300
32203000
32203300
32230000
32230300
32233000
32300200
32302000
32302300
32303200
32320000
32320300
32323000
32330200
32332000
33000100
33000400
33001000
33001300
33002200
33003100
33003400
33004000
33004300
33010000
33010300
33013000
33013300
33020200
33022000
33022300
33023200
33030100
33030400
33031000
33031300
33032200
33033100
33034000
33040000
33040300
33043000
33100000
33100300
33103000
33103300
33130000
33130300
33133000
33200200
33202000
33202300
33203200
33220000
33220300
33223000
33230200
33232000
33300100
33300400
33301000
33301300
33302200
33303100
33304000
33310000
33310300
33313000
33320200
33322000
33330100
33331000
33340000
33400000
33400300
33403000
33430000
34000000
34000300
34003000
34003300
34030000
34030300
34033000
34300000
34300300
34303000
34330000
40000000
40000300
40003000
40003300
40030000
40030300
40033000
40033300
40300000
40300300
40303000
40303300
40330000
40330300
40333000
43000000
43000300
43003000
43003300
43030000
43030300
43033000
43300000
43300300
43303000
43330000
100000300
100003000
100003300
100030000
100030300
100033000
100033300
100300000
100300300
100303000
100303300
100330000
100330300
100333000
100333300
103000000
103000300
103003000
103003300
103030000
103030300
103033000
103033300
103300000
103300300
103303000
103303300
103330000
103330300
103333000
130000000
130000300
130003000
130003300
130030000
130030300
130033000
130033300
130300000
130300300
130303000
130303300
130330000
130330300
130333000
133000000
133000300
133003000
133003300
133030000
133030300
133033000
133300000
133300300
133303000
133330000
200000200
200002000
200002300
200003200
200020000
200020300
200023000
200023300
200030200
200032000
200032300
200033200
200200000
200200300
200203000
200203300
200230000
200230300
200233000
200233300
200300200
200302000
200302300
200303200
200320000
200320300
200323000
200323300
200330200
200332000
200332300
200333200
202000000
202000300
202003000
202003300
202030000
202030300
202033000
202033300
202300000
202300300
202303000
202303300
202330000
202330300
202333000
203000200
203002000
203002300
203003200
203020000
203020300
203023000
203023300
203030200
203032000
203032300
203033200
203200000
203200300
203203000
203203300
203230000
203230300
203233000
203300200
203302000
203302300
203303200
203320000
203320300
203323000
203330200
203332000
220000000
220000300
220003000
220003300
220030000
220030300
220033000
220033300
220300000
220300300
220303000
220303300
220330000
220330300
220333000
223000000
223000300
223003000
223003300
223030000
223030300
223033000
223300000
223300300
223303000
223330000
230000200
230002000
230002300
230003200
230020000
230020300
230023000
230023300
230030200
230032000
230032300
230033200
230200000
230200300
230203000
230203300
230230000
230230300
230233000
230300200
230302000
230302300
230303200
230320000
230320300
230323000
230330200
230332000
232000000
232000300
232003000
232003300
232030000
232030300
232033000
232300000
232300300
232303000
232330000
233000200
233002000
233002300
233003200
233020000
233020300
233023000
233030200
233032000
233200000
233200300
233203000
233230000
233300200
233302000
233320000
300000100
300000400
300001000
300001300
300002200
300003100
300003400
300004000
300004300
300010000
300010300
300013000
300013300
300020200
300022000
300022300
300023200
300030100
300030400
300031000
300031300
300032200
300033100
300033400
300034000
300034300
300040000
300040300
300043000
300043300
300100000
300100300
300103000
300103300
300130000
300130300
300133000
300133300
300200200
300202000
300202300
300203200
300220000
300220300
300223000
300223300
300230200
300232000
300232300
300233200
300300100
300300400
300301000
300301300
300302200
300303100
300303400
300304000
300304300
300310000
300310300
300313000
300313300
300320200
300322000
300322300
300323200
300330100
300330400
300331000
300331300
300332200
300333100
300334000
300340000
300340300
300343000
300400000
300400300
300403000
300403300
300430000
300430300
300433000
301000000
301000300
301003000
301003300
301030000
301030300
301033000
301033300
301300000
301300300
301303000
301303300
301330000
301330300
301333000
302000200
302002000
302002300
302003200
302020000
302020300
302023000
302023300
302030200
302032000
302032300
302033200
302200000
302200300
302203000
302203300
302230000
302230300
302233000
302300200
302302000
302302300
302303200
302320000
302320300
302323000
302330200
302332000
303000100
303000400
303001000
303001300
303002200
303003100
303003400
303004000
303004300
303010000
303010300
303013000
303013300
303020200
303022000
303022300
303023200
303030100
303030400
303031000
303031300
303032200
303033100
303034000
303040000
303040300
303043000
303100000
303100300
303103000
303103300
303130000
303130300
303133000
303200200
303202000
303202300
303203200
303220000
303220300
303223000
303230200
303232000
303300100
303300400
303301000
303301300
303302200
303303100
303304000
303310000
303310300
303313000
303320200
303322000
303330100
303331000
303340000
303400000
303400300
303403000
303430000
304000000
304000300
304003000
304003300
304030000
304030300
304033000
304300000
304300300
304303000
304330000
310000000
310000300
310003000
310003300
310030000
310030300
310033000
310033300
310300000
310300300
310303000
310303300
310330000
310330300
310333000
313000000
313000300
313003000
313003300
313030000
313030300
313033000
313300000
313300300
313303000
313330000
320000200
320002000
320002300
320003200
320020000
320020300
320023000
320023300
320030200
320032000
320032300
320033200
320200000
320200300
320203000
320203300
320230000
320230300
320233000
320300200
320302000
320302300
320303200
320320000
320320300
320323000
320330200
320332000
322000000
322000300
322003000
322003300
322030000
322030300
322033000
322300000
322300300
322303000
322330000
323000200
323002000
323002300
323003200
323020000
323020300
323023000
323030200
323032000
323200000
323200300
323203000
323230000
323300200
323302000
323320000
330000100
330000400
330001000
330001300
330002200
330003100
330003400
330004000
330004300
330010000
330010300
330013000
330013300
330020200
330022000
330022300
330023200
330030100
330030400
330031000
330031300
330032200
330033100
330034000
330040000
330040300
330043000
330100000
330100300
330103000
330103300
330130000
330130300
330133000
330200200
330202000
330202300
330203200
330220000
330220300
330223000
330230200
330232000
330300100
330300400
330301000
330301300
330302200
330303100
330304000
330310000
330310300
330313000
330320200
330322000
330330100
330331000
330340000
330400000
330400300
330403000
330430000
331000000
331000300
331003000
331003300
331030000
331030300
331033000
331300000
331300300
331303000
331330000
332000200
332002000
332002300
332003200
332020000
332020300
332023000
332030200
332032000
332200000
332200300
332203000
332230000
332300200
332302000
332320000
333000100
333000400
333001000
333001300
333002200
333003100
333004000
333010000
333010300
333013000
333020200
333022000
333030100
333031000
333040000
333100000
333100300
333103000
333130000
333200200
333202000
333220000
333300100
333301000
333310000
333400000
334000000
334000300
334003000
334030000
334300000
340000000
340000300
340003000
340003300
340030000
340030300
340033000
340300000
340300300
340303000
340330000
343000000
343000300
343003000
343030000
343300000
400000000
400000300
400003000
400003300
400030000
400030300
400033000
400033300
400300000
400300300
400303000
400303300
400330000
400330300
400333000
403000000
403000300
403003000
403003300
403030000
403030300
403033000
403300000
403300300
403303000
403330000
430000000
430000300
430003000
430003300
430030000
430030300
430033000
430300000
430300300
430303000
430330000
433000000
433000300
433003000
433030000
433300000
