200
1100
1400
2000
2300
3200
4100
4400
10100
10400
11000
11300
12200
13100
13400
14000
14300
20000
20300
21200
22100
22400
23000
23300
24200
30200
31100
31400
32000
32300
33200
34100
34400
40100
40400
41000
41300
42200
43100
43400
44000
44300
100100
100400
101000
101300
102200
103100
103400
104000
104300
110000
110300
113000
113300
120200
122000
122300
123200
130100
130400
131000
131300
132200
133100
133400
134000
134300
140000
140300
143000
143300
200000
200300
201200
202100
202400
203000
203300
204200
210200
212000
212300
213200
220100
220400
221000
221300
222200
223100
223400
224000
224300
230000
230300
231200
232100
232400
233000
233300
234200
240200
242000
242300
243200
300200
301100
301400
302000
302300
303200
304100
304400
310100
310400
311000
311300
312200
313100
313400
314000
314300
320000
320300
321200
322100
322400
323000
323300
324200
330200
331100
331400
332000
332300
333200
334100
340100
340400
341000
341300
342200
343100
344000
400100
400400
401000
401300
402200
403100
403400
404000
404300
410000
410300
413000
413300
420200
422000
422300
423200
430100
430400
431000
431300
432200
433100
434000
440000
440300
443000
1000100
1000400
1001000
1001300
1002200
1003100
1003400
1004000
1004300
1010000
1010300
1013000
1013300
1020200
1022000
1022300
1023200
1030100
1030400
1031000
1031300
1032200
1033100
1033400
1034000
1034300
1040000
1040300
1043000
1043300
1100000
1100300
1103000
1103300
1130000
1130300
1133000
1133300
1200200
1202000
1202300
1203200
1220000
1220300
1223000
1223300
1230200
1232000
1232300
1233200
1300100
1300400
1301000
1301300
1302200
1303100
1303400
1304000
1304300
1310000
1310300
1313000
1313300
1320200
1322000
1322300
1323200
1330100
1330400
1331000
1331300
1332200
1333100
1334000
1340000
1340300
1343000
1400000
1400300
1403000
1403300
1430000
1430300
1433000
2000000
2000300
2001200
2002100
2002400
2003000
2003300
2004200
2010200
2012000
2012300
2013200
2020100
2020400
2021000
2021300
2022200
2023100
2023400
2024000
2024300
2030000
2030300
2031200
2032100
2032400
2033000
2033300
2034200
2040200
2042000
2042300
2043200
2100200
2102000
2102300
2103200
2120000
2120300
2123000
2123300
2130200
2132000
2132300
2133200
2200100
2200400
2201000
2201300
2202200
2203100
2203400
2204000
2204300
2210000
2210300
2213000
2213300
2220200
2222000
2222300
2223200
2230100
2230400
2231000
2231300
2232200
2233100
2234000
2240000
2240300
2243000
2300000
2300300
2301200
2302100
2302400
2303000
2303300
2304200
2310200
2312000
2312300
2313200
2320100
2320400
2321000
2321300
2322200
2323100
2324000
2330000
2330300
2331200
2332100
2333000
2340200
2342000
2400200
2402000
2402300
2403200
2420000
2420300
2423000
2430200
2432000
3000200
3001100
3001400
3002000
3002300
3003200
3004100
3004400
3010100
3010400
3011000
3011300
3012200
3013100
3013400
3014000
3014300
3020000
3020300
3021200
3022100
3022400
3023000
3023300
3024200
3030200
3031100
3031400
3032000
3032300
3033200
3034100
3040100
3040400
3041000
3041300
3042200
3043100
3044000
3100100
3100400
3101000
3101300
3102200
3103100
3103400
3104000
3104300
3110000
3110300
3113000
3113300
3120200
3122000
3122300
3123200
3130100
3130400
3131000
3131300
3132200
3133100
3134000
3140000
3140300
3143000
3200000
3200300
3201200
3202100
3202400
3203000
3203300
3204200
3210200
3212000
3212300
3213200
3220100
3220400
3221000
3221300
3222200
3223100
3224000
3230000
3230300
3231200
3232100
3233000
3240200
3242000
3300200
3301100
3301400
3302000
3302300
3303200
3304100
3310100
3310400
3311000
3311300
3312200
3313100
3314000
3320000
3320300
3321200
3322100
3323000
3330200
3331100
3332000
3340100
3341000
3400100
3400400
3401000
3401300
3402200
3403100
3404000
3410000
3410300
3413000
3420200
3422000
3430100
3431000
3440000
4000100
4000400
4001000
4001300
4002200
4003100
4003400
4004000
4004300
4010000
4010300
4013000
4013300
4020200
4022000
4022300
4023200
4030100
4030400
4031000
4031300
4032200
4033100
4034000
4040000
4040300
4043000
4100000
4100300
4103000
4103300
4130000
4130300
4133000
4200200
4202000
4202300
4203200
4220000
4220300
4223000
4230200
4232000
4300100
4300400
4301000
4301300
4302200
4303100
4304000
4310000
4310300
4313000
4320200
4322000
4330100
4331000
4340000
4400000
4400300
4403000
4430000
10000100
10000400
10001000
10001300
10002200
10003100
10003400
10004000
10004300
10010000
10010300
10013000
10013300
10020200
10022000
10022300
10023200
10030100
10030400
10031000
10031300
10032200
10033100
10033400
10034000
10034300
10040000
10040300
10043000
10043300
10100000
10100300
10103000
10103300
10130000
10130300
10133000
10133300
10200200
10202000
10202300
10203200
10220000
10220300
10223000
10223300
10230200
10232000
10232300
10233200
10300100
10300400
10301000
10301300
10302200
10303100
10303400
10304000
10304300
10310000
10310300
10313000
10313300
10320200
10322000
10322300
10323200
10330100
10330400
10331000
10331300
10332200
10333100
10334000
10340000
10340300
10343000
10400000
10400300
10403000
10403300
10430000
10430300
10433000
11000000
11000300
11003000
11003300
11030000
11030300
11033000
11033300
11300000
11300300
11303000
11303300
11330000
11330300
11333000
12000200
12002000
12002300
12003200
12020000
12020300
12023000
12023300
12030200
12032000
12032300
12033200
12200000
12200300
12203000
12203300
12230000
12230300
12233000
12300200
12302000
12302300
12303200
12320000
12320300
12323000
12330200
12332000
13000100
13000400
13001000
13001300
13002200
13003100
13003400
13004000
13004300
13010000
13010300
13013000
13013300
13020200
13022000
13022300
13023200
13030100
13030400
13031000
13031300
13032200
13033100
13034000
13040000
13040300
13043000
13100000
13100300
13103000
13103300
13130000
13130300
13133000
13200200
13202000
13202300
13203200
13220000
13220300
13223000
13230200
13232000
13300100
13300400
13301000
13301300
13302200
13303100
13304000
13310000
13310300
13313000
13320200
13322000
13330100
13331000
13340000
13400000
13400300
13403000
13430000
14000000
14000300
14003000
14003300
14030000
14030300
14033000
14300000
14300300
14303000
14330000
20000000
20000300
20001200
20002100
20002400
20003000
20003300
20004200
20010200
20012000
20012300
20013200
20020100
20020400
20021000
20021300
20022200
20023100
20023400
20024000
20024300
20030000
20030300
20031200
20032100
20032400
20033000
20033300
20034200
20040200
20042000
20042300
20043200
20100200
20102000
20102300
20103200
20120000
20120300
20123000
20123300
20130200
20132000
20132300
20133200
20200100
20200400
20201000
20201300
20202200
20203100
20203400
20204000
20204300
20210000
20210300
20213000
20213300
20220200
20222000
20222300
20223200
20230100
20230400
20231000
20231300
20232200
20233100
20234000
20240000
20240300
20243000
20300000
20300300
20301200
20302100
20302400
20303000
20303300
20304200
20310200
20312000
20312300
20313200
20320100
20320400
20321000
20321300
20322200
20323100
20324000
20330000
20330300
20331200
20332100
20333000
20340200
20342000
20400200
20402000
20402300
20403200
20420000
20420300
20423000
20430200
20432000
21000200
21002000
21002300
21003200
21020000
21020300
21023000
21023300
21030200
21032000
21032300
21033200
21200000
21200300
21203000
21203300
21230000
21230300
21233000
21300200
21302000
21302300
21303200
21320000
21320300
21323000
21330200
21332000
22000100
22000400
22001000
22001300
22002200
22003100
22003400
22004000
22004300
22010000
22010300
22013000
22013300
22020200
22022000
22022300
22023200
22030100
22030400
22031000
22031300
22032200
22033100
22034000
22040000
22040300
22043000
22100000
22100300
22103000
22103300
22130000
22130300
22133000
22200200
22202000
22202300
22203200
22220000
22220300
22223000
22230200
22232000
22300100
22300400
22301000
22301300
22302200
22303100
22304000
22310000
22310300
22313000
22320200
22322000
22330100
22331000
22340000
22400000
22400300
22403000
22430000
23000000
23000300
23001200
23002100
23002400
23003000
23003300
23004200
23010200
23012000
23012300
23013200
23020100
23020400
23021000
23021300
23022200
23023100
23024000
23030000
23030300
23031200
23032100
23033000
23040200
23042000
23100200
23102000
23102300
23103200
23120000
23120300
23123000
23130200
23132000
23200100
23200400
23201000
23201300
23202200
23203100
23204000
23210000
23210300
23213000
23220200
23222000
23230100
23231000
23240000
23300000
23300300
23301200
23302100
23303000
23310200
23312000
23320100
23321000
23330000
23400200
23402000
23420000
24000200
24002000
24002300
24003200
24020000
24020300
24023000
24030200
24032000
24200000
24200300
24203000
24230000
24300200
24302000
24320000
30000200
30001100
30001400
30002000
30002300
30003200
30004100
30004400
30010100
30010400
30011000
30011300
30012200
30013100
30013400
30014000
30014300
30020000
30020300
30021200
30022100
30022400
30023000
30023300
30024200
30030200
30031100
30031400
30032000
30032300
30033200
30034100
30040100
30040400
30041000
30041300
30042200
30043100
30044000
30100100
30100400
30101000
30101300
30102200
30103100
30103400
30104000
30104300
30110000
30110300
30113000
30113300
30120200
30122000
30122300
30123200
30130100
30130400
30131000
30131300
30132200
30133100
30134000
30140000
30140300
30143000
30200000
30200300
30201200
30202100
30202400
30203000
30203300
30204200
30210200
30212000
30212300
30213200
30220100
30220400
30221000
30221300
30222200
30223100
30224000
30230000
30230300
30231200
30232100
30233000
30240200
30242000
30300200
30301100
30301400
30302000
30302300
30303200
30304100
30310100
30310400
30311000
30311300
30312200
30313100
30314000
30320000
30320300
30321200
30322100
30323000
30330200
30331100
30332000
30340100
30341000
30400100
30400400
30401000
30401300
30402200
30403100
30404000
30410000
30410300
30413000
30420200
30422000
30430100
30431000
30440000
31000100
31000400
31001000
31001300
31002200
31003100
31003400
31004000
31004300
31010000
31010300
31013000
31013300
31020200
31022000
31022300
31023200
31030100
31030400
31031000
31031300
31032200
31033100
31034000
31040000
31040300
31043000
31100000
31100300
31103000
31103300
31130000
31130300
31133000
31200200
31202000
31202300
31203200
31220000
31220300
31223000
31230200
31232000
31300100
31300400
31301000
31301300
31302200
31303100
31304000
31310000
31310300
31313000
31320200
31322000
31330100
31331000
31340000
31400000
31400300
31403000
31430000
32000000
32000300
32001200
32002100
32002400
32003000
32003300
32004200
32010200
32012000
32012300
32013200
32020100
32020400
32021000
32021300
32022200
32023100
32024000
32030000
32030300
32031200
32032100
32033000
32040200
32042000
32100200
32102000
32102300
32103200
32120000
32120300
32123000
32130200
32132000
32200100
32200400
32201000
32201300
32202200
32203100
32204000
32210000
32210300
32213000
32220200
32222000
32230100
32231000
32240000
32300000
32300300
32301200
32302100
32303000
32310200
32312000
32320100
32321000
32330000
32400200
32402000
32420000
33000200
33001100
33001400
33002000
33002300
33003200
33004100
33010100
33010400
33011000
33011300
33012200
33013100
33014000
33020000
33020300
33021200
33022100
33023000
33030200
33031100
33032000
33040100
33041000
33100100
33100400
33101000
33101300
33102200
33103100
33104000
33110000
33110300
33113000
33120200
33122000
33130100
33131000
33140000
33200000
33200300
33201200
33202100
33203000
33210200
33212000
33220100
33221000
33230000
33300200
33301100
33302000
33310100
33311000
33320000
33400100
33401000
33410000
34000100
34000400
34001000
34001300
34002200
34003100
34004000
34010000
34010300
34013000
34020200
34022000
34030100
34031000
34040000
34100000
34100300
34103000
34130000
34200200
34202000
34220000
34300100
34301000
34310000
34400000
40000100
40000400
40001000
40001300
40002200
40003100
40003400
40004000
40004300
40010000
40010300
40013000
40013300
40020200
40022000
40022300
40023200
40030100
40030400
40031000
40031300
40032200
40033100
40034000
40040000
40040300
40043000
40100000
40100300
40103000
40103300
40130000
40130300
40133000
40200200
40202000
40202300
40203200
40220000
40220300
40223000
40230200
40232000
40300100
40300400
40301000
40301300
40302200
40303100
40304000
40310000
40310300
40313000
40320200
40322000
40330100
40331000
40340000
40400000
40400300
40403000
40430000
41000000
41000300
41003000
41003300
41030000
41030300
41033000
41300000
41300300
41303000
41330000
42000200
42002000
42002300
42003200
42020000
42020300
42023000
42030200
42032000
42200000
42200300
42203000
42230000
42300200
42302000
42320000
43000100
43000400
43001000
43001300
43002200
43003100
43004000
43010000
43010300
43013000
43020200
43022000
43030100
43031000
43040000
43100000
43100300
43103000
43130000
43200200
43202000
43220000
43300100
43301000
43310000
43400000
44000000
44000300
44003000
44030000
44300000
100000100
100000400
100001000
100001300
100002200
100003100
100003400
100004000
100004300
100010000
100010300
100013000
100013300
100020200
100022000
100022300
100023200
100030100
100030400
100031000
100031300
100032200
100033100
100033400
100034000
100034300
100040000
100040300
100043000
100043300
100100000
100100300
100103000
100103300
100130000
100130300
100133000
100133300
100200200
100202000
100202300
100203200
100220000
100220300
100223000
100223300
100230200
100232000
100232300
100233200
100300100
100300400
100301000
100301300
100302200
100303100
100303400
100304000
100304300
100310000
100310300
100313000
100313300
100320200
100322000
100322300
100323200
100330100
100330400
100331000
100331300
100332200
100333100
100334000
100340000
100340300
100343000
100400000
100400300
100403000
100403300
100430000
100430300
100433000
101000000
101000300
101003000
101003300
101030000
101030300
101033000
101033300
101300000
101300300
101303000
101303300
101330000
101330300
101333000
102000200
102002000
102002300
102003200
102020000
102020300
102023000
102023300
102030200
102032000
102032300
102033200
102200000
102200300
102203000
102203300
102230000
102230300
102233000
102300200
102302000
102302300
102303200
102320000
102320300
102323000
102330200
102332000
103000100
103000400
103001000
103001300
103002200
103003100
103003400
103004000
103004300
103010000
103010300
103013000
103013300
103020200
103022000
103022300
103023200
103030100
103030400
103031000
103031300
103032200
103033100
103034000
103040000
103040300
103043000
103100000
103100300
103103000
103103300
103130000
103130300
103133000
103200200
103202000
103202300
103203200
103220000
103220300
103223000
103230200
103232000
103300100
103300400
103301000
103301300
103302200
103303100
103304000
103310000
103310300
103313000
103320200
103322000
103330100
103331000
103340000
103400000
103400300
103403000
103430000
104000000
104000300
104003000
104003300
104030000
104030300
104033000
104300000
104300300
104303000
104330000
110000000
110000300
110003000
110003300
110030000
110030300
110033000
110033300
110300000
110300300
110303000
110303300
110330000
110330300
110333000
113000000
113000300
113003000
113003300
113030000
113030300
113033000
113300000
113300300
113303000
113330000
120000200
120002000
120002300
120003200
120020000
120020300
120023000
120023300
120030200
120032000
120032300
120033200
120200000
120200300
120203000
120203300
120230000
120230300
120233000
120300200
120302000
120302300
120303200
120320000
120320300
120323000
120330200
120332000
122000000
122000300
122003000
122003300
122030000
122030300
122033000
122300000
122300300
122303000
122330000
123000200
123002000
123002300
123003200
123020000
123020300
123023000
123030200
123032000
123200000
123200300
123203000
123230000
123300200
123302000
123320000
130000100
130000400
130001000
130001300
130002200
130003100
130003400
130004000
130004300
130010000
130010300
130013000
130013300
130020200
130022000
130022300
130023200
130030100
130030400
130031000
130031300
130032200
130033100
130034000
130040000
130040300
130043000
130100000
130100300
130103000
130103300
130130000
130130300
130133000
130200200
130202000
130202300
130203200
130220000
130220300
130223000
130230200
130232000
130300100
130300400
130301000
130301300
130302200
130303100
130304000
130310000
130310300
130313000
130320200
130322000
130330100
130331000
130340000
130400000
130400300
130403000
130430000
131000000
131000300
131003000
131003300
131030000
131030300
131033000
131300000
131300300
131303000
131330000
132000200
132002000
132002300
132003200
132020000
132020300
132023000
132030200
132032000
132200000
132200300
132203000
132230000
132300200
132302000
132320000
133000100
133000400
133001000
133001300
133002200
133003100
133004000
133010000
133010300
133013000
133020200
133022000
133030100
133031000
133040000
133100000
133100300
133103000
133130000
133200200
133202000
133220000
133300100
133301000
133310000
133400000
134000000
134000300
134003000
134030000
134300000
140000000
140000300
140003000
140003300
140030000
140030300
140033000
140300000
140300300
140303000
140330000
143000000
143000300
143003000
143030000
143300000
200000000
200000300
200001200
200002100
200002400
200003000
200003300
200004200
200010200
200012000
200012300
200013200
200020100
200020400
200021000
200021300
200022200
200023100
200023400
200024000
200024300
200030000
200030300
200031200
200032100
200032400
200033000
200033300
200034200
200040200
200042000
200042300
200043200
200100200
200102000
200102300
200103200
200120000
200120300
200123000
200123300
200130200
200132000
200132300
200133200
200200100
200200400
200201000
200201300
200202200
200203100
200203400
200204000
200204300
200210000
200210300
200213000
200213300
200220200
200222000
200222300
200223200
200230100
200230400
200231000
200231300
200232200
200233100
200234000
200240000
200240300
200243000
200300000
200300300
200301200
200302100
200302400
200303000
200303300
200304200
200310200
200312000
200312300
200313200
200320100
200320400
200321000
200321300
200322200
200323100
200324000
200330000
200330300
200331200
200332100
200333000
200340200
200342000
200400200
200402000
200402300
200403200
200420000
200420300
200423000
200430200
200432000
201000200
201002000
201002300
201003200
201020000
201020300
201023000
201023300
201030200
201032000
201032300
201033200
201200000
201200300
201203000
201203300
201230000
201230300
201233000
201300200
201302000
201302300
201303200
201320000
201320300
201323000
201330200
201332000
202000100
202000400
202001000
202001300
202002200
202003100
202003400
202004000
202004300
202010000
202010300
202013000
202013300
202020200
202022000
202022300
202023200
202030100
202030400
202031000
202031300
202032200
202033100
202034000
202040000
202040300
202043000
202100000
202100300
202103000
202103300
202130000
202130300
202133000
202200200
202202000
202202300
202203200
202220000
202220300
202223000
202230200
202232000
202300100
202300400
202301000
202301300
202302200
202303100
202304000
202310000
202310300
202313000
202320200
202322000
202330100
202331000
202340000
202400000
202400300
202403000
202430000
203000000
203000300
203001200
203002100
203002400
203003000
203003300
203004200
203010200
203012000
203012300
203013200
203020100
203020400
203021000
203021300
203022200
203023100
203024000
203030000
203030300
203031200
203032100
203033000
203040200
203042000
203100200
203102000
203102300
203103200
203120000
203120300
203123000
203130200
203132000
203200100
203200400
203201000
203201300
203202200
203203100
203204000
203210000
203210300
203213000
203220200
203222000
203230100
203231000
203240000
203300000
203300300
203301200
203302100
203303000
203310200
203312000
203320100
203321000
203330000
203400200
203402000
203420000
204000200
204002000
204002300
204003200
204020000
204020300
204023000
204030200
204032000
204200000
204200300
204203000
204230000
204300200
204302000
204320000
210000200
210002000
210002300
210003200
210020000
210020300
210023000
210023300
210030200
210032000
210032300
210033200
210200000
210200300
210203000
210203300
210230000
210230300
210233000
210300200
210302000
210302300
210303200
210320000
210320300
210323000
210330200
210332000
212000000
212000300
212003000
212003300
212030000
212030300
212033000
212300000
212300300
212303000
212330000
213000200
213002000
213002300
213003200
213020000
213020300
213023000
213030200
213032000
213200000
213200300
213203000
213230000
213300200
213302000
213320000
220000100
220000400
220001000
220001300
220002200
220003100
220003400
220004000
220004300
220010000
220010300
220013000
220013300
220020200
220022000
220022300
220023200
220030100
220030400
220031000
220031300
220032200
220033100
220034000
220040000
220040300
220043000
220100000
220100300
220103000
220103300
220130000
220130300
220133000
220200200
220202000
220202300
220203200
220220000
220220300
220223000
220230200
220232000
220300100
220300400
220301000
220301300
220302200
220303100
220304000
220310000
220310300
220313000
220320200
220322000
220330100
220331000
220340000
220400000
220400300
220403000
220430000
221000000
221000300
221003000
221003300
221030000
221030300
221033000
221300000
221300300
221303000
221330000
222000200
222002000
222002300
222003200
222020000
222020300
222023000
222030200
222032000
222200000
222200300
222203000
222230000
222300200
222302000
222320000
223000100
223000400
223001000
223001300
223002200
223003100
223004000
223010000
223010300
223013000
223020200
223022000
223030100
223031000
223040000
223100000
223100300
223103000
223130000
223200200
223202000
223220000
223300100
223301000
223310000
223400000
224000000
224000300
224003000
224030000
224300000
230000000
230000300
230001200
230002100
230002400
230003000
230003300
230004200
230010200
230012000
230012300
230013200
230020100
230020400
230021000
230021300
230022200
230023100
230024000
230030000
230030300
230031200
230032100
230033000
230040200
230042000
230100200
230102000
230102300
230103200
230120000
230120300
230123000
230130200
230132000
230200100
230200400
230201000
230201300
230202200
230203100
230204000
230210000
230210300
230213000
230220200
230222000
230230100
230231000
230240000
230300000
230300300
230301200
230302100
230303000
230310200
230312000
230320100
230321000
230330000
230400200
230402000
230420000
231000200
231002000
231002300
231003200
231020000
231020300
231023000
231030200
231032000
231200000
231200300
231203000
231230000
231300200
231302000
231320000
232000100
232000400
232001000
232001300
232002200
232003100
232004000
232010000
232010300
232013000
232020200
232022000
232030100
232031000
232040000
232100000
232100300
232103000
232130000
232200200
232202000
232220000
232300100
232301000
232310000
232400000
233000000
233000300
233001200
233002100
233003000
233010200
233012000
233020100
233021000
233030000
233100200
233102000
233120000
233200100
233201000
233210000
233300000
234000200
234002000
234020000
234200000
240000200
240002000
240002300
240003200
240020000
240020300
240023000
240030200
240032000
240200000
240200300
240203000
240230000
240300200
240302000
240320000
242000000
242000300
242003000
242030000
242300000
243000200
243002000
243020000
243200000
300000200
300001100
300001400
300002000
300002300
300003200
300004100
300004400
300010100
300010400
300011000
300011300
300012200
300013100
300013400
300014000
300014300
300020000
300020300
300021200
300022100
300022400
300023000
300023300
300024200
300030200
300031100
300031400
300032000
300032300
300033200
300034100
300040100
300040400
300041000
300041300
300042200
300043100
300044000
300100100
300100400
300101000
300101300
300102200
300103100
300103400
300104000
300104300
300110000
300110300
300113000
300113300
300120200
300122000
300122300
300123200
300130100
300130400
300131000
300131300
300132200
300133100
300134000
300140000
300140300
300143000
300200000
300200300
300201200
300202100
300202400
300203000
300203300
300204200
300210200
300212000
300212300
300213200
300220100
300220400
300221000
300221300
300222200
300223100
300224000
300230000
300230300
300231200
300232100
300233000
300240200
300242000
300300200
300301100
300301400
300302000
300302300
300303200
300304100
300310100
300310400
300311000
300311300
300312200
300313100
300314000
300320000
300320300
300321200
300322100
300323000
300330200
300331100
300332000
300340100
300341000
300400100
300400400
300401000
300401300
300402200
300403100
300404000
300410000
300410300
300413000
300420200
300422000
300430100
300431000
300440000
301000100
301000400
301001000
301001300
301002200
301003100
301003400
301004000
301004300
301010000
301010300
301013000
301013300
301020200
301022000
301022300
301023200
301030100
301030400
301031000
301031300
301032200
301033100
301034000
301040000
301040300
301043000
301100000
301100300
301103000
301103300
301130000
301130300
301133000
301200200
301202000
301202300
301203200
301220000
301220300
301223000
301230200
301232000
301300100
301300400
301301000
301301300
301302200
301303100
301304000
301310000
301310300
301313000
301320200
301322000
301330100
301331000
301340000
301400000
301400300
301403000
301430000
302000000
302000300
302001200
302002100
302002400
302003000
302003300
302004200
302010200
302012000
302012300
302013200
302020100
302020400
302021000
302021300
302022200
302023100
302024000
302030000
302030300
302031200
302032100
302033000
302040200
302042000
302100200
302102000
302102300
302103200
302120000
302120300
302123000
302130200
302132000
302200100
302200400
302201000
302201300
302202200
302203100
302204000
302210000
302210300
302213000
302220200
302222000
302230100
302231000
302240000
302300000
302300300
302301200
302302100
302303000
302310200
302312000
302320100
302321000
302330000
302400200
302402000
302420000
303000200
303001100
303001400
303002000
303002300
303003200
303004100
303010100
303010400
303011000
303011300
303012200
303013100
303014000
303020000
303020300
303021200
303022100
303023000
303030200
303031100
303032000
303040100
303041000
303100100
303100400
303101000
303101300
303102200
303103100
303104000
303110000
303110300
303113000
303120200
303122000
303130100
303131000
303140000
303200000
303200300
303201200
303202100
303203000
303210200
303212000
303220100
303221000
303230000
303300200
303301100
303302000
303310100
303311000
303320000
303400100
303401000
303410000
304000100
304000400
304001000
304001300
304002200
304003100
304004000
304010000
304010300
304013000
304020200
304022000
304030100
304031000
304040000
304100000
304100300
304103000
304130000
304200200
304202000
304220000
304300100
304301000
304310000
304400000
310000100
310000400
310001000
310001300
310002200
310003100
310003400
310004000
310004300
310010000
310010300
310013000
310013300
310020200
310022000
310022300
310023200
310030100
310030400
310031000
310031300
310032200
310033100
310034000
310040000
310040300
310043000
310100000
310100300
310103000
310103300
310130000
310130300
310133000
310200200
310202000
310202300
310203200
310220000
310220300
310223000
310230200
310232000
310300100
310300400
310301000
310301300
310302200
310303100
310304000
310310000
310310300
310313000
310320200
310322000
310330100
310331000
310340000
310400000
310400300
310403000
310430000
311000000
311000300
311003000
311003300
311030000
311030300
311033000
311300000
311300300
311303000
311330000
312000200
312002000
312002300
312003200
312020000
312020300
312023000
312030200
312032000
312200000
312200300
312203000
312230000
312300200
312302000
312320000
313000100
313000400
313001000
313001300
313002200
313003100
313004000
313010000
313010300
313013000
313020200
313022000
313030100
313031000
313040000
313100000
313100300
313103000
313130000
313200200
313202000
313220000
313300100
313301000
313310000
313400000
314000000
314000300
314003000
314030000
314300000
320000000
320000300
320001200
320002100
320002400
320003000
320003300
320004200
320010200
320012000
320012300
320013200
320020100
320020400
320021000
320021300
320022200
320023100
320024000
320030000
320030300
320031200
320032100
320033000
320040200
320042000
320100200
320102000
320102300
320103200
320120000
320120300
320123000
320130200
320132000
320200100
320200400
320201000
320201300
320202200
320203100
320204000
320210000
320210300
320213000
320220200
320222000
320230100
320231000
320240000
320300000
320300300
320301200
320302100
320303000
320310200
320312000
320320100
320321000
320330000
320400200
320402000
320420000
321000200
321002000
321002300
321003200
321020000
321020300
321023000
321030200
321032000
321200000
321200300
321203000
321230000
321300200
321302000
321320000
322000100
322000400
322001000
322001300
322002200
322003100
322004000
322010000
322010300
322013000
322020200
322022000
322030100
322031000
322040000
322100000
322100300
322103000
322130000
322200200
322202000
322220000
322300100
322301000
322310000
322400000
323000000
323000300
323001200
323002100
323003000
323010200
323012000
323020100
323021000
323030000
323100200
323102000
323120000
323200100
323201000
323210000
323300000
324000200
324002000
324020000
324200000
330000200
330001100
330001400
330002000
330002300
330003200
330004100
330010100
330010400
330011000
330011300
330012200
330013100
330014000
330020000
330020300
330021200
330022100
330023000
330030200
330031100
330032000
330040100
330041000
330100100
330100400
330101000
330101300
330102200
330103100
330104000
330110000
330110300
330113000
330120200
330122000
330130100
330131000
330140000
330200000
330200300
330201200
330202100
330203000
330210200
330212000
330220100
330221000
330230000
330300200
330301100
330302000
330310100
330311000
330320000
330400100
330401000
330410000
331000100
331000400
331001000
331001300
331002200
331003100
331004000
331010000
331010300
331013000
331020200
331022000
331030100
331031000
331040000
331100000
331100300
331103000
331130000
331200200
331202000
331220000
331300100
331301000
331310000
331400000
332000000
332000300
332001200
332002100
332003000
332010200
332012000
332020100
332021000
332030000
332100200
332102000
332120000
332200100
332201000
332210000
332300000
333000200
333001100
333002000
333010100
333011000
333020000
333100100
333101000
333110000
333200000
334000100
334001000
334010000
334100000
340000100
340000400
340001000
340001300
340002200
340003100
340004000
340010000
340010300
340013000
340020200
340022000
340030100
340031000
340040000
340100000
340100300
340103000
340130000
340200200
340202000
340220000
340300100
340301000
340310000
340400000
341000000
341000300
341003000
341030000
341300000
342000200
342002000
342020000
342200000
343000100
343001000
343010000
343100000
344000000
400000100
400000400
400001000
400001300
400002200
400003100
400003400
400004000
400004300
400010000
400010300
400013000
400013300
400020200
400022000
400022300
400023200
400030100
400030400
400031000
400031300
400032200
400033100
400034000
400040000
400040300
400043000
400100000
400100300
400103000
400103300
400130000
400130300
400133000
400200200
400202000
400202300
400203200
400220000
400220300
400223000
400230200
400232000
400300100
400300400
400301000
400301300
400302200
400303100
400304000
400310000
400310300
400313000
400320200
400322000
400330100
400331000
400340000
400400000
400400300
400403000
400430000
401000000
401000300
401003000
401003300
401030000
401030300
401033000
401300000
401300300
401303000
401330000
402000200
402002000
402002300
402003200
402020000
402020300
402023000
402030200
402032000
402200000
402200300
402203000
402230000
402300200
402302000
402320000
403000100
403000400
403001000
403001300
403002200
403003100
403004000
403010000
403010300
403013000
403020200
403022000
403030100
403031000
403040000
403100000
403100300
403103000
403130000
403200200
403202000
403220000
403300100
403301000
403310000
403400000
404000000
404000300
404003000
404030000
404300000
410000000
410000300
410003000
410003300
410030000
410030300
410033000
410300000
410300300
410303000
410330000
413000000
413000300
413003000
413030000
413300000
420000200
420002000
420002300
420003200
420020000
420020300
420023000
420030200
420032000
420200000
420200300
420203000
420230000
420300200
420302000
420320000
422000000
422000300
422003000
422030000
422300000
423000200
423002000
423020000
423200000
430000100
430000400
430001000
430001300
430002200
430003100
430004000
430010000
430010300
430013000
430020200
430022000
430030100
430031000
430040000
430100000
430100300
430103000
430130000
430200200
430202000
430220000
430300100
430301000
430310000
430400000
431000000
431000300
431003000
431030000
431300000
432000200
432002000
432020000
432200000
433000100
433001000
433010000
433100000
434000000
440000000
440000300
440003000
440030000
440300000
443000000
