100
400
1000
1300
2200
3100
3400
4000
4300
10000
10300
11200
12100
12400
13000
13300
14200
20200
21100
21400
22000
22300
23200
24100
30100
30400
31000
31300
32200
33100
34000
40000
40300
41200
42100
43000
100000
100300
101200
102100
102400
103000
103300
104200
110200
112000
112300
113200
120100
120400
121000
121300
122200
123100
124000
130000
130300
131200
132100
133000
140200
142000
200200
201100
201400
202000
202300
203200
204100
210100
210400
211000
211300
212200
213100
214000
220000
220300
221200
222100
223000
230200
231100
232000
240100
241000
300100
300400
301000
301300
302200
303100
304000
310000
310300
311200
312100
313000
320200
321100
322000
330100
331000
340000
400000
400300
401200
402100
403000
410200
412000
420100
421000
430000
1000000
1000300
1001200
1002100
1002400
1003000
1003300
1004200
1010200
1012000
1012300
1013200
1020100
1020400
1021000
1021300
1022200
1023100
1024000
1030000
1030300
1031200
1032100
1033000
1040200
1042000
1100200
1102000
1102300
1103200
1120000
1120300
1123000
1130200
1132000
1200100
1200400
1201000
1201300
1202200
1203100
1204000
1210000
1210300
1213000
1220200
1222000
1230100
1231000
1240000
1300000
1300300
1301200
1302100
1303000
1310200
1312000
1320100
1321000
1330000
1400200
1402000
1420000
2000200
2001100
2001400
2002000
2002300
2003200
2004100
2010100
2010400
2011000
2011300
2012200
2013100
2014000
2020000
2020300
2021200
2022100
2023000
2030200
2031100
2032000
2040100
2041000
2100100
2100400
2101000
2101300
2102200
2103100
2104000
2110000
2110300
2113000
2120200
2122000
2130100
2131000
2140000
2200000
2200300
2201200
2202100
2203000
2210200
2212000
2220100
2221000
2230000
2300200
2301100
2302000
2310100
2311000
2320000
2400100
2401000
2410000
3000100
3000400
3001000
3001300
3002200
3003100
3004000
3010000
3010300
3011200
3012100
3013000
3020200
3021100
3022000
3030100
3031000
3040000
3100000
3100300
3101200
3102100
3103000
3110200
3112000
3120100
3121000
3130000
3200200
3201100
3202000
3210100
3211000
3220000
3300100
3301000
3310000
3400000
4000000
4000300
4001200
4002100
4003000
4010200
4012000
4020100
4021000
4030000
4100200
4102000
4120000
4200100
4201000
4210000
4300000
10000000
10000300
10001200
10002100
10002400
10003000
10003300
10004200
10010200
10012000
10012300
10013200
10020100
10020400
10021000
10021300
10022200
10023100
10024000
10030000
10030300
10031200
10032100
10033000
10040200
10042000
10100200
10102000
10102300
10103200
10120000
10120300
10123000
10130200
10132000
10200100
10200400
10201000
10201300
10202200
10203100
10204000
10210000
10210300
10213000
10220200
10222000
10230100
10231000
10240000
10300000
10300300
10301200
10302100
10303000
10310200
10312000
10320100
10321000
10330000
10400200
10402000
10420000
11000200
11002000
11002300
11003200
11020000
11020300
11023000
11030200
11032000
11200000
11200300
11203000
11230000
11300200
11302000
11320000
12000100
12000400
12001000
12001300
12002200
12003100
12004000
12010000
12010300
12013000
12020200
12022000
12030100
12031000
12040000
12100000
12100300
12103000
12130000
12200200
12202000
12220000
12300100
12301000
12310000
12400000
13000000
13000300
13001200
13002100
13003000
13010200
13012000
13020100
13021000
13030000
13100200
13102000
13120000
13200100
13201000
13210000
13300000
14000200
14002000
14020000
14200000
20000200
20001100
20001400
20002000
20002300
20003200
20004100
20010100
20010400
20011000
20011300
20012200
20013100
20014000
20020000
20020300
20021200
20022100
20023000
20030200
20031100
20032000
20040100
20041000
20100100
20100400
20101000
20101300
20102200
20103100
20104000
20110000
20110300
20113000
20120200
20122000
20130100
20131000
20140000
20200000
20200300
20201200
20202100
20203000
20210200
20212000
20220100
20221000
20230000
20300200
20301100
20302000
20310100
20311000
20320000
20400100
20401000
20410000
21000100
21000400
21001000
21001300
21002200
21003100
21004000
21010000
21010300
21013000
21020200
21022000
21030100
21031000
21040000
21100000
21100300
21103000
21130000
21200200
21202000
21220000
21300100
21301000
21310000
21400000
22000000
22000300
22001200
22002100
22003000
22010200
22012000
22020100
22021000
22030000
22100200
22102000
22120000
22200100
22201000
22210000
22300000
23000200
23001100
23002000
23010100
23011000
23020000
23100100
23101000
23110000
23200000
24000100
24001000
24010000
24100000
30000100
30000400
30001000
30001300
30002200
30003100
30004000
30010000
30010300
30011200
30012100
30013000
30020200
30021100
30022000
30030100
30031000
30040000
30100000
30100300
30101200
30102100
30103000
30110200
30112000
30120100
30121000
30130000
30200200
30201100
30202000
30210100
30211000
30220000
30300100
30301000
30310000
30400000
31000000
31000300
31001200
31002100
31003000
31010200
31012000
31020100
31021000
31030000
31100200
31102000
31120000
31200100
31201000
31210000
31300000
32000200
32001100
32002000
32010100
32011000
32020000
32100100
32101000
32110000
32200000
33000100
33001000
33010000
33100000
34000000
40000000
40000300
40001200
40002100
40003000
40010200
40012000
40020100
40021000
40030000
40100200
40102000
40120000
40200100
40201000
40210000
40300000
41000200
41002000
41020000
41200000
42000100
42001000
42010000
42100000
43000000
100000000
100000300
100001200
100002100
100002400
100003000
100003300
100004200
100010200
100012000
100012300
100013200
100020100
100020400
100021000
100021300
100022200
100023100
100024000
100030000
100030300
100031200
100032100
100033000
100040200
100042000
100100200
100102000
100102300
100103200
100120000
100120300
100123000
100130200
100132000
100200100
100200400
100201000
100201300
100202200
100203100
100204000
100210000
100210300
100213000
100220200
100222000
100230100
100231000
100240000
100300000
100300300
100301200
100302100
100303000
100310200
100312000
100320100
100321000
100330000
100400200
100402000
100420000
101000200
101002000
101002300
101003200
101020000
101020300
101023000
101030200
101032000
101200000
101200300
101203000
101230000
101300200
101302000
101320000
102000100
102000400
102001000
102001300
102002200
102003100
102004000
102010000
102010300
102013000
102020200
102022000
102030100
102031000
102040000
102100000
102100300
102103000
102130000
102200200
102202000
102220000
102300100
102301000
102310000
102400000
103000000
103000300
103001200
103002100
103003000
103010200
103012000
103020100
103021000
103030000
103100200
103102000
103120000
103200100
103201000
103210000
103300000
104000200
104002000
104020000
104200000
110000200
110002000
110002300
110003200
110020000
110020300
110023000
110030200
110032000
110200000
110200300
110203000
110230000
110300200
110302000
110320000
112000000
112000300
112003000
112030000
112300000
113000200
113002000
113020000
113200000
120000100
120000400
120001000
120001300
120002200
120003100
120004000
120010000
120010300
120013000
120020200
120022000
120030100
120031000
120040000
120100000
120100300
120103000
120130000
120200200
120202000
120220000
120300100
120301000
120310000
120400000
121000000
121000300
121003000
121030000
121300000
122000200
122002000
122020000
122200000
123000100
123001000
123010000
123100000
124000000
130000000
130000300
130001200
130002100
130003000
130010200
130012000
130020100
130021000
130030000
130100200
130102000
130120000
130200100
130201000
130210000
130300000
131000200
131002000
131020000
131200000
132000100
132001000
132010000
132100000
133000000
140000200
140002000
140020000
140200000
142000000
200000200
200001100
200001400
200002000
200002300
200003200
200004100
200010100
200010400
200011000
200011300
200012200
200013100
200014000
200020000
200020300
200021200
200022100
200023000
200030200
200031100
200032000
200040100
200041000
200100100
200100400
200101000
200101300
200102200
200103100
200104000
200110000
200110300
200113000
200120200
200122000
200130100
200131000
200140000
200200000
200200300
200201200
200202100
200203000
200210200
200212000
200220100
200221000
200230000
200300200
200301100
200302000
200310100
200311000
200320000
200400100
200401000
200410000
201000100
201000400
201001000
201001300
201002200
201003100
201004000
201010000
201010300
201013000
201020200
201022000
201030100
201031000
201040000
201100000
201100300
201103000
201130000
201200200
201202000
201220000
201300100
201301000
201310000
201400000
202000000
202000300
202001200
202002100
202003000
202010200
202012000
202020100
202021000
202030000
202100200
202102000
202120000
202200100
202201000
202210000
202300000
203000200
203001100
203002000
203010100
203011000
203020000
203100100
203101000
203110000
203200000
204000100
204001000
204010000
204100000
210000100
210000400
210001000
210001300
210002200
210003100
210004000
210010000
210010300
210013000
210020200
210022000
210030100
210031000
210040000
210100000
210100300
210103000
210130000
210200200
210202000
210220000
210300100
210301000
210310000
210400000
211000000
211000300
211003000
211030000
211300000
212000200
212002000
212020000
212200000
213000100
213001000
213010000
213100000
214000000
220000000
220000300
220001200
220002100
220003000
220010200
220012000
220020100
220021000
220030000
220100200
220102000
220120000
220200100
220201000
220210000
220300000
221000200
221002000
221020000
221200000
222000100
222001000
222010000
222100000
223000000
230000200
230001100
230002000
230010100
230011000
230020000
230100100
230101000
230110000
230200000
231000100
231001000
231010000
231100000
232000000
240000100
240001000
240010000
240100000
241000000
300000100
300000400
300001000
300001300
300002200
300003100
300004000
300010000
300010300
300011200
300012100
300013000
300020200
300021100
300022000
300030100
300031000
300040000
300100000
300100300
300101200
300102100
300103000
300110200
300112000
300120100
300121000
300130000
300200200
300201100
300202000
300210100
300211000
300220000
300300100
300301000
300310000
300400000
301000000
301000300
301001200
301002100
301003000
301010200
301012000
301020100
301021000
301030000
301100200
301102000
301120000
301200100
301201000
301210000
301300000
302000200
302001100
302002000
302010100
302011000
302020000
302100100
302101000
302110000
302200000
303000100
303001000
303010000
303100000
304000000
310000000
310000300
310001200
310002100
310003000
310010200
310012000
310020100
310021000
310030000
310100200
310102000
310120000
310200100
310201000
310210000
310300000
311000200
311002000
311020000
311200000
312000100
312001000
312010000
312100000
313000000
320000200
320001100
320002000
320010100
320011000
320020000
320100100
320101000
320110000
320200000
321000100
321001000
321010000
321100000
322000000
330000100
330001000
330010000
330100000
331000000
340000000
400000000
400000300
400001200
400002100
400003000
400010200
400012000
400020100
400021000
400030000
400100200
400102000
400120000
400200100
400201000
400210000
400300000
401000200
401002000
401020000
401200000
402000100
402001000
402010000
402100000
403000000
410000200
410002000
410020000
410200000
412000000
420000100
420001000
420010000
420100000
421000000
430000000
