2
11
14
20
23
32
41
101
104
110
113
122
131
140
200
203
212
221
230
302
311
320
401
410
1001
1004
1010
1013
1022
1031
1040
1100
1103
1112
1121
1130
1202
1211
1220
1301
1310
1400
2000
2003
2012
2021
2030
2102
2111
2120
2201
2210
2300
3002
3011
3020
3101
3110
3200
4001
4010
4100
10001
10004
10010
10013
10022
10031
10040
10100
10103
10112
10121
10130
10202
10211
10220
10301
10310
10400
11000
11003
11012
11021
11030
11102
11111
11120
11201
11210
11300
12002
12011
12020
12101
12110
12200
13001
13010
13100
14000
20000
20003
20012
20021
20030
20102
20111
20120
20201
20210
20300
21002
21011
21020
21101
21110
21200
22001
22010
22100
23000
30002
30011
30020
30101
30110
30200
31001
31010
31100
32000
40001
40010
40100
41000
100001
100004
100010
100013
100022
100031
100040
100100
100103
100112
100121
100130
100202
100211
100220
100301
100310
100400
101000
101003
101012
101021
101030
101102
101111
101120
101201
101210
101300
102002
102011
102020
102101
102110
102200
103001
103010
103100
104000
110000
110003
110012
110021
110030
110102
110111
110120
110201
110210
110300
111002
111011
111020
111101
111110
111200
112001
112010
112100
113000
120002
120011
120020
120101
120110
120200
121001
121010
121100
122000
130001
130010
130100
131000
140000
200000
200003
200012
200021
200030
200102
200111
200120
200201
200210
200300
201002
201011
201020
201101
201110
201200
202001
202010
202100
203000
210002
210011
210020
210101
210110
210200
211001
211010
211100
212000
220001
220010
220100
221000
230000
300002
300011
300020
300101
300110
300200
301001
301010
301100
302000
310001
310010
310100
311000
320000
400001
400010
400100
401000
410000
1000001
1000004
1000010
1000013
1000022
1000031
1000040
1000100
1000103
1000112
1000121
1000130
1000202
1000211
1000220
1000301
1000310
1000400
1001000
1001003
1001012
1001021
1001030
1001102
1001111
1001120
1001201
1001210
1001300
1002002
1002011
1002020
1002101
1002110
1002200
1003001
1003010
1003100
1004000
1010000
1010003
1010012
1010021
1010030
1010102
1010111
1010120
1010201
1010210
1010300
1011002
1011011
1011020
1011101
1011110
1011200
1012001
1012010
1012100
1013000
1020002
1020011
1020020
1020101
1020110
1020200
1021001
1021010
1021100
1022000
1030001
1030010
1030100
1031000
1040000
1100000
1100003
1100012
1100021
1100030
1100102
1100111
1100120
1100201
1100210
1100300
1101002
1101011
1101020
1101101
1101110
1101200
1102001
1102010
1102100
1103000
1110002
1110011
1110020
1110101
1110110
1110200
1111001
1111010
1111100
1112000
1120001
1120010
1120100
1121000
1130000
1200002
1200011
1200020
1200101
1200110
1200200
1201001
1201010
1201100
1202000
1210001
1210010
1210100
1211000
1220000
1300001
1300010
1300100
1301000
1310000
1400000
2000000
2000003
2000012
2000021
2000030
2000102
2000111
2000120
2000201
2000210
2000300
2001002
2001011
2001020
2001101
2001110
2001200
2002001
2002010
2002100
2003000
2010002
2010011
2010020
2010101
2010110
2010200
2011001
2011010
2011100
2012000
2020001
2020010
2020100
2021000
2030000
2100002
2100011
2100020
2100101
2100110
2100200
2101001
2101010
2101100
2102000
2110001
2110010
2110100
2111000
2120000
2200001
2200010
2200100
2201000
2210000
2300000
3000002
3000011
3000020
3000101
3000110
3000200
3001001
3001010
3001100
3002000
3010001
3010010
3010100
3011000
3020000
3100001
3100010
3100100
3101000
3110000
3200000
4000001
4000010
4000100
4001000
4010000
4100000
10000001
10000004
10000010
10000013
10000022
10000031
10000040
10000100
10000103
10000112
10000121
10000130
10000202
10000211
10000220
10000301
10000310
10000400
10001000
10001003
10001012
10001021
10001030
10001102
10001111
10001120
10001201
10001210
10001300
10002002
10002011
10002020
10002101
10002110
10002200
10003001
10003010
10003100
10004000
10010000
10010003
10010012
10010021
10010030
10010102
10010111
10010120
10010201
10010210
10010300
10011002
10011011
10011020
10011101
10011110
10011200
10012001
10012010
10012100
10013000
10020002
10020011
10020020
10020101
10020110
10020200
10021001
10021010
10021100
10022000
10030001
10030010
10030100
10031000
10040000
10100000
10100003
10100012
10100021
10100030
10100102
10100111
10100120
10100201
10100210
10100300
10101002
10101011
10101020
10101101
10101110
10101200
10102001
10102010
10102100
10103000
10110002
10110011
10110020
10110101
10110110
10110200
10111001
10111010
10111100
10112000
10120001
10120010
10120100
10121000
10130000
10200002
10200011
10200020
10200101
10200110
10200200
10201001
10201010
10201100
10202000
10210001
10210010
10210100
10211000
10220000
10300001
10300010
10300100
10301000
10310000
10400000
11000000
11000003
11000012
11000021
11000030
11000102
11000111
11000120
11000201
11000210
11000300
11001002
11001011
11001020
11001101
11001110
11001200
11002001
11002010
11002100
11003000
11010002
11010011
11010020
11010101
11010110
11010200
11011001
11011010
11011100
11012000
11020001
11020010
11020100
11021000
11030000
11100002
11100011
11100020
11100101
11100110
11100200
11101001
11101010
11101100
11102000
11110001
11110010
11110100
11111000
11120000
11200001
11200010
11200100
11201000
11210000
11300000
12000002
12000011
12000020
12000101
12000110
12000200
12001001
12001010
12001100
12002000
12010001
12010010
12010100
12011000
12020000
12100001
12100010
12100100
12101000
12110000
12200000
13000001
13000010
13000100
13001000
13010000
13100000
14000000
20000000
20000003
20000012
20000021
20000030
20000102
20000111
20000120
20000201
20000210
20000300
20001002
20001011
20001020
20001101
20001110
20001200
20002001
20002010
20002100
20003000
20010002
20010011
20010020
20010101
20010110
20010200
20011001
20011010
20011100
20012000
20020001
20020010
20020100
20021000
20030000
20100002
20100011
20100020
20100101
20100110
20100200
20101001
20101010
20101100
20102000
20110001
20110010
20110100
20111000
20120000
20200001
20200010
20200100
20201000
20210000
20300000
21000002
21000011
21000020
21000101
21000110
21000200
21001001
21001010
21001100
21002000
21010001
21010010
21010100
21011000
21020000
21100001
21100010
21100100
21101000
21110000
21200000
22000001
22000010
22000100
22001000
22010000
22100000
23000000
30000002
30000011
30000020
30000101
30000110
30000200
30001001
30001010
30001100
30002000
30010001
30010010
30010100
30011000
30020000
30100001
30100010
30100100
30101000
30110000
30200000
31000001
31000010
31000100
31001000
31010000
31100000
32000000
40000001
40000010
40000100
40001000
40010000
40100000
41000000
100000001
100000004
100000010
100000013
100000022
100000031
100000040
100000100
100000103
100000112
100000121
100000130
100000202
100000211
100000220
100000301
100000310
100000400
100001000
100001003
100001012
100001021
100001030
100001102
100001111
100001120
100001201
100001210
100001300
100002002
100002011
100002020
100002101
100002110
100002200
100003001
100003010
100003100
100004000
100010000
100010003
100010012
100010021
100010030
100010102
100010111
100010120
100010201
100010210
100010300
100011002
100011011
100011020
100011101
100011110
100011200
100012001
100012010
100012100
100013000
100020002
100020011
100020020
100020101
100020110
100020200
100021001
100021010
100021100
100022000
100030001
100030010
100030100
100031000
100040000
100100000
100100003
100100012
100100021
100100030
100100102
100100111
100100120
100100201
100100210
100100300
100101002
100101011
100101020
100101101
100101110
100101200
100102001
100102010
100102100
100103000
100110002
100110011
100110020
100110101
100110110
100110200
100111001
100111010
100111100
100112000
100120001
100120010
100120100
100121000
100130000
100200002
100200011
100200020
100200101
100200110
100200200
100201001
100201010
100201100
100202000
100210001
100210010
100210100
100211000
100220000
100300001
100300010
100300100
100301000
100310000
100400000
101000000
101000003
101000012
101000021
101000030
101000102
101000111
101000120
101000201
101000210
101000300
101001002
101001011
101001020
101001101
101001110
101001200
101002001
101002010
101002100
101003000
101010002
101010011
101010020
101010101
101010110
101010200
101011001
101011010
101011100
101012000
101020001
101020010
101020100
101021000
101030000
101100002
101100011
101100020
101100101
101100110
101100200
101101001
101101010
101101100
101102000
101110001
101110010
101110100
101111000
101120000
101200001
101200010
101200100
101201000
101210000
101300000
102000002
102000011
102000020
102000101
102000110
102000200
102001001
102001010
102001100
102002000
102010001
102010010
102010100
102011000
102020000
102100001
102100010
102100100
102101000
102110000
102200000
103000001
103000010
103000100
103001000
103010000
103100000
104000000
110000000
110000003
110000012
110000021
110000030
110000102
110000111
110000120
110000201
110000210
110000300
110001002
110001011
110001020
110001101
110001110
110001200
110002001
110002010
110002100
110003000
110010002
110010011
110010020
110010101
110010110
110010200
110011001
110011010
110011100
110012000
110020001
110020010
110020100
110021000
110030000
110100002
110100011
110100020
110100101
110100110
110100200
110101001
110101010
110101100
110102000
110110001
110110010
110110100
110111000
110120000
110200001
110200010
110200100
110201000
110210000
110300000
111000002
111000011
111000020
111000101
111000110
111000200
111001001
111001010
111001100
111002000
111010001
111010010
111010100
111011000
111020000
111100001
111100010
111100100
111101000
111110000
111200000
112000001
112000010
112000100
112001000
112010000
112100000
113000000
120000002
120000011
120000020
120000101
120000110
120000200
120001001
120001010
120001100
120002000
120010001
120010010
120010100
120011000
120020000
120100001
120100010
120100100
120101000
120110000
120200000
121000001
121000010
121000100
121001000
121010000
121100000
122000000
130000001
130000010
130000100
130001000
130010000
130100000
131000000
140000000
200000000
200000003
200000012
200000021
200000030
200000102
200000111
200000120
200000201
200000210
200000300
200001002
200001011
200001020
200001101
200001110
200001200
200002001
200002010
200002100
200003000
200010002
200010011
200010020
200010101
200010110
200010200
200011001
200011010
200011100
200012000
200020001
200020010
200020100
200021000
200030000
200100002
200100011
200100020
200100101
200100110
200100200
200101001
200101010
200101100
200102000
200110001
200110010
200110100
200111000
200120000
200200001
200200010
200200100
200201000
200210000
200300000
201000002
201000011
201000020
201000101
201000110
201000200
201001001
201001010
201001100
201002000
201010001
201010010
201010100
201011000
201020000
201100001
201100010
201100100
201101000
201110000
201200000
202000001
202000010
202000100
202001000
202010000
202100000
203000000
210000002
210000011
210000020
210000101
210000110
210000200
210001001
210001010
210001100
210002000
210010001
210010010
210010100
210011000
210020000
210100001
210100010
210100100
210101000
210110000
210200000
211000001
211000010
211000100
211001000
211010000
211100000
212000000
220000001
220000010
220000100
220001000
220010000
220100000
221000000
230000000
300000002
300000011
300000020
300000101
300000110
300000200
300001001
300001010
300001100
300002000
300010001
300010010
300010100
300011000
300020000
300100001
300100010
300100100
300101000
300110000
300200000
301000001
301000010
301000100
301001000
301010000
301100000
302000000
310000001
310000010
310000100
310001000
310010000
310100000
311000000
320000000
400000001
400000010
400000100
400001000
400010000
400100000
401000000
410000000
