1
4
10
13
22
31
34
40
43
100
103
112
121
124
130
133
142
202
211
214
220
223
232
241
301
304
310
313
322
331
340
400
403
412
421
430
1000
1003
1012
1021
1024
1030
1033
1042
1102
1111
1114
1120
1123
1132
1141
1201
1204
1210
1213
1222
1231
1240
1300
1303
1312
1321
1330
1402
1411
1420
2002
2011
2014
2020
2023
2032
2041
2101
2104
2110
2113
2122
2131
2140
2200
2203
2212
2221
2230
2302
2311
2320
2401
2410
3001
3004
3010
3013
3022
3031
3040
3100
3103
3112
3121
3130
3202
3211
3220
3301
3310
3400
4000
4003
4012
4021
4030
4102
4111
4120
4201
4210
4300
10000
10003
10012
10021
10024
10030
10033
10042
10102
10111
10114
10120
10123
10132
10141
10201
10204
10210
10213
10222
10231
10240
10300
10303
10312
10321
10330
10402
10411
10420
11002
11011
11014
11020
11023
11032
11041
11101
11104
11110
11113
11122
11131
11140
11200
11203
11212
11221
11230
11302
11311
11320
11401
11410
12001
12004
12010
12013
12022
12031
12040
12100
12103
12112
12121
12130
12202
12211
12220
12301
12310
12400
13000
13003
13012
13021
13030
13102
13111
13120
13201
13210
13300
14002
14011
14020
14101
14110
14200
20002
20011
20014
20020
20023
20032
20041
20101
20104
20110
20113
20122
20131
20140
20200
20203
20212
20221
20230
20302
20311
20320
20401
20410
21001
21004
21010
21013
21022
21031
21040
21100
21103
21112
21121
21130
21202
21211
21220
21301
21310
21400
22000
22003
22012
22021
22030
22102
22111
22120
22201
22210
22300
23002
23011
23020
23101
23110
23200
24001
24010
24100
30001
30004
30010
30013
30022
30031
30040
30100
30103
30112
30121
30130
30202
30211
30220
30301
30310
30400
31000
31003
31012
31021
31030
31102
31111
31120
31201
31210
31300
32002
32011
32020
32101
32110
32200
33001
33010
33100
34000
40000
40003
40012
40021
40030
40102
40111
40120
40201
40210
40300
41002
41011
41020
41101
41110
41200
42001
42010
42100
43000
100000
100003
100012
100021
100024
100030
100033
100042
100102
100111
100114
100120
100123
100132
100141
100201
100204
100210
100213
100222
100231
100240
100300
100303
100312
100321
100330
100402
100411
100420
101002
101011
101014
101020
101023
101032
101041
101101
101104
101110
101113
101122
101131
101140
101200
101203
101212
101221
101230
101302
101311
101320
101401
101410
102001
102004
102010
102013
102022
102031
102040
102100
102103
102112
102121
102130
102202
102211
102220
102301
102310
102400
103000
103003
103012
103021
103030
103102
103111
103120
103201
103210
103300
104002
104011
104020
104101
104110
104200
110002
110011
110014
110020
110023
110032
110041
110101
110104
110110
110113
110122
110131
110140
110200
110203
110212
110221
110230
110302
110311
110320
110401
110410
111001
111004
111010
111013
111022
111031
111040
111100
111103
111112
111121
111130
111202
111211
111220
111301
111310
111400
112000
112003
112012
112021
112030
112102
112111
112120
112201
112210
112300
113002
113011
113020
113101
113110
113200
114001
114010
114100
120001
120004
120010
120013
120022
120031
120040
120100
120103
120112
120121
120130
120202
120211
120220
120301
120310
120400
121000
121003
121012
121021
121030
121102
121111
121120
121201
121210
121300
122002
122011
122020
122101
122110
122200
123001
123010
123100
124000
130000
130003
130012
130021
130030
130102
130111
130120
130201
130210
130300
131002
131011
131020
131101
131110
131200
132001
132010
132100
133000
140002
140011
140020
140101
140110
140200
141001
141010
141100
142000
200002
200011
200014
200020
200023
200032
200041
200101
200104
200110
200113
200122
200131
200140
200200
200203
200212
200221
200230
200302
200311
200320
200401
200410
201001
201004
201010
201013
201022
201031
201040
201100
201103
201112
201121
201130
201202
201211
201220
201301
201310
201400
202000
202003
202012
202021
202030
202102
202111
202120
202201
202210
202300
203002
203011
203020
203101
203110
203200
204001
204010
204100
210001
210004
210010
210013
210022
210031
210040
210100
210103
210112
210121
210130
210202
210211
210220
210301
210310
210400
211000
211003
211012
211021
211030
211102
211111
211120
211201
211210
211300
212002
212011
212020
212101
212110
212200
213001
213010
213100
214000
220000
220003
220012
220021
220030
220102
220111
220120
220201
220210
220300
221002
221011
221020
221101
221110
221200
222001
222010
222100
223000
230002
230011
230020
230101
230110
230200
231001
231010
231100
232000
240001
240010
240100
241000
300001
300004
300010
300013
300022
300031
300040
300100
300103
300112
300121
300130
300202
300211
300220
300301
300310
300400
301000
301003
301012
301021
301030
301102
301111
301120
301201
301210
301300
302002
302011
302020
302101
302110
302200
303001
303010
303100
304000
310000
310003
310012
310021
310030
310102
310111
310120
310201
310210
310300
311002
311011
311020
311101
311110
311200
312001
312010
312100
313000
320002
320011
320020
320101
320110
320200
321001
321010
321100
322000
330001
330010
330100
331000
340000
400000
400003
400012
400021
400030
400102
400111
400120
400201
400210
400300
401002
401011
401020
401101
401110
401200
402001
402010
402100
403000
410002
410011
410020
410101
410110
410200
411001
411010
411100
412000
420001
420010
420100
421000
430000
1000000
1000003
1000012
1000021
1000024
1000030
1000033
1000042
1000102
1000111
1000114
1000120
1000123
1000132
1000141
1000201
1000204
1000210
1000213
1000222
1000231
1000240
1000300
1000303
1000312
1000321
1000330
1000402
1000411
1000420
1001002
1001011
1001014
1001020
1001023
1001032
1001041
1001101
1001104
1001110
1001113
1001122
1001131
1001140
1001200
1001203
1001212
1001221
1001230
1001302
1001311
1001320
1001401
1001410
1002001
1002004
1002010
1002013
1002022
1002031
1002040
1002100
1002103
1002112
1002121
1002130
1002202
1002211
1002220
1002301
1002310
1002400
1003000
1003003
1003012
1003021
1003030
1003102
1003111
1003120
1003201
1003210
1003300
1004002
1004011
1004020
1004101
1004110
1004200
1010002
1010011
1010014
1010020
1010023
1010032
1010041
1010101
1010104
1010110
1010113
1010122
1010131
1010140
1010200
1010203
1010212
1010221
1010230
1010302
1010311
1010320
1010401
1010410
1011001
1011004
1011010
1011013
1011022
1011031
1011040
1011100
1011103
1011112
1011121
1011130
1011202
1011211
1011220
1011301
1011310
1011400
1012000
1012003
1012012
1012021
1012030
1012102
1012111
1012120
1012201
1012210
1012300
1013002
1013011
1013020
1013101
1013110
1013200
1014001
1014010
1014100
1020001
1020004
1020010
1020013
1020022
1020031
1020040
1020100
1020103
1020112
1020121
1020130
1020202
1020211
1020220
1020301
1020310
1020400
1021000
1021003
1021012
1021021
1021030
1021102
1021111
1021120
1021201
1021210
1021300
1022002
1022011
1022020
1022101
1022110
1022200
1023001
1023010
1023100
1024000
1030000
1030003
1030012
1030021
1030030
1030102
1030111
1030120
1030201
1030210
1030300
1031002
1031011
1031020
1031101
1031110
1031200
1032001
1032010
1032100
1033000
1040002
1040011
1040020
1040101
1040110
1040200
1041001
1041010
1041100
1042000
1100002
1100011
1100014
1100020
1100023
1100032
1100041
1100101
1100104
1100110
1100113
1100122
1100131
1100140
1100200
1100203
1100212
1100221
1100230
1100302
1100311
1100320
1100401
1100410
1101001
1101004
1101010
1101013
1101022
1101031
1101040
1101100
1101103
1101112
1101121
1101130
1101202
1101211
1101220
1101301
1101310
1101400
1102000
1102003
1102012
1102021
1102030
1102102
1102111
1102120
1102201
1102210
1102300
1103002
1103011
1103020
1103101
1103110
1103200
1104001
1104010
1104100
1110001
1110004
1110010
1110013
1110022
1110031
1110040
1110100
1110103
1110112
1110121
1110130
1110202
1110211
1110220
1110301
1110310
1110400
1111000
1111003
1111012
1111021
1111030
1111102
1111111
1111120
1111201
1111210
1111300
1112002
1112011
1112020
1112101
1112110
1112200
1113001
1113010
1113100
1114000
1120000
1120003
1120012
1120021
1120030
1120102
1120111
1120120
1120201
1120210
1120300
1121002
1121011
1121020
1121101
1121110
1121200
1122001
1122010
1122100
1123000
1130002
1130011
1130020
1130101
1130110
1130200
1131001
1131010
1131100
1132000
1140001
1140010
1140100
1141000
1200001
1200004
1200010
1200013
1200022
1200031
1200040
1200100
1200103
1200112
1200121
1200130
1200202
1200211
1200220
1200301
1200310
1200400
1201000
1201003
1201012
1201021
1201030
1201102
1201111
1201120
1201201
1201210
1201300
1202002
1202011
1202020
1202101
1202110
1202200
1203001
1203010
1203100
1204000
1210000
1210003
1210012
1210021
1210030
1210102
1210111
1210120
1210201
1210210
1210300
1211002
1211011
1211020
1211101
1211110
1211200
1212001
1212010
1212100
1213000
1220002
1220011
1220020
1220101
1220110
1220200
1221001
1221010
1221100
1222000
1230001
1230010
1230100
1231000
1240000
1300000
1300003
1300012
1300021
1300030
1300102
1300111
1300120
1300201
1300210
1300300
1301002
1301011
1301020
1301101
1301110
1301200
1302001
1302010
1302100
1303000
1310002
1310011
1310020
1310101
1310110
1310200
1311001
1311010
1311100
1312000
1320001
1320010
1320100
1321000
1330000
1400002
1400011
1400020
1400101
1400110
1400200
1401001
1401010
1401100
1402000
1410001
1410010
1410100
1411000
1420000
2000002
2000011
2000014
2000020
2000023
2000032
2000041
2000101
2000104
2000110
2000113
2000122
2000131
2000140
2000200
2000203
2000212
2000221
2000230
2000302
2000311
2000320
2000401
2000410
2001001
2001004
2001010
2001013
2001022
2001031
2001040
2001100
2001103
2001112
2001121
2001130
2001202
2001211
2001220
2001301
2001310
2001400
2002000
2002003
2002012
2002021
2002030
2002102
2002111
2002120
2002201
2002210
2002300
2003002
2003011
2003020
2003101
2003110
2003200
2004001
2004010
2004100
2010001
2010004
2010010
2010013
2010022
2010031
2010040
2010100
2010103
2010112
2010121
2010130
2010202
2010211
2010220
2010301
2010310
2010400
2011000
2011003
2011012
2011021
2011030
2011102
2011111
2011120
2011201
2011210
2011300
2012002
2012011
2012020
2012101
2012110
2012200
2013001
2013010
2013100
2014000
2020000
2020003
2020012
2020021
2020030
2020102
2020111
2020120
2020201
2020210
2020300
2021002
2021011
2021020
2021101
2021110
2021200
2022001
2022010
2022100
2023000
2030002
2030011
2030020
2030101
2030110
2030200
2031001
2031010
2031100
2032000
2040001
2040010
2040100
2041000
2100001
2100004
2100010
2100013
2100022
2100031
2100040
2100100
2100103
2100112
2100121
2100130
2100202
2100211
2100220
2100301
2100310
2100400
2101000
2101003
2101012
2101021
2101030
2101102
2101111
2101120
2101201
2101210
2101300
2102002
2102011
2102020
2102101
2102110
2102200
2103001
2103010
2103100
2104000
2110000
2110003
2110012
2110021
2110030
2110102
2110111
2110120
2110201
2110210
2110300
2111002
2111011
2111020
2111101
2111110
2111200
2112001
2112010
2112100
2113000
2120002
2120011
2120020
2120101
2120110
2120200
2121001
2121010
2121100
2122000
2130001
2130010
2130100
2131000
2140000
2200000
2200003
2200012
2200021
2200030
2200102
2200111
2200120
2200201
2200210
2200300
2201002
2201011
2201020
2201101
2201110
2201200
2202001
2202010
2202100
2203000
2210002
2210011
2210020
2210101
2210110
2210200
2211001
2211010
2211100
2212000
2220001
2220010
2220100
2221000
2230000
2300002
2300011
2300020
2300101
2300110
2300200
2301001
2301010
2301100
2302000
2310001
2310010
2310100
2311000
2320000
2400001
2400010
2400100
2401000
2410000
3000001
3000004
3000010
3000013
3000022
3000031
3000040
3000100
3000103
3000112
3000121
3000130
3000202
3000211
3000220
3000301
3000310
3000400
3001000
3001003
3001012
3001021
3001030
3001102
3001111
3001120
3001201
3001210
3001300
3002002
3002011
3002020
3002101
3002110
3002200
3003001
3003010
3003100
3004000
3010000
3010003
3010012
3010021
3010030
3010102
3010111
3010120
3010201
3010210
3010300
3011002
3011011
3011020
3011101
3011110
3011200
3012001
3012010
3012100
3013000
3020002
3020011
3020020
3020101
3020110
3020200
3021001
3021010
3021100
3022000
3030001
3030010
3030100
3031000
3040000
3100000
3100003
3100012
3100021
3100030
3100102
3100111
3100120
3100201
3100210
3100300
3101002
3101011
3101020
3101101
3101110
3101200
3102001
3102010
3102100
3103000
3110002
3110011
3110020
3110101
3110110
3110200
3111001
3111010
3111100
3112000
3120001
3120010
3120100
3121000
3130000
3200002
3200011
3200020
3200101
3200110
3200200
3201001
3201010
3201100
3202000
3210001
3210010
3210100
3211000
3220000
3300001
3300010
3300100
3301000
3310000
3400000
4000000
4000003
4000012
4000021
4000030
4000102
4000111
4000120
4000201
4000210
4000300
4001002
4001011
4001020
4001101
4001110
4001200
4002001
4002010
4002100
4003000
4010002
4010011
4010020
4010101
4010110
4010200
4011001
4011010
4011100
4012000
4020001
4020010
4020100
4021000
4030000
4100002
4100011
4100020
4100101
4100110
4100200
4101001
4101010
4101100
4102000
4110001
4110010
4110100
4111000
4120000
4200001
4200010
4200100
4201000
4210000
4300000
10000000
10000003
10000012
10000021
10000024
10000030
10000033
10000042
10000102
10000111
10000114
10000120
10000123
10000132
10000141
10000201
10000204
10000210
10000213
10000222
10000231
10000240
10000300
10000303
10000312
10000321
10000330
10000402
10000411
10000420
10001002
10001011
10001014
10001020
10001023
10001032
10001041
10001101
10001104
10001110
10001113
10001122
10001131
10001140
10001200
10001203
10001212
10001221
10001230
10001302
10001311
10001320
10001401
10001410
10002001
10002004
10002010
10002013
10002022
10002031
10002040
10002100
10002103
10002112
10002121
10002130
10002202
10002211
10002220
10002301
10002310
10002400
10003000
10003003
10003012
10003021
10003030
10003102
10003111
10003120
10003201
10003210
10003300
10004002
10004011
10004020
10004101
10004110
10004200
10010002
10010011
10010014
10010020
10010023
10010032
10010041
10010101
10010104
10010110
10010113
10010122
10010131
10010140
10010200
10010203
10010212
10010221
10010230
10010302
10010311
10010320
10010401
10010410
10011001
10011004
10011010
10011013
10011022
10011031
10011040
10011100
10011103
10011112
10011121
10011130
10011202
10011211
10011220
10011301
10011310
10011400
10012000
10012003
10012012
10012021
10012030
10012102
10012111
10012120
10012201
10012210
10012300
10013002
10013011
10013020
10013101
10013110
10013200
10014001
10014010
10014100
10020001
10020004
10020010
10020013
10020022
10020031
10020040
10020100
10020103
10020112
10020121
10020130
10020202
10020211
10020220
10020301
10020310
10020400
10021000
10021003
10021012
10021021
10021030
10021102
10021111
10021120
10021201
10021210
10021300
10022002
10022011
10022020
10022101
10022110
10022200
10023001
10023010
10023100
10024000
10030000
10030003
10030012
10030021
10030030
10030102
10030111
10030120
10030201
10030210
10030300
10031002
10031011
10031020
10031101
10031110
10031200
10032001
10032010
10032100
10033000
10040002
10040011
10040020
10040101
10040110
10040200
10041001
10041010
10041100
10042000
10100002
10100011
10100014
10100020
10100023
10100032
10100041
10100101
10100104
10100110
10100113
10100122
10100131
10100140
10100200
10100203
10100212
10100221
10100230
10100302
10100311
10100320
10100401
10100410
10101001
10101004
10101010
10101013
10101022
10101031
10101040
10101100
10101103
10101112
10101121
10101130
10101202
10101211
10101220
10101301
10101310
10101400
10102000
10102003
10102012
10102021
10102030
10102102
10102111
10102120
10102201
10102210
10102300
10103002
10103011
10103020
10103101
10103110
10103200
10104001
10104010
10104100
10110001
10110004
10110010
10110013
10110022
10110031
10110040
10110100
10110103
10110112
10110121
10110130
10110202
10110211
10110220
10110301
10110310
10110400
10111000
10111003
10111012
10111021
10111030
10111102
10111111
10111120
10111201
10111210
10111300
10112002
10112011
10112020
10112101
10112110
10112200
10113001
10113010
10113100
10114000
10120000
10120003
10120012
10120021
10120030
10120102
10120111
10120120
10120201
10120210
10120300
10121002
10121011
10121020
10121101
10121110
10121200
10122001
10122010
10122100
10123000
10130002
10130011
10130020
10130101
10130110
10130200
10131001
10131010
10131100
10132000
10140001
10140010
10140100
10141000
10200001
10200004
10200010
10200013
10200022
10200031
10200040
10200100
10200103
10200112
10200121
10200130
10200202
10200211
10200220
10200301
10200310
10200400
10201000
10201003
10201012
10201021
10201030
10201102
10201111
10201120
10201201
10201210
10201300
10202002
10202011
10202020
10202101
10202110
10202200
10203001
10203010
10203100
10204000
10210000
10210003
10210012
10210021
10210030
10210102
10210111
10210120
10210201
10210210
10210300
10211002
10211011
10211020
10211101
10211110
10211200
10212001
10212010
10212100
10213000
10220002
10220011
10220020
10220101
10220110
10220200
10221001
10221010
10221100
10222000
10230001
10230010
10230100
10231000
10240000
10300000
10300003
10300012
10300021
10300030
10300102
10300111
10300120
10300201
10300210
10300300
10301002
10301011
10301020
10301101
10301110
10301200
10302001
10302010
10302100
10303000
10310002
10310011
10310020
10310101
10310110
10310200
10311001
10311010
10311100
10312000
10320001
10320010
10320100
10321000
10330000
10400002
10400011
10400020
10400101
10400110
10400200
10401001
10401010
10401100
10402000
10410001
10410010
10410100
10411000
10420000
11000002
11000011
11000014
11000020
11000023
11000032
11000041
11000101
11000104
11000110
11000113
11000122
11000131
11000140
11000200
11000203
11000212
11000221
11000230
11000302
11000311
11000320
11000401
11000410
11001001
11001004
11001010
11001013
11001022
11001031
11001040
11001100
11001103
11001112
11001121
11001130
11001202
11001211
11001220
11001301
11001310
11001400
11002000
11002003
11002012
11002021
11002030
11002102
11002111
11002120
11002201
11002210
11002300
11003002
11003011
11003020
11003101
11003110
11003200
11004001
11004010
11004100
11010001
11010004
11010010
11010013
11010022
11010031
11010040
11010100
11010103
11010112
11010121
11010130
11010202
11010211
11010220
11010301
11010310
11010400
11011000
11011003
11011012
11011021
11011030
11011102
11011111
11011120
11011201
11011210
11011300
11012002
11012011
11012020
11012101
11012110
11012200
11013001
11013010
11013100
11014000
11020000
11020003
11020012
11020021
11020030
11020102
11020111
11020120
11020201
11020210
11020300
11021002
11021011
11021020
11021101
11021110
11021200
11022001
11022010
11022100
11023000
11030002
11030011
11030020
11030101
11030110
11030200
11031001
11031010
11031100
11032000
11040001
11040010
11040100
11041000
11100001
11100004
11100010
11100013
11100022
11100031
11100040
11100100
11100103
11100112
11100121
11100130
11100202
11100211
11100220
11100301
11100310
11100400
11101000
11101003
11101012
11101021
11101030
11101102
11101111
11101120
11101201
11101210
11101300
11102002
11102011
11102020
11102101
11102110
11102200
11103001
11103010
11103100
11104000
11110000
11110003
11110012
11110021
11110030
11110102
11110111
11110120
11110201
11110210
11110300
11111002
11111011
11111020
11111101
11111110
11111200
11112001
11112010
11112100
11113000
11120002
11120011
11120020
11120101
11120110
11120200
11121001
11121010
11121100
11122000
11130001
11130010
11130100
11131000
11140000
11200000
11200003
11200012
11200021
11200030
11200102
11200111
11200120
11200201
11200210
11200300
11201002
11201011
11201020
11201101
11201110
11201200
11202001
11202010
11202100
11203000
11210002
11210011
11210020
11210101
11210110
11210200
11211001
11211010
11211100
11212000
11220001
11220010
11220100
11221000
11230000
11300002
11300011
11300020
11300101
11300110
11300200
11301001
11301010
11301100
11302000
11310001
11310010
11310100
11311000
11320000
11400001
11400010
11400100
11401000
11410000
12000001
12000004
12000010
12000013
12000022
12000031
12000040
12000100
12000103
12000112
12000121
12000130
12000202
12000211
12000220
12000301
12000310
12000400
12001000
12001003
12001012
12001021
12001030
12001102
12001111
12001120
12001201
12001210
12001300
12002002
12002011
12002020
12002101
12002110
12002200
12003001
12003010
12003100
12004000
12010000
12010003
12010012
12010021
12010030
12010102
12010111
12010120
12010201
12010210
12010300
12011002
12011011
12011020
12011101
12011110
12011200
12012001
12012010
12012100
12013000
12020002
12020011
12020020
12020101
12020110
12020200
12021001
12021010
12021100
12022000
12030001
12030010
12030100
12031000
12040000
12100000
12100003
12100012
12100021
12100030
12100102
12100111
12100120
12100201
12100210
12100300
12101002
12101011
12101020
12101101
12101110
12101200
12102001
12102010
12102100
12103000
12110002
12110011
12110020
12110101
12110110
12110200
12111001
12111010
12111100
12112000
12120001
12120010
12120100
12121000
12130000
12200002
12200011
12200020
12200101
12200110
12200200
12201001
12201010
12201100
12202000
12210001
12210010
12210100
12211000
12220000
12300001
12300010
12300100
12301000
12310000
12400000
13000000
13000003
13000012
13000021
13000030
13000102
13000111
13000120
13000201
13000210
13000300
13001002
13001011
13001020
13001101
13001110
13001200
13002001
13002010
13002100
13003000
13010002
13010011
13010020
13010101
13010110
13010200
13011001
13011010
13011100
13012000
13020001
13020010
13020100
13021000
13030000
13100002
13100011
13100020
13100101
13100110
13100200
13101001
13101010
13101100
13102000
13110001
13110010
13110100
13111000
13120000
13200001
13200010
13200100
13201000
13210000
13300000
14000002
14000011
14000020
14000101
14000110
14000200
14001001
14001010
14001100
14002000
14010001
14010010
14010100
14011000
14020000
14100001
14100010
14100100
14101000
14110000
14200000
20000002
20000011
20000014
20000020
20000023
20000032
20000041
20000101
20000104
20000110
20000113
20000122
20000131
20000140
20000200
20000203
20000212
20000221
20000230
20000302
20000311
20000320
20000401
20000410
20001001
20001004
20001010
20001013
20001022
20001031
20001040
20001100
20001103
20001112
20001121
20001130
20001202
20001211
20001220
20001301
20001310
20001400
20002000
20002003
20002012
20002021
20002030
20002102
20002111
20002120
20002201
20002210
20002300
20003002
20003011
20003020
20003101
20003110
20003200
20004001
20004010
20004100
20010001
20010004
20010010
20010013
20010022
20010031
20010040
20010100
20010103
20010112
20010121
20010130
20010202
20010211
20010220
20010301
20010310
20010400
20011000
20011003
20011012
20011021
20011030
20011102
20011111
20011120
20011201
20011210
20011300
20012002
20012011
20012020
20012101
20012110
20012200
20013001
20013010
20013100
20014000
20020000
20020003
20020012
20020021
20020030
20020102
20020111
20020120
20020201
20020210
20020300
20021002
20021011
20021020
20021101
20021110
20021200
20022001
20022010
20022100
20023000
20030002
20030011
20030020
20030101
20030110
20030200
20031001
20031010
20031100
20032000
20040001
20040010
20040100
20041000
20100001
20100004
20100010
20100013
20100022
20100031
20100040
20100100
20100103
20100112
20100121
20100130
20100202
20100211
20100220
20100301
20100310
20100400
20101000
20101003
20101012
20101021
20101030
20101102
20101111
20101120
20101201
20101210
20101300
20102002
20102011
20102020
20102101
20102110
20102200
20103001
20103010
20103100
20104000
20110000
20110003
20110012
20110021
20110030
20110102
20110111
20110120
20110201
20110210
20110300
20111002
20111011
20111020
20111101
20111110
20111200
20112001
20112010
20112100
20113000
20120002
20120011
20120020
20120101
20120110
20120200
20121001
20121010
20121100
20122000
20130001
20130010
20130100
20131000
20140000
20200000
20200003
20200012
20200021
20200030
20200102
20200111
20200120
20200201
20200210
20200300
20201002
20201011
20201020
20201101
20201110
20201200
20202001
20202010
20202100
20203000
20210002
20210011
20210020
20210101
20210110
20210200
20211001
20211010
20211100
20212000
20220001
20220010
20220100
20221000
20230000
20300002
20300011
20300020
20300101
20300110
20300200
20301001
20301010
20301100
20302000
20310001
20310010
20310100
20311000
20320000
20400001
20400010
20400100
20401000
20410000
21000001
21000004
21000010
21000013
21000022
21000031
21000040
21000100
21000103
21000112
21000121
21000130
21000202
21000211
21000220
21000301
21000310
21000400
21001000
21001003
21001012
21001021
21001030
21001102
21001111
21001120
21001201
21001210
21001300
21002002
21002011
21002020
21002101
21002110
21002200
21003001
21003010
21003100
21004000
21010000
21010003
21010012
21010021
21010030
21010102
21010111
21010120
21010201
21010210
21010300
21011002
21011011
21011020
21011101
21011110
21011200
21012001
21012010
21012100
21013000
21020002
21020011
21020020
21020101
21020110
21020200
21021001
21021010
21021100
21022000
21030001
21030010
21030100
21031000
21040000
21100000
21100003
21100012
21100021
21100030
21100102
21100111
21100120
21100201
21100210
21100300
21101002
21101011
21101020
21101101
21101110
21101200
21102001
21102010
21102100
21103000
21110002
21110011
21110020
21110101
21110110
21110200
21111001
21111010
21111100
21112000
21120001
21120010
21120100
21121000
21130000
21200002
21200011
21200020
21200101
21200110
21200200
21201001
21201010
21201100
21202000
21210001
21210010
21210100
21211000
21220000
21300001
21300010
21300100
21301000
21310000
21400000
22000000
22000003
22000012
22000021
22000030
22000102
22000111
22000120
22000201
22000210
22000300
22001002
22001011
22001020
22001101
22001110
22001200
22002001
22002010
22002100
22003000
22010002
22010011
22010020
22010101
22010110
22010200
22011001
22011010
22011100
22012000
22020001
22020010
22020100
22021000
22030000
22100002
22100011
22100020
22100101
22100110
22100200
22101001
22101010
22101100
22102000
22110001
22110010
22110100
22111000
22120000
22200001
22200010
22200100
22201000
22210000
22300000
23000002
23000011
23000020
23000101
23000110
23000200
23001001
23001010
23001100
23002000
23010001
23010010
23010100
23011000
23020000
23100001
23100010
23100100
23101000
23110000
23200000
24000001
24000010
24000100
24001000
24010000
24100000
30000001
30000004
30000010
30000013
30000022
30000031
30000040
30000100
30000103
30000112
30000121
30000130
30000202
30000211
30000220
30000301
30000310
30000400
30001000
30001003
30001012
30001021
30001030
30001102
30001111
30001120
30001201
30001210
30001300
30002002
30002011
30002020
30002101
30002110
30002200
30003001
30003010
30003100
30004000
30010000
30010003
30010012
30010021
30010030
30010102
30010111
30010120
30010201
30010210
30010300
30011002
30011011
30011020
30011101
30011110
30011200
30012001
30012010
30012100
30013000
30020002
30020011
30020020
30020101
30020110
30020200
30021001
30021010
30021100
30022000
30030001
30030010
30030100
30031000
30040000
30100000
30100003
30100012
30100021
30100030
30100102
30100111
30100120
30100201
30100210
30100300
30101002
30101011
30101020
30101101
30101110
30101200
30102001
30102010
30102100
30103000
30110002
30110011
30110020
30110101
30110110
30110200
30111001
30111010
30111100
30112000
30120001
30120010
30120100
30121000
30130000
30200002
30200011
30200020
30200101
30200110
30200200
30201001
30201010
30201100
30202000
30210001
30210010
30210100
30211000
30220000
30300001
30300010
30300100
30301000
30310000
30400000
31000000
31000003
31000012
31000021
31000030
31000102
31000111
31000120
31000201
31000210
31000300
31001002
31001011
31001020
31001101
31001110
31001200
31002001
31002010
31002100
31003000
31010002
31010011
31010020
31010101
31010110
31010200
31011001
31011010
31011100
31012000
31020001
31020010
31020100
31021000
31030000
31100002
31100011
31100020
31100101
31100110
31100200
31101001
31101010
31101100
31102000
31110001
31110010
31110100
31111000
31120000
31200001
31200010
31200100
31201000
31210000
31300000
32000002
32000011
32000020
32000101
32000110
32000200
32001001
32001010
32001100
32002000
32010001
32010010
32010100
32011000
32020000
32100001
32100010
32100100
32101000
32110000
32200000
33000001
33000010
33000100
33001000
33010000
33100000
34000000
40000000
40000003
40000012
40000021
40000030
40000102
40000111
40000120
40000201
40000210
40000300
40001002
40001011
40001020
40001101
40001110
40001200
40002001
40002010
40002100
40003000
40010002
40010011
40010020
40010101
40010110
40010200
40011001
40011010
40011100
40012000
40020001
40020010
40020100
40021000
40030000
40100002
40100011
40100020
40100101
40100110
40100200
40101001
40101010
40101100
40102000
40110001
40110010
40110100
40111000
40120000
40200001
40200010
40200100
40201000
40210000
40300000
41000002
41000011
41000020
41000101
41000110
41000200
41001001
41001010
41001100
41002000
41010001
41010010
41010100
41011000
41020000
41100001
41100010
41100100
41101000
41110000
41200000
42000001
42000010
42000100
42001000
42010000
42100000
43000000
100000000
100000003
100000012
100000021
100000024
100000030
100000033
100000042
100000102
100000111
100000114
100000120
100000123
100000132
100000141
100000201
100000204
100000210
100000213
100000222
100000231
100000240
100000300
100000303
100000312
100000321
100000330
100000402
100000411
100000420
100001002
100001011
100001014
100001020
100001023
100001032
100001041
100001101
100001104
100001110
100001113
100001122
100001131
100001140
100001200
100001203
100001212
100001221
100001230
100001302
100001311
100001320
100001401
100001410
100002001
100002004
100002010
100002013
100002022
100002031
100002040
100002100
100002103
100002112
100002121
100002130
100002202
100002211
100002220
100002301
100002310
100002400
100003000
100003003
100003012
100003021
100003030
100003102
100003111
100003120
100003201
100003210
100003300
100004002
100004011
100004020
100004101
100004110
100004200
100010002
100010011
100010014
100010020
100010023
100010032
100010041
100010101
100010104
100010110
100010113
100010122
100010131
100010140
100010200
100010203
100010212
100010221
100010230
100010302
100010311
100010320
100010401
100010410
100011001
100011004
100011010
100011013
100011022
100011031
100011040
100011100
100011103
100011112
100011121
100011130
100011202
100011211
100011220
100011301
100011310
100011400
100012000
100012003
100012012
100012021
100012030
100012102
100012111
100012120
100012201
100012210
100012300
100013002
100013011
100013020
100013101
100013110
100013200
100014001
100014010
100014100
100020001
100020004
100020010
100020013
100020022
100020031
100020040
100020100
100020103
100020112
100020121
100020130
100020202
100020211
100020220
100020301
100020310
100020400
100021000
100021003
100021012
100021021
100021030
100021102
100021111
100021120
100021201
100021210
100021300
100022002
100022011
100022020
100022101
100022110
100022200
100023001
100023010
100023100
100024000
100030000
100030003
100030012
100030021
100030030
100030102
100030111
100030120
100030201
100030210
100030300
100031002
100031011
100031020
100031101
100031110
100031200
100032001
100032010
100032100
100033000
100040002
100040011
100040020
100040101
100040110
100040200
100041001
100041010
100041100
100042000
100100002
100100011
100100014
100100020
100100023
100100032
100100041
100100101
100100104
100100110
100100113
100100122
100100131
100100140
100100200
100100203
100100212
100100221
100100230
100100302
100100311
100100320
100100401
100100410
100101001
100101004
100101010
100101013
100101022
100101031
100101040
100101100
100101103
100101112
100101121
100101130
100101202
100101211
100101220
100101301
100101310
100101400
100102000
100102003
100102012
100102021
100102030
100102102
100102111
100102120
100102201
100102210
100102300
100103002
100103011
100103020
100103101
100103110
100103200
100104001
100104010
100104100
100110001
100110004
100110010
100110013
100110022
100110031
100110040
100110100
100110103
100110112
100110121
100110130
100110202
100110211
100110220
100110301
100110310
100110400
100111000
100111003
100111012
100111021
100111030
100111102
100111111
100111120
100111201
100111210
100111300
100112002
100112011
100112020
100112101
100112110
100112200
100113001
100113010
100113100
100114000
100120000
100120003
100120030
100120102
100120111
100120120
100120201
100120210
100120300
100121002
100121011
100121020
100121101
100121110
100121200
100122001
100122010
100122100
100123000
100130002
100130011
100130020
100130101
100130110
100130200
100131001
100131010
100131100
100132000
100140001
100140010
100140100
100141000
100200001
100200004
100200010
100200013
100200022
100200031
100200040
100200100
100200103
100200112
100200121
100200130
100200202
100200211
100200220
100200301
100200310
100200400
100201000
100201003
100201012
100201021
100201030
100201102
100201111
100201120
100201201
100201210
100201300
100202002
100202011
100202020
100202101
100202110
100202200
100203001
100203010
100203100
100204000
100210000
100210003
100210030
100210102
100210111
100210120
100210201
100210210
100210300
100211002
100211011
100211020
100211101
100211110
100211200
100212001
100212010
100212100
100213000
100220002
100220011
100220020
100220101
100220110
100220200
100221001
100221010
100221100
100222000
100230001
100230010
100230100
100231000
100240000
100300000
100300003
100300012
100300021
100300030
100300102
100300111
100300120
100300201
100300210
100300300
100301002
100301011
100301020
100301101
100301110
100301200
100302001
100302010
100302100
100303000
100310002
100310011
100310020
100310101
100310110
100310200
100311001
100311010
100311100
100312000
100320001
100320010
100320100
100321000
100330000
100400002
100400011
100400020
100400101
100400110
100400200
100401001
100401010
100401100
100402000
100410001
100410010
100410100
100411000
100420000
101000002
101000011
101000014
101000020
101000023
101000032
101000041
101000101
101000104
101000110
101000113
101000122
101000131
101000140
101000200
101000203
101000212
101000221
101000230
101000302
101000311
101000320
101000401
101000410
101001001
101001004
101001010
101001013
101001022
101001031
101001040
101001100
101001103
101001112
101001121
101001130
101001202
101001211
101001220
101001301
101001310
101001400
101002000
101002003
101002012
101002021
101002030
101002102
101002111
101002120
101002201
101002210
101002300
101003002
101003011
101003020
101003101
101003110
101003200
101004001
101004010
101004100
101010001
101010004
101010010
101010013
101010022
101010031
101010040
101010100
101010103
101010112
101010121
101010130
101010202
101010211
101010220
101010301
101010310
101010400
101011000
101011003
101011012
101011021
101011030
101011102
101011111
101011120
101011201
101011210
101011300
101012002
101012011
101012020
101012101
101012110
101012200
101013001
101013010
101013100
101014000
101020000
101020003
101020012
101020021
101020030
101020102
101020111
101020120
101020201
101020210
101020300
101021002
101021011
101021020
101021101
101021110
101021200
101022001
101022010
101022100
101023000
101030002
101030011
101030020
101030101
101030110
101030200
101031001
101031010
101031100
101032000
101040001
101040010
101040100
101041000
101100001
101100004
101100010
101100013
101100022
101100031
101100040
101100100
101100103
101100112
101100121
101100130
101100202
101100211
101100220
101100301
101100310
101100400
101101000
101101003
101101012
101101021
101101030
101101102
101101111
101101120
101101201
101101210
101101300
101102002
101102011
101102020
101102101
101102110
101102200
101103001
101103010
101103100
101104000
101110000
101110003
101110012
101110021
101110030
101110102
101110111
101110120
101110201
101110210
101110300
101111002
101111011
101111020
101111101
101111110
101111200
101112001
101112010
101112100
101113000
101120002
101120011
101120020
101120101
101120110
101120200
101121001
101121010
101121100
101122000
101130001
101130010
101130100
101131000
101140000
101200000
101200003
101200012
101200021
101200030
101200102
101200111
101200120
101200201
101200210
101200300
101201002
101201011
101201020
101201101
101201110
101201200
101202001
101202010
101202100
101203000
101210002
101210011
101210020
101210101
101210110
101210200
101211001
101211010
101211100
101212000
101220001
101220010
101220100
101221000
101230000
101300002
101300011
101300020
101300101
101300110
101300200
101301001
101301010
101301100
101302000
101310001
101310010
101310100
101311000
101320000
101400001
101400010
101400100
101401000
101410000
102000001
102000004
102000010
102000013
102000022
102000031
102000040
102000100
102000103
102000112
102000121
102000130
102000202
102000211
102000220
102000301
102000310
102000400
102001000
102001003
102001012
102001021
102001030
102001102
102001111
102001120
102001201
102001210
102001300
102002002
102002011
102002020
102002101
102002110
102002200
102003001
102003010
102003100
102004000
102010000
102010003
102010012
102010021
102010030
102010102
102010111
102010120
102010201
102010210
102010300
102011002
102011011
102011020
102011101
102011110
102011200
102012001
102012010
102012100
102013000
102020002
102020011
102020020
102020101
102020110
102020200
102021001
102021010
102021100
102022000
102030001
102030010
102030100
102031000
102040000
102100000
102100003
102100012
102100021
102100030
102100102
102100111
102100120
102100201
102100210
102100300
102101002
102101011
102101020
102101101
102101110
102101200
102102001
102102010
102102100
102103000
102110002
102110011
102110020
102110101
102110110
102110200
102111001
102111010
102111100
102112000
102120001
102120010
102120100
102121000
102130000
102200002
102200011
102200020
102200101
102200110
102200200
102201001
102201010
102201100
102202000
102210001
102210010
102210100
102211000
102220000
102300001
102300010
102300100
102301000
102310000
102400000
103000000
103000003
103000012
103000021
103000030
103000102
103000111
103000120
103000201
103000210
103000300
103001002
103001011
103001020
103001101
103001110
103001200
103002001
103002010
103002100
103003000
103010002
103010011
103010020
103010101
103010110
103010200
103011001
103011010
103011100
103012000
103020001
103020010
103020100
103021000
103030000
103100002
103100011
103100020
103100101
103100110
103100200
103101001
103101010
103101100
103102000
103110001
103110010
103110100
103111000
103120000
103200001
103200010
103200100
103201000
103210000
103300000
104000002
104000011
104000020
104000101
104000110
104000200
104001001
104001010
104001100
104002000
104010001
104010010
104010100
104011000
104020000
104100001
104100010
104100100
104101000
104110000
104200000
110000002
110000011
110000014
110000020
110000023
110000032
110000041
110000101
110000104
110000110
110000113
110000122
110000131
110000140
110000200
110000203
110000212
110000221
110000230
110000302
110000311
110000320
110000401
110000410
110001001
110001004
110001010
110001013
110001022
110001031
110001040
110001100
110001103
110001112
110001121
110001130
110001202
110001211
110001220
110001301
110001310
110001400
110002000
110002003
110002012
110002021
110002030
110002102
110002111
110002120
110002201
110002210
110002300
110003002
110003011
110003020
110003101
110003110
110003200
110004001
110004010
110004100
110010001
110010004
110010010
110010013
110010022
110010031
110010040
110010100
110010103
110010112
110010121
110010130
110010202
110010211
110010220
110010301
110010310
110010400
110011000
110011003
110011012
110011021
110011030
110011102
110011111
110011120
110011201
110011210
110011300
110012002
110012011
110012020
110012101
110012110
110012200
110013001
110013010
110013100
110014000
110020000
110020003
110020012
110020021
110020030
110020102
110020111
110020120
110020201
110020210
110020300
110021002
110021011
110021020
110021101
110021110
110021200
110022001
110022010
110022100
110023000
110030002
110030011
110030020
110030101
110030110
110030200
110031001
110031010
110031100
110032000
110040001
110040010
110040100
110041000
110100001
110100004
110100010
110100013
110100022
110100031
110100040
110100100
110100103
110100112
110100121
110100130
110100202
110100211
110100220
110100301
110100310
110100400
110101000
110101003
110101012
110101021
110101030
110101102
110101111
110101120
110101201
110101210
110101300
110102002
110102011
110102020
110102101
110102110
110102200
110103001
110103010
110103100
110104000
110110000
110110003
110110012
110110021
110110030
110110102
110110111
110110120
110110201
110110210
110110300
110111002
110111011
110111020
110111101
110111110
110111200
110112001
110112010
110112100
110113000
110120002
110120011
110120020
110120101
110120110
110120200
110121001
110121010
110121100
110122000
110130001
110130010
110130100
110131000
110140000
110200000
110200003
110200012
110200021
110200030
110200102
110200111
110200120
110200201
110200210
110200300
110201002
110201011
110201020
110201101
110201110
110201200
110202001
110202010
110202100
110203000
110210002
110210011
110210020
110210101
110210110
110210200
110211001
110211010
110211100
110212000
110220001
110220010
110220100
110221000
110230000
110300002
110300011
110300020
110300101
110300110
110300200
110301001
110301010
110301100
110302000
110310001
110310010
110310100
110311000
110320000
110400001
110400010
110400100
110401000
110410000
111000001
111000004
111000010
111000013
111000022
111000031
111000040
111000100
111000103
111000112
111000121
111000130
111000202
111000211
111000220
111000301
111000310
111000400
111001000
111001003
111001012
111001021
111001030
111001102
111001111
111001120
111001201
111001210
111001300
111002002
111002011
111002020
111002101
111002110
111002200
111003001
111003010
111003100
111004000
111010000
111010003
111010012
111010021
111010030
111010102
111010111
111010120
111010201
111010210
111010300
111011002
111011011
111011020
111011101
111011110
111011200
111012001
111012010
111012100
111013000
111020002
111020011
111020020
111020101
111020110
111020200
111021001
111021010
111021100
111022000
111030001
111030010
111030100
111031000
111040000
111100000
111100003
111100012
111100021
111100030
111100102
111100111
111100120
111100201
111100210
111100300
111101002
111101011
111101020
111101101
111101110
111101200
111102001
111102010
111102100
111103000
111110002
111110011
111110020
111110101
111110110
111110200
111111001
111111010
111111100
111112000
111120001
111120010
111120100
111121000
111130000
111200002
111200011
111200020
111200101
111200110
111200200
111201001
111201010
111201100
111202000
111210001
111210010
111210100
111211000
111220000
111300001
111300010
111300100
111301000
111310000
111400000
112000000
112000003
112000012
112000021
112000030
112000102
112000111
112000120
112000201
112000210
112000300
112001002
112001011
112001020
112001101
112001110
112001200
112002001
112002010
112002100
112003000
112010002
112010011
112010020
112010101
112010110
112010200
112011001
112011010
112011100
112012000
112020001
112020010
112020100
112021000
112030000
112100002
112100011
112100020
112100101
112100110
112100200
112101001
112101010
112101100
112102000
112110001
112110010
112110100
112111000
112120000
112200001
112200010
112200100
112201000
112210000
112300000
113000002
113000011
113000020
113000101
113000110
113000200
113001001
113001010
113001100
113002000
113010001
113010010
113010100
113011000
113020000
113100001
113100010
113100100
113101000
113110000
113200000
114000001
114000010
114000100
114001000
114010000
114100000
120000001
120000004
120000010
120000013
120000022
120000031
120000040
120000100
120000103
120000112
120000121
120000130
120000202
120000211
120000220
120000301
120000310
120000400
120001000
120001003
120001012
120001021
120001030
120001102
120001111
120001120
120001201
120001210
120001300
120002002
120002011
120002020
120002101
120002110
120002200
120003001
120003010
120003100
120004000
120010000
120010003
120010030
120010102
120010111
120010120
120010201
120010210
120010300
120011002
120011011
120011020
120011101
120011110
120011200
120012010
120012100
120013000
120020002
120020011
120020020
120020101
120020110
120020200
120021010
120021100
120022000
120030001
120030010
120030100
120031000
120040000
120100000
120100003
120100012
120100021
120100030
120100102
120100111
120100120
120100201
120100210
120100300
120101002
120101011
120101020
120101101
120101110
120101200
120102001
120102010
120102100
120103000
120110002
120110011
120110020
120110101
120110110
120110200
120111001
120111010
120111100
120112000
120120001
120120010
120120100
120121000
120130000
120200002
120200011
120200020
120200101
120200110
120200200
120201001
120201010
120201100
120202000
120210001
120210010
120210100
120211000
120220000
120300001
120300010
120300100
120301000
120310000
120400000
121000000
121000003
121000012
121000021
121000030
121000102
121000111
121000120
121000201
121000210
121000300
121001002
121001011
121001020
121001101
121001110
121001200
121002001
121002010
121002100
121003000
121010002
121010011
121010020
121010101
121010110
121010200
121011001
121011010
121011100
121012000
121020001
121020010
121020100
121021000
121030000
121100002
121100011
121100020
121100101
121100110
121100200
121101001
121101010
121101100
121102000
121110001
121110010
121110100
121111000
121120000
121200001
121200010
121200100
121201000
121210000
121300000
122000002
122000011
122000020
122000101
122000110
122000200
122001001
122001010
122001100
122002000
122010001
122010010
122010100
122011000
122020000
122100001
122100010
122100100
122101000
122110000
122200000
123000001
123000010
123000100
123001000
123010000
123100000
124000000
130000000
130000003
130000012
130000021
130000030
130000102
130000111
130000120
130000201
130000210
130000300
130001002
130001011
130001020
130001101
130001110
130001200
130002001
130002010
130002100
130003000
130010002
130010011
130010020
130010101
130010110
130010200
130011001
130011010
130011100
130012000
130020001
130020010
130020100
130021000
130030000
130100002
130100011
130100020
130100101
130100110
130100200
130101001
130101010
130101100
130102000
130110001
130110010
130110100
130111000
130120000
130200001
130200010
130200100
130201000
130210000
130300000
131000002
131000011
131000020
131000101
131000110
131000200
131001001
131001010
131001100
131002000
131010001
131010010
131010100
131011000
131020000
131100001
131100010
131100100
131101000
131110000
131200000
132000001
132000010
132000100
132001000
132010000
132100000
133000000
140000002
140000011
140000020
140000101
140000110
140000200
140001001
140001010
140001100
140002000
140010001
140010010
140010100
140011000
140020000
140100001
140100010
140100100
140101000
140110000
140200000
141000001
141000010
141000100
141001000
141010000
141100000
142000000
200000002
200000011
200000014
200000020
200000023
200000032
200000041
200000101
200000104
200000110
200000113
200000122
200000131
200000140
200000200
200000203
200000212
200000221
200000230
200000302
200000311
200000320
200000401
200000410
200001001
200001004
200001010
200001013
200001022
200001031
200001040
200001100
200001103
200001112
200001121
200001130
200001202
200001211
200001220
200001301
200001310
200001400
200002000
200002003
200002012
200002021
200002030
200002102
200002111
200002120
200002201
200002210
200002300
200003002
200003011
200003020
200003101
200003110
200003200
200004001
200004010
200004100
200010001
200010004
200010010
200010013
200010022
200010031
200010040
200010100
200010103
200010112
200010121
200010130
200010202
200010211
200010220
200010301
200010310
200010400
200011000
200011003
200011012
200011021
200011030
200011102
200011111
200011120
200011201
200011210
200011300
200012002
200012011
200012020
200012101
200012110
200012200
200013001
200013010
200013100
200014000
200020000
200020003
200020012
200020021
200020030
200020102
200020111
200020120
200020201
200020210
200020300
200021002
200021011
200021020
200021101
200021110
200021200
200022001
200022010
200022100
200023000
200030002
200030011
200030020
200030101
200030110
200030200
200031001
200031010
200031100
200032000
200040001
200040010
200040100
200041000
200100001
200100004
200100010
200100013
200100022
200100031
200100040
200100100
200100103
200100112
200100121
200100130
200100202
200100211
200100220
200100301
200100310
200100400
200101000
200101003
200101012
200101021
200101030
200101102
200101111
200101120
200101201
200101210
200101300
200102002
200102011
200102020
200102101
200102110
200102200
200103001
200103010
200103100
200104000
200110000
200110003
200110012
200110021
200110030
200110102
200110111
200110120
200110201
200110210
200110300
200111002
200111011
200111020
200111101
200111110
200111200
200112001
200112010
200112100
200113000
200120002
200120011
200120020
200120101
200120110
200120200
200121001
200121010
200121100
200122000
200130001
200130010
200130100
200131000
200140000
200200000
200200003
200200012
200200021
200200030
200200102
200200111
200200120
200200201
200200210
200200300
200201002
200201011
200201020
200201101
200201110
200201200
200202001
200202010
200202100
200203000
200210002
200210011
200210020
200210101
200210110
200210200
200211001
200211010
200211100
200212000
200220001
200220010
200220100
200221000
200230000
200300002
200300011
200300020
200300101
200300110
200300200
200301001
200301010
200301100
200302000
200310001
200310010
200310100
200311000
200320000
200400001
200400010
200400100
200401000
200410000
201000001
201000004
201000010
201000013
201000022
201000031
201000040
201000100
201000103
201000112
201000121
201000130
201000202
201000211
201000220
201000301
201000310
201000400
201001000
201001003
201001012
201001021
201001030
201001102
201001111
201001120
201001201
201001210
201001300
201002002
201002011
201002020
201002101
201002110
201002200
201003001
201003010
201003100
201004000
201010000
201010003
201010012
201010021
201010030
201010102
201010111
201010120
201010201
201010210
201010300
201011002
201011011
201011020
201011101
201011110
201011200
201012001
201012010
201012100
201013000
201020002
201020011
201020020
201020101
201020110
201020200
201021001
201021010
201021100
201022000
201030001
201030010
201030100
201031000
201040000
201100000
201100003
201100012
201100021
201100030
201100102
201100111
201100120
201100201
201100210
201100300
201101002
201101011
201101020
201101101
201101110
201101200
201102001
201102010
201102100
201103000
201110002
201110011
201110020
201110101
201110110
201110200
201111001
201111010
201111100
201112000
201120001
201120010
201120100
201121000
201130000
201200002
201200011
201200020
201200101
201200110
201200200
201201001
201201010
201201100
201202000
201210001
201210010
201210100
201211000
201220000
201300001
201300010
201300100
201301000
201310000
201400000
202000000
202000003
202000012
202000021
202000030
202000102
202000111
202000120
202000201
202000210
202000300
202001002
202001011
202001020
202001101
202001110
202001200
202002001
202002010
202002100
202003000
202010002
202010011
202010020
202010101
202010110
202010200
202011001
202011010
202011100
202012000
202020001
202020010
202020100
202021000
202030000
202100002
202100011
202100020
202100101
202100110
202100200
202101001
202101010
202101100
202102000
202110001
202110010
202110100
202111000
202120000
202200001
202200010
202200100
202201000
202210000
202300000
203000002
203000011
203000020
203000101
203000110
203000200
203001001
203001010
203001100
203002000
203010001
203010010
203010100
203011000
203020000
203100001
203100010
203100100
203101000
203110000
203200000
204000001
204000010
204000100
204001000
204010000
204100000
210000001
210000004
210000010
210000013
210000022
210000031
210000040
210000100
210000103
210000112
210000121
210000130
210000202
210000211
210000220
210000301
210000310
210000400
210001000
210001003
210001012
210001021
210001030
210001102
210001111
210001120
210001201
210001210
210001300
210002002
210002011
210002020
210002101
210002110
210002200
210003001
210003010
210003100
210004000
210010000
210010003
210010030
210010102
210010111
210010120
210010201
210010210
210010300
210011002
210011011
210011020
210011101
210011110
210011200
210012010
210012100
210013000
210020002
210020011
210020020
210020101
210020110
210020200
210021010
210021100
210022000
210030001
210030010
210030100
210031000
210040000
210100000
210100003
210100012
210100021
210100030
210100102
210100111
210100120
210100201
210100210
210100300
210101002
210101011
210101020
210101101
210101110
210101200
210102001
210102010
210102100
210103000
210110002
210110011
210110020
210110101
210110110
210110200
210111001
210111010
210111100
210112000
210120001
210120010
210120100
210121000
210130000
210200002
210200011
210200020
210200101
210200110
210200200
210201001
210201010
210201100
210202000
210210001
210210010
210210100
210211000
210220000
210300001
210300010
210300100
210301000
210310000
210400000
211000000
211000003
211000012
211000021
211000030
211000102
211000111
211000120
211000201
211000210
211000300
211001002
211001011
211001020
211001101
211001110
211001200
211002001
211002010
211002100
211003000
211010002
211010011
211010020
211010101
211010110
211010200
211011001
211011010
211011100
211012000
211020001
211020010
211020100
211021000
211030000
211100002
211100011
211100020
211100101
211100110
211100200
211101001
211101010
211101100
211102000
211110001
211110010
211110100
211111000
211120000
211200001
211200010
211200100
211201000
211210000
211300000
212000002
212000011
212000020
212000101
212000110
212000200
212001001
212001010
212001100
212002000
212010001
212010010
212010100
212011000
212020000
212100001
212100010
212100100
212101000
212110000
212200000
213000001
213000010
213000100
213001000
213010000
213100000
214000000
220000000
220000003
220000012
220000021
220000030
220000102
220000111
220000120
220000201
220000210
220000300
220001002
220001011
220001020
220001101
220001110
220001200
220002001
220002010
220002100
220003000
220010002
220010011
220010020
220010101
220010110
220010200
220011001
220011010
220011100
220012000
220020001
220020010
220020100
220021000
220030000
220100002
220100011
220100020
220100101
220100110
220100200
220101001
220101010
220101100
220102000
220110001
220110010
220110100
220111000
220120000
220200001
220200010
220200100
220201000
220210000
220300000
221000002
221000011
221000020
221000101
221000110
221000200
221001001
221001010
221001100
221002000
221010001
221010010
221010100
221011000
221020000
221100001
221100010
221100100
221101000
221110000
221200000
222000001
222000010
222000100
222001000
222010000
222100000
223000000
230000002
230000011
230000020
230000101
230000110
230000200
230001001
230001010
230001100
230002000
230010001
230010010
230010100
230011000
230020000
230100001
230100010
230100100
230101000
230110000
230200000
231000001
231000010
231000100
231001000
231010000
231100000
232000000
240000001
240000010
240000100
240001000
240010000
240100000
241000000
300000001
300000004
300000010
300000013
300000022
300000031
300000040
300000100
300000103
300000112
300000121
300000130
300000202
300000211
300000220
300000301
300000310
300000400
300001000
300001003
300001012
300001021
300001030
300001102
300001111
300001120
300001201
300001210
300001300
300002002
300002011
300002020
300002101
300002110
300002200
300003001
300003010
300003100
300004000
300010000
300010003
300010012
300010021
300010030
300010102
300010111
300010120
300010201
300010210
300010300
300011002
300011011
300011020
300011101
300011110
300011200
300012001
300012010
300012100
300013000
300020002
300020011
300020020
300020101
300020110
300020200
300021001
300021010
300021100
300022000
300030001
300030010
300030100
300031000
300040000
300100000
300100003
300100012
300100021
300100030
300100102
300100111
300100120
300100201
300100210
300100300
300101002
300101011
300101020
300101101
300101110
300101200
300102001
300102010
300102100
300103000
300110002
300110011
300110020
300110101
300110110
300110200
300111001
300111010
300111100
300112000
300120001
300120010
300120100
300121000
300130000
300200002
300200011
300200020
300200101
300200110
300200200
300201001
300201010
300201100
300202000
300210001
300210010
300210100
300211000
300220000
300300001
300300010
300300100
300301000
300310000
300400000
301000000
301000003
301000012
301000021
301000030
301000102
301000111
301000120
301000201
301000210
301000300
301001002
301001011
301001020
301001101
301001110
301001200
301002001
301002010
301002100
301003000
301010002
301010011
301010020
301010101
301010110
301010200
301011001
301011010
301011100
301012000
301020001
301020010
301020100
301021000
301030000
301100002
301100011
301100020
301100101
301100110
301100200
301101001
301101010
301101100
301102000
301110001
301110010
301110100
301111000
301120000
301200001
301200010
301200100
301201000
301210000
301300000
302000002
302000011
302000020
302000101
302000110
302000200
302001001
302001010
302001100
302002000
302010001
302010010
302010100
302011000
302020000
302100001
302100010
302100100
302101000
302110000
302200000
303000001
303000010
303000100
303001000
303010000
303100000
304000000
310000000
310000003
310000012
310000021
310000030
310000102
310000111
310000120
310000201
310000210
310000300
310001002
310001011
310001020
310001101
310001110
310001200
310002001
310002010
310002100
310003000
310010002
310010011
310010020
310010101
310010110
310010200
310011001
310011010
310011100
310012000
310020001
310020010
310020100
310021000
310030000
310100002
310100011
310100020
310100101
310100110
310100200
310101001
310101010
310101100
310102000
310110001
310110010
310110100
310111000
310120000
310200001
310200010
310200100
310201000
310210000
310300000
311000002
311000011
311000020
311000101
311000110
311000200
311001001
311001010
311001100
311002000
311010001
311010010
311010100
311011000
311020000
311100001
311100010
311100100
311101000
311110000
311200000
312000001
312000010
312000100
312001000
312010000
312100000
313000000
320000002
320000011
320000020
320000101
320000110
320000200
320001001
320001010
320001100
320002000
320010001
320010010
320010100
320011000
320020000
320100001
320100010
320100100
320101000
320110000
320200000
321000001
321000010
321000100
321001000
321010000
321100000
322000000
330000001
330000010
330000100
330001000
330010000
330100000
331000000
340000000
400000000
400000003
400000012
400000021
400000030
400000102
400000111
400000120
400000201
400000210
400000300
400001002
400001011
400001020
400001101
400001110
400001200
400002001
400002010
400002100
400003000
400010002
400010011
400010020
400010101
400010110
400010200
400011001
400011010
400011100
400012000
400020001
400020010
400020100
400021000
400030000
400100002
400100011
400100020
400100101
400100110
400100200
400101001
400101010
400101100
400102000
400110001
400110010
400110100
400111000
400120000
400200001
400200010
400200100
400201000
400210000
400300000
401000002
401000011
401000020
401000101
401000110
401000200
401001001
401001010
401001100
401002000
401010001
401010010
401010100
401011000
401020000
401100001
401100010
401100100
401101000
401110000
401200000
402000001
402000010
402000100
402001000
402010000
402100000
403000000
410000002
410000011
410000020
410000101
410000110
410000200
410001001
410001010
410001100
410002000
410010001
410010010
410010100
410011000
410020000
410100001
410100010
410100100
410101000
410110000
410200000
411000001
411000010
411000100
411001000
411010000
411100000
412000000
420000001
420000010
420000100
420001000
420010000
420100000
421000000
430000000
