211021000
20011120
2212000
1001110
1100320
21020200
31010002
10310020
1311010
1301002
3100300
3011002
120120010
10021120
2014
101102101
100110202
212020
121200010
210000220
210000211
201000004
110100301
110002201
100001311
12011101
11112010
200410
13002100
320000101
201120010
400010020
102110020
11000002
141100
402100
11220010
10024
221002000
113100100
30002002
320000002
10000114
110110120
42001
11020000
111110002
102102100
102001021
301100011
10204
122011
11030020
120112000
2001040
1000141
300101002
400001002
101020000
14000200
11000131
10103002
100200220
10112002
2101012
112003000
103101001
1023100
110032
1020100
101130100
101401000
11032000
211001200
211000021
2101030
100011103
10102003
10001041
214000000
3012010
20112010
10230100
10040011
2302
13210
102020011
200000203
200041
1100311
2002111
22000
121003
10113010
10113001
101100400
400120
10031011
331000000
3121000
121000210
20102011
100100320
410200
100121200
1121200
400000000
13
31000300
200001310
3010102
40100110
10020202
20001202
100101301
130000
20210200
10114
120202
110014
30201100
22010200
211020100
20201011
111211
11112001
10101031
101012002
3200002
210010003
101030110
200021110
40003000
21002110
200100100
133
111310000
10411000
210011200
300100000
10012300
10021021
20002021
1001212
10212001
3301000
13010011
30010111
112002001
202111
10002103
301000201
101031010
20003200
111001111
110001013
101023
313
240100000
13020100
3110200
210000121
30130
311010010
10001320
20010112
120021010
220010011
1000330
11001400
103030
100013200
10010140
21100
12000130
200001220
110001121
10103011
110100013
4011001
212002
12211000
200000014
310011100
20310001
31201
100001020
101100211
20210020
20103100
100001011
211110001
20100013
1001122
202300
12130000
230010100
113001010
110030002
2030101
32001001
30112000
213100
112210
110013010
12010
420000100
212001100
203200
111100210
101010022
402001000
112010110
11000020
300100003
2100301
102012100
110100121
100010041
10003102
100110310
101110201
12020200
200011300
101010211
2211010
2102002
301030000
1111003
120011011
20100301
10101010
13020010
13000102
20101012
300020110
310002001
111201001
410000110
100013011
100001131
400101100
31010020
112002010
111000121
100220002
10013002
1103011
11020120
2002102
12300100
112000021
103011001
4010101
300200200
101210110
110010022
111000112
11011210
300310
232
120001
11020021
203010100
211010101
103001020
12010120
110110102
41110
11010112
101200012
210200011
200001130
11001211
100031020
23110
20032
11100121
231000001
140000101
2212
11010001
11121001
110003200
102001030
13000120
300301000
1103110
220102000
21002200
10120300
31021
2210020
230000020
112200001
21010000
104000011
103003
100100401
411000100
300110002
211101100
31002100
102111010
110120002
10010014
11131
302100010
3100012
1010122
102211000
103101010
11111101
330100
110200012
100030120
2311
112000003
3201010
221001010
200040100
20104
1021003
1102012
223000000
31101010
20100400
1114
1000231
200022001
300011110
21100102
1301020
210022
101020021
102200011
110002003
2000200
232000
200201200
100104010
100020040
1002211
22100011
12010300
102110110
10201102
103020100
200012200
120100120
10001212
210112
20020300
302200
10100101
1103101
11100100
200110102
210300001
13010002
201000301
4110010
110101003
3001012
110130001
1310011
100040002
100000042
1041001
200200030
10003003
222010
211200100
101300110
101001211
110102200
201011002
10103200
10201120
101310001
14002
10120012
11000221
24100000
104101000
100000303
110000023
40100002
111110011
200011210
300001111
210040
310110100
122200000
11200111
10030300
110040100
14000020
24000001
11001010
1040011
3013000
110310001
301200010
11100001
4101001
112000000
311110
20400100
10410010
221020
103001110
100030000
121010200
120000301
30201001
101203
110110021
131001100
13110010
1240000
200103001
2101
101201020
1100101
121102000
12200101
3102010
2130001
11031010
120020110
103002001
21011020
41000101
130111
201103
2010121
403000000
20011300
120102100
2000122
20211001
200212
110011021
1203001
3010012
401110000
1010212
121000000
111020002
2011030
110010211
32200
100021003
100030012
220102
32100100
202020100
13001200
120000100
11000311
100211020
1102201
1020013
211210000
13102000
31100002
103000021
210001012
110010040
300003100
21030001
100000321
101201101
1104001
102000040
200211001
120220000
1300030
3012100
21310
1012
2010004
1003210
10300000
20002210
30102001
400001020
3112000
100401100
100410001
11120020
30000202
2401
2113
1110202
2101120
111040000
120002110
202110010
20110003
10021111
3001
130002010
20000101
310210
110040001
111020011
111011200
201310
32110
100011010
301011001
112101010
100200121
200010013
100010212
10001302
400021
1011031
200410000
221000011
100130002
10101040
40012000
223
10012021
1101022
130200001
30121
200002021
10001014
11002021
104011000
220110010
201111010
100014010
201100201
100101022
1010140
2220100
113000011
110030020
30110002
200102110
21011011
200100001
10101301
310012
221100100
301200001
3130
120030001
10021210
10002310
401000011
120000112
310000120
1010221
1014001
12100000
100200004
100111
10010311
2020210
13012
11031001
20120110
20020201
100020001
1213
2101102
220000003
200310010
13300
400000300
101011000
200100031
111202
11021110
102003001
4003000
300000220
110300110
210000310
12000112
100112110
200121010
1102300
2200021
12100300
304000000
22001110
2001112
300103000
10211200
1110130
4200001
120310
200020
20100031
10020220
201012001
2021002
122020
11320000
221101000
110111020
4000000
1210003
10211101
40000021
202011010
110000200
101001103
100211101
120010021
220100101
120010000
12001030
101003011
22000012
100320100
100100311
302200000
120001030
12010102
4010110
1001221
100203010
100101400
24010
100110112
30120100
100400110
1013002
1020301
31102000
1030003
101011120
110001040
20102110
110012002
21012001
13101100
2020003
200031010
2002300
31002001
204000001
110220100
301020100
13000000
10141000
211010110
31001020
100001221
310100020
1400020
3103
1010230
11100040
112111
130100200
201100030
2410000
2301100
200031100
120010120
11012110
310000210
111100120
100000012
1120210
121000111
21031000
30002200
200400001
1211110
1040002
20110021
401020000
220101010
30000040
100112011
21010021
101104
12100021
13001110
12110002
200110000
20103010
200100220
2400100
2002201
21103000
102000022
21001120
1220101
1300012
130201000
102000220
2000401
231100
10010203
21003010
11104000
200002210
100100023
200012020
1130020
120012010
201100300
103020010
200013100
102000103
104010010
20001013
10112110
20310010
30210001
100202002
400110100
100020121
21120001
1120111
2011
1212010
210202000
120000013
12120100
321100
110211001
301011010
110200
11131000
20021002
310010020
100003102
14020
111120001
131000110
201200110
120022000
210020002
101140000
202010101
11110000
310110001
210202
110211100
111020101
10202011
10021003
100000210
100110121
13021
211100002
111010003
110102110
12120001
400010110
210111100
200101003
40000000
100101013
1130101
100001230
10110004
10030
231100000
22100200
111012010
100000222
203002
10030210
110010310
11012011
111010021
2100220
21220
210201010
103020001
301000030
330000010
302000011
210210001
100100221
10002031
1010020
1030210
120010003
30000220
101221000
10010101
10011004
10300102
203100010
102200002
202111000
11211100
110002030
111102100
310003
12100012
211
2011120
2022100
200201101
410011
100010230
301010002
1010401
101102002
202100020
114100000
11011003
110100031
301101010
110020102
1141
221002
1010104
101201011
1000132
202201000
210210100
210000040
1000222
10102030
10110202
1022011
112110100
141010000
110003101
11110003
1111000
10003120
40002100
132000010
210011110
110111002
10121101
2104
11211001
121210
21202000
2200030
121010101
240000100
10022110
1013101
11110012
1010302
110401000
20301100
10003030
20010202
10010020
11120011
10000102
31
110112001
21030010
11003002
201000001
20202100
301201000
10303
30400
100001212
30010030
210020020
10011130
21000040
22030
12201010
201000040
220011001
1210300
10400002
401001100
12400000
120002002
20100022
100101010
201100120
1110220
1201000
102000112
101011210
101010001
2300002
1300111
11003110
300040
41200
400200001
13300000
31101100
1101400
400120000
122000002
200300002
100010311
300003010
100113001
1210
1022110
111031
212200000
130000300
30010003
110000401
110000122
20201002
100001014
1001230
1000321
221100010
10001110
100300102
10020040
400201000
401100010
100102201
20000020
110010103
110001112
120210001
300200011
110230
2210011
130012
130021
20100004
14200000
230011000
102001300
320101000
102120100
11111011
200202100
100020013
1020103
32001100
201020101
102001210
120100210
100121002
3400
4000210
302010001
121020100
221010001
111021100
100200100
40200100
410020
22111
120200011
30011110
302020
100031011
30004
10011031
300210010
100113100
10401010
202210
300031000
200040001
10120201
1002310
210030010
10302010
10211011
100010110
411100000
10112011
11200012
22010101
101000203
200120020
220101100
101000302
120100201
100001203
2100010
101200201
220200001
2040100
40100020
100202200
10200211
10010032
10040110
30200002
103001101
420010000
400102000
400020010
21202
12100111
10000300
130000021
211011001
30102100
110100220
101211010
13100011
301200100
123100
11201020
1220011
101131000
10000033
103110001
210010102
10100041
1110100
231010000
20030110
110200021
10030102
103210
102031
220003000
103110100
210201001
20101021
10021030
2100202
420000010
13100110
3000010
113002
1010320
301000102
1200013
213010000
203001010
41002000
10123000
110101021
10022011
11101201
110200030
200020111
401101
300010120
1300102
11200201
21200101
3020110
230001001
12001120
12100102
103100200
20201110
30020020
201201010
30000100
4000030
20200021
110100022
1000024
1023010
200030002
30020101
21000211
120101101
2011210
20220010
10240
111013
201300010
4100101
20221000
1011211
200100130
2200
113020
12001000
13000210
101121010
201021010
200000212
110101
200010301
23001100
21001000
121000201
2110003
230002
311200
200110201
10010113
10000204
101101012
10210003
1021210
200010121
201100000
10303000
23001001
41100010
20001040
2000104
100210102
40110001
200001001
140100100
40111000
401020
310120
10030120
140020
300010111
230000002
112011100
120010111
120003010
1000411
1011130
1140100
11200030
200110300
12100120
1020220
113000020
101310100
2032000
140020000
303010000
3021010
100021012
1000123
121100020
10010230
20010040
100112020
131200000
112111000
120201010
100014100
102112
1030021
1102111
202000000
1003300
141001000
30002110
203011
20110210
20101
100020103
210100003
310300000
112101100
211001101
200000113
41011000
102220
100212001
200320000
43
300000040
401001010
40101001
20002300
102001003
10210030
230101
300202
301021000
3211
20004001
10420
1402
33000010
103000003
102010111
1200103
40021
11120101
10111012
2202010
1202002
211012
301111
31100101
112010011
201001003
210000010
210000031
31110010
110101030
23020
4000300
12011200
101010112
3100201
2020030
11000014
101220100
140110
211102000
100004110
101210020
2210101
111300010
213000001
210012001
110001202
1011022
10000222
200200111
101030101
3003010
221001001
21001012
302110000
20122000
11100010
100210
112010200
101002003
110302
1130011
12004000
101000140
200001013
20012110
210011011
102001201
11002120
121120
102010012
22002100
20002030
10101310
10031101
201001
400111000
121101100
3000031
300300010
10041010
11122
300001030
230002000
3200200
200131000
101003101
201001111
10104100
110100400
10102012
221110000
230100001
21011200
11102101
310010110
104110000
210022000
112020010
130101001
10111111
2001010
220111
110110
221020000
203101000
21003001
21000010
20120011
100012300
200020210
32000002
201010111
120011002
101000221
300220000
20002
230200000
110203000
220021000
2004100
302010100
200130001
20023
121100011
100211200
1100200
1100122
201031
110400001
203000200
31200001
12000031
10222000
10220020
10100023
100200001
10000132
1102102
3021100
10004002
221011
420001000
121003000
3200101
13000111
120012100
11110300
100411
10111201
120202000
30010102
10320001
210301
31201000
130000030
22021000
112010101
11201200
120100300
101011300
103000
201121000
22001101
10120030
11100031
102103
200020102
130200010
22100110
11003101
201000211
110021200
110102002
1410001
101120002
130120
402000010
200010100
10102300
10204000
20200210
103010011
210101002
100100032
311010001
100011004
3201100
2011102
21121
1020400
10120120
123100000
222000100
21002011
111110110
300030001
300110110
100132
220110100
201001030
10310110
10000123
1100140
202003
10210120
200110
100021300
1330
1200202
200100112
310020001
412
430000000
14110000
120101200
12110110
101012110
101112010
10002121
101110210
100003300
21000310
3000013
12111001
10000420
100032001
31300000
102220000
113000200
211011100
42000100
2000221
23200
100002400
1112101
110410000
210201100
110023000
10031110
110001010
10320010
10002130
102020002
10111003
40210
200002201
1110001
102100210
101202001
12300001
200100202
100200400
100400020
102310
1120
1010011
210002020
12000301
1102030
3100102
401001001
210300010
221001100
104001010
4020100
100023100
20100310
200203000
103111000
130020010
11003200
102002110
130011001
211101001
100100230
10101130
132100000
1001104
111200002
120000103
221110
10202101
200101
10011010
220001200
14100010
140100001
310000000
33001
1120300
200010022
1202110
2010220
2011021
120121
204001
30100300
104010001
200111011
100221100
301120
10030021
1040101
20002003
101001130
20011003
301001002
1204000
10213
4200100
111001030
110011000
2012110
1130200
12400
1021030
41100001
2001202
200100022
2021101
1010101
102002011
200210200
200011012
114010
310000201
101100121
101041
111001300
40100200
10024000
400200010
300040000
111002002
202000210
320000011
201101101
20100130
100013101
10020301
10011121
2110111
300010210
100041100
122001001
10310002
1021021
2100310
22000300
30020110
111010111
3000112
3010201
13111
101110012
2100013
103101100
11002300
102002101
310000012
103021
401000002
13100200
12021100
22110001
2002120
12102001
201021100
330001000
11014000
110110003
101001100
10011022
1020310
201000031
10213000
302002
300004000
111200101
320001100
100140010
20110111
112201000
13020001
200003020
321001000
110002111
200000410
210110020
110220001
10111120
20010004
200004001
120200200
2030002
202010110
10400200
10012000
3022
401010010
3010030
102011011
100200040
20013001
21013
300111010
101200210
10300111
21000031
111101002
1002220
102022
21030100
103110010
300010000
3310
201004000
11111200
10011040
100001200
401100001
101230
103120000
2401000
22001020
101011003
40210000
30010210
20000212
111301
101020210
1000120
400110001
220010020
40000210
1031101
23011000
101001040
301000003
104002
331
1210201
122001100
121012000
12030001
20000041
300013000
100010032
1200001
2111200
10210300
100032100
300110020
10200013
1201012
2031001
100200301
1300300
120210100
220000111
112000102
30000010
20000023
111110020
10020103
111202000
30003010
110000320
110110300
1300120
300100210
10130011
10201300
20010310
30301
300000001
212110000
41010001
11110
3100
10112101
101101021
1012201
2211001
113011000
202010200
20001310
10203001
101221
40001200
11021020
112300000
32000020
20000200
210011101
20020102
10110013
34000000
11113000
204000010
3101002
10201111
13030
23100001
101000113
110101111
120021001
4021
1020010
100220101
202003000
110020300
14101000
110011300
320110000
201110110
10221100
200100211
10014010
1002202
2001004
400012
20301010
121001110
210000112
301102
124000
100002031
10330000
230110000
31001101
120010210
10100203
11400010
100031200
131000011
130020001
1004110
100000411
101000401
100011100
11011102
20120101
200100103
40200010
131020
140002
20113
30011101
2001013
200101111
2000110
101010301
310200001
103100110
130001110
12020020
3030001
200000230
1000030
202030
300030010
300010003
1111
410011000
101410000
31010011
12013
2100103
14001001
420001
102001000
120004000
20012020
200002
201001300
1000303
210000022
102000121
10022200
20202010
301210
110022010
142000
100121011
100002100
310000102
200000122
10220200
100300210
101002201
400000030
400100002
10420000
10100014
110001001
300101200
300001210
102301
201301
32001010
2003002
120110200
2020
101200
401101000
221101
13210000
102030010
3110020
21110110
200010211
110120200
40010011
10003300
220002001
110001310
10220011
20031001
100012012
1002022
403
102030100
102000211
4000003
10100212
200010031
10010104
10004011
1102210
2020102
220001002
20101300
20110120
120010012
40002001
11020201
120200110
102000013
101140
400021000
110040010
204010000
101041000
1003111
102110002
30011011
201010210
310200100
100012102
2110102
230020000
13200010
212010001
21001111
121001011
1211002
100102012
212000101
210021100
3020101
21000400
1221010
2020120
1310110
102202000
112100002
203001100
101030002
30000310
210110110
110200201
100000213
21100201
1100131
222001
222100000
122001010
2002000
1000033
120000121
10001113
312100
1001311
200201110
3200011
100203001
110100004
11010013
10123
1302010
12022000
111002020
14100001
10100104
111102001
40300000
40030000
110000032
101000002
2100001
120002200
1230010
1000042
113110000
102200200
30001030
12012100
10103110
112100020
103002100
30101101
100100101
102010003
12000103
210011002
100201111
100001122
10000240
30100
110003002
120000220
10011400
3110110
1012210
103111
10211020
101101210
11020
2101210
2100031
111020200
11001310
101000131
120110011
10040101
102210010
303001000
210000100
102000301
2111110
110010112
110203
2013010
201300100
30111100
2004010
100001110
10020400
20110
111310
22120000
200030011
312000001
30011002
1200010
1002013
32010001
3000004
102013
1212100
1001014
100120012
21310000
202110100
34000
100020031
3040
1201030
43000000
30111010
3001102
110002210
310000021
2120020
2020201
101300101
201200101
100000114
100111111
301120000
110101210
10000021
12001300
240001000
30110020
10201012
102201001
1011202
102012001
200302000
100301110
4010020
200200201
10100110
13120
102100102
1020022
102001
34
120301000
211100020
124000000
31101001
111010102
21010
100010011
1204
300012010
321100000
221000110
101003020
110212000
20110102
131100001
201020110
121010011
210103
100000132
33010000
300000400
130003000
101030020
110102020
20101210
101100013
111100021
310021000
111022000
40120000
202001200
211002100
110001100
10121200
110110210
20010220
110010001
21001300
2110030
310120000
200200
100201102
11220100
40020100
100002013
1100032
1111102
210031
211200001
330010000
301003000
100310020
1111021
202000003
3011110
11000032
2000113
10200301
10003012
302010010
410200000
101002000
2101003
301101001
402100000
400010002
200200300
102300001
30002020
102110200
23010100
20011102
204010
112030
110311
1022020
111130000
130010200
210003001
104002000
30110101
102120010
101101300
100000030
1001113
210010201
300002110
400
101200021
112210000
111210010
20212
1012000
10000210
100110013
12100210
320001001
20320000
10030000
120002011
22000210
210110200
1123000
100021120
13102
100111210
13003000
111111100
11041000
200004100
2101300
3010210
100230001
100001302
111010
41000020
40000003
122200
112003
202102
200300011
2002003
100102000
1220002
240001
130000210
101000104
102121
1032010
200200102
22210000
23110000
12200020
20211100
30031000
200001010
110103100
10004020
3120100
11000122
20100211
10110130
100140001
2131
11100400
20030011
30100102
40003
121102
4000
100300003
23000011
20113000
120000310
202000102
10032010
10010110
102010
120130
112102000
210301000
30120010
100400101
222100
10013110
100010302
1000213
300120010
200300020
11020300
211000120
111000004
200103100
100040101
20311000
21001030
10102210
100102120
1000
103012
202021
3220000
110302000
210003010
100410010
1001200
13012000
110022100
1024
100402
1411
201202000
110310100
30010000
110003011
111000010
111101020
200302
2200201
103000000
12110200
1312000
100110022
121000012
400000
311011
41101
100003120
301000120
102400
11012200
10201030
110020021
300011002
401200000
22102000
33000100
4100002
101010100
101004001
412000000
20101201
210200101
21010003
101110003
110011102
20111101
10200103
200400010
1100203
11101
12121
11120200
131101000
120400000
110002000
2111020
100120300
100320001
200120101
10012201
101211001
1230100
120110002
30202000
110301100
20140000
121010110
211001020
210111010
30000001
1230001
220030
10310101
100204000
10012030
3004
200110012
101020102
1200211
100240
102101011
2001121
2203
1100410
1301011
101003002
200100010
20100001
121201
103100011
211000210
130000102
200113
10101112
101010202
2210002
31000000
104000101
100100110
100231
112021000
20000320
11000011
200200210
21201001
3300001
110000110
102100300
220100002
2002030
131001001
22000120
1111210
220020001
101112100
100004101
111004
213001
400210
10210000
400000003
10200022
311100010
100210120
1102000
112120
30001210
1400002
11012101
20100040
103003000
120300100
3031000
201110002
10102000
100201030
10200130
11010301
410000200
100123000
31200010
111201010
12020002
21020011
3000310
120001120
120120100
21210010
300001300
240010
400000210
120301
12100003
121110100
200002300
211210
32011
20320
10020130
10000000
211100200
201020011
13101001
230200
300022000
210010
121012
112020001
240010000
13001002
310102000
40010020
10002211
2010031
10021
120310000
2000212
1004011
30130000
22110100
103010020
20001112
10002013
10001002
100111012
410010100
111101110
120111001
111001012
20012002
302100001
102010102
100002220
10100320
100000402
4020010
110000140
10132000
20020012
2210110
2010202
10031020
202200010
211111000
11301100
212010100
110020000
1111111
110121010
10002112
100102021
11300020
10301110
21000220
12000121
11140
21031
132001000
100310011
40010101
1002001
121200001
201101002
320011000
103120
1301101
1020031
300120001
212100010
130010002
312010000
200110030
241000
310020010
1003201
10110220
210100030
12201100
21020020
114001000
301000000
102101101
120210010
10102102
10101211
2300110
120001003
121001101
2011201
3001201
20202001
110200120
30202
2110
101121001
210100201
212020000
120100003
220011100
220010101
220000102
21110002
111001201
100101211
3001111
20100202
40002010
101021020
11110120
2031100
200030101
100200112
202120
100013110
1113010
11102011
2020012
202120000
20300101
110002021
1320001
1111201
31020100
3101020
2111011
110202010
110100130
40030
100010122
14000110
230011
301000
2310010
131010001
12000211
140001010
1201111
1021012
24000100
101000032
140001100
101001220
101200120
21200200
110031100
100021111
10002100
101100202
300000112
2120011
1000210
202000030
111000211
10040020
101003110
121101001
400111
1002301
210110002
30112
121011100
101110000
201001201
110140
100032010
131000101
211011010
111004000
210004000
201000202
3001210
200122
200001301
22010110
310000111
101102110
10023010
1101211
321000001
211000
13003
21100120
401002000
410001010
131001010
140002000
300101110
20200
211100110
30121000
3004000
201000100
100010002
20032000
101013100
110012011
121300
10140010
20104000
30010
300000031
2400001
201301000
113010100
100031110
21111001
100220011
111100201
11311
410001100
322000000
201010000
101101003
20001220
100001032
1030030
121001200
2104000
30000400
4010011
100012
1311100
200011003
110122000
21010210
100101130
11010310
10111021
220201
101301010
210013000
110000014
201004
100110400
12030100
211020010
14002000
210000013
320000020
200111101
130030
100211002
1130002
300000010
300110101
10002202
103200001
20023000
3010003
130010101
201010201
110000011
20022001
200000131
102110011
1410010
203010010
13000012
140000011
110021011
100020202
101100031
1101202
310100200
32200000
201310000
30030010
302000200
110111110
110210020
200210101
100120102
1000420
201020200
204000100
310000003
100310110
2201101
120022
30021001
111020020
220011010
201112000
200000311
30001021
10300201
10200031
300021010
101010040
4000120
310001101
141100000
20131000
120020101
102003100
121001002
300211
12220
12211
1101310
300101020
1201021
2010013
11022001
211110100
20000302
24100
10002010
201102001
4201
241
10014001
203000020
210111001
110210011
10100140
300100111
10102021
13010110
12000202
303010
10110103
100010101
10011202
10030111
200010040
101100220
302001001
211100101
110110111
10103020
212200
300000301
2102011
120100000
3101200
3110011
101002021
20410000
111100111
11030101
20210011
20101102
210100
100122001
320020000
100021102
2320
11001001
1003102
111003001
111002011
201000022
100000
10004200
1101112
1002100
10200004
21021001
11230
32110000
131110000
210020101
210000103
120110101
100114
10400011
3100210
202011100
211010002
10014100
2010130
214000
4210
1121002
10103101
130102000
101200300
120300010
20030020
320000110
2001220
110301001
100011040
10130200
100100104
1021000
1000021
100141000
200030110
11011030
20220100
2203000
230001010
201000013
21011101
20200201
100024
20031100
200020120
2041
10104001
300012100
2130100
123000010
200002030
1001410
20101000
101111011
133000
103201
12002200
200001040
10200400
31000
20012011
11100112
201010300
112110001
2011111
10210210
113110
1004002
100200022
32000011
31020010
130010020
112001002
3000130
210001021
100212100
20020120
40201
20001022
300102010
211010020
100101112
110113
21100000
121002100
210000400
3101011
31300
300000004
111210100
111002200
4102000
30010021
301002001
10000024
300000121
1001041
411000010
401011000
1031020
31120000
133000000
3010111
11001013
110200102
300031
300011200
130201
102020200
110140000
200014000
30110110
20000110
1310002
40010110
33100000
201000400
20130010
11310001
1312
110041
202001110
120030100
111111010
1022200
30220
3120010
11410000
201111001
10011211
10131010
1040110
12010021
103210000
2041000
2000203
201000103
20001211
100000123
101001004
32002000
12000400
300110011
101011021
3002200
3011101
320200
100131100
20100220
113002000
200311000
200401000
30013000
201000220
42000010
10200310
10401001
2032
114001
1013011
2113000
200210002
10003021
301001101
122101
4001101
100201
220100011
201002020
100000300
20110000
10400020
100011022
2002021
112120000
102013000
121000102
110002120
200100004
110110201
1112020
111211000
210000301
120111010
10130101
201210010
21021010
111000022
10012102
101201002
200300200
101022100
100201003
1122001
201001021
100302100
1213000
200013010
200001022
22300000
130001200
104000020
11210020
1042000
400003
10111
111100102
101032
2301001
10100302
103011010
10004110
12101200
41000110
20001121
300130000
110120101
212110
10010041
41011
1002010
201211000
101301001
3022000
2000302
400010101
210101110
2000230
10111300
2012200
120100102
122110
1011004
211120000
22001011
21011110
1003000
121000021
102000001
11120002
3202
3100120
12101011
1102120
410110000
32010010
220000210
2010103
10220110
2102200
20110300
10130002
411100
33100
30010012
110200300
30200110
111102010
110102101
100101220
31120
10120210
30022000
11040010
1020112
30021100
110101300
302001100
10100401
111012001
300100120
121030000
21101110
200102002
10100200
1113001
1011310
102102001
130100020
30210100
200001400
130110001
100401010
40000012
11101102
130000111
104000002
20400010
100003201
4020001
100411000
101021110
200100400
120004
21100300
12020110
21000013
301101100
110013001
300002002
1120012
100200211
102130000
102200020
220001020
101001013
4001110
2021200
20011210
101012020
10000321
210004
100204
12010012
20131
3020200
31020001
101000230
110012110
110201020
310201000
300111100
1002130
102040000
11040100
200113000
30310
2100130
1001011
1000012
202020010
13001020
111000100
111010120
11001112
2122
23002000
101210200
110021101
10002004
100021000
21211000
120111100
103000111
100030030
13010101
102020101
10300210
142
11022010
111000301
41000002
200220100
230020
211030
40120
100110040
210100000
321010
300020020
40001002
10210012
30200011
11031100
40000102
1201003
30200020
131100010
103100002
220010110
103010101
400012000
30001003
2003011
20000230
112000120
201130
20112001
101000023
102001012
20302
100000201
100300030
201030100
101012200
30010201
200110021
1132
400011001
12013000
121000120
100103200
12100
1110310
100110301
101302
121000
303100000
113000110
42010000
30001300
311000011
20200102
21120010
201112
120002020
3000400
31000012
3111010
302000101
200011201
320110
4120
310001002
120100030
102101200
100201120
111121
21301
102021001
122000101
212010010
12011002
10211110
10021102
21100210
1001401
3102001
111300100
202000201
4021000
20120020
10010410
100012201
11020102
122010100
4120000
30004000
10001221
200211010
10021201
201130000
2003200
110011003
200201011
100002001
2220010
2010301
12300010
203000110
111000202
301102000
100110001
210121000
210000202
2110300
102011200
100031101
11110021
121021000
22010011
200002120
1132000
201030010
210020011
101000041
30102010
110012101
100221001
11201110
1030111
31000102
130110010
12011020
111120010
101220010
1010113
4002010
311200000
112001200
303000010
110020210
11201101
21112000
110110000
120102001
1131001
300010021
211012000
103000120
13011001
201022
1300003
30200101
120010102
200111110
30001201
100220020
210210010
100002211
202030000
20200030
202200001
101031100
220002100
200120002
21103
10112020
101010310
1010002
11011201
120040000
120121000
111011110
111001000
102002002
111002101
21101200
201210001
200011
1013200
1013110
1110112
202201
210211000
111000400
20000410
21000022
100100203
11001103
110001103
11400001
211201
11010040
400100011
100024000
33001000
22020100
210030001
24001000
40101010
10410001
30012001
300010300
300110200
102100120
400002010
211200010
210001003
110210200
10400101
201010
131010100
121101010
3020002
30003001
1121101
100100011
40010200
101021101
22201
12100030
201030001
100310200
10001032
20001004
310
1021300
132001
1300000
200023000
301000111
310210000
20100112
40010002
10110301
121000300
3200020
22000003
200101120
1210012
301000300
40000111
300010
100100014
10031200
21100021
11002
100030102
12301000
120101110
130100110
110041000
1003030
201012100
2000023
1110031
21112
221010100
30003100
1011400
30111001
11102110
10202020
200021011
300000202
4000021
200121100
240100
131110
410000101
210310000
103200100
120001210
104001100
110101120
1100104
102004
31030000
1111300
100100131
2023
10000201
1010110
200301100
12001012
100101040
40200001
202
11101012
12200110
21010300
101111200
100200202
301100200
400002100
130001011
11001130
1011100
311000110
110100100
11130010
121030
101013010
11002003
210211
10210201
100120
221200000
2014000
100222000
11221
20200300
120200020
102020110
200100013
21200002
140000002
100301101
110101201
2100040
12022
31000021
130200100
201210100
12010000
201010003
101003200
102004000
3000301
120101020
200221000
100240000
100111120
1110004
2103010
101020111
211120
12002011
111011011
20200012
1101013
10101100
10020022
11023
102130
2001031
11202001
1211200
131011000
4012000
101010400
14010010
102001120
300121
310101010
11301001
11020012
214
3100111
11030002
11030110
20020111
111120100
100111102
100022101
400001101
131000200
210100300
20200111
210031000
131010010
3020011
2102020
141000001
300100
101400001
100011310
40111
100002301
1220200
23010001
2031010
21120100
100102210
10001023
100121110
22030000
13000003
31000003
204001000
101004100
200000020
100140100
20001301
113011
12220000
121100200
202001011
104100001
30000112
20011201
100002121
1032100
2004001
121110001
300021100
1321
1300021
11000230
111010210
11001220
2000011
1401100
10001101
1100041
100011400
12111010
101001010
400030
40000201
10110211
130021000
210012100
10140100
310111
100102030
10300021
201100
100003021
11100130
201103000
112110010
201110020
322000
10202200
110012020
31012
100000024
31000201
200012101
102310000
100300
401200
301010011
11103001
301000012
3120001
220201000
30000130
201101011
10230010
300103
310100002
100002112
121200100
212000110
100400011
111022
320002
421
1200310
100002004
20300200
12021010
311001100
311000101
100210030
10111102
10200112
104101
101212
113000101
112002100
112001020
10020112
101120101
300011011
110400010
11110030
3001120
202011001
1112110
110111101
110010100
220003
100211011
11100211
1101001
300210001
3100030
3300010
110301010
100320010
10300120
101010220
2301010
10012111
10011301
401100100
400010011
10300003
100020211
301010110
300101101
210310
120000202
120120001
10100221
3121
3100000
111200020
123000001
10041100
112001011
2000020
22000102
11111020
110112100
30100021
1100023
2103001
401002
111301000
20013100
20111200
10000411
210012010
11001121
100110130
100110211
100010410
101001310
130000012
110000104
2310001
2103100
2300200
31010101
120100012
10013020
40110010
1103200
13101010
303000001
20111110
10011220
104200000
12111100
120001300
210102100
100040200
201120001
111220000
120013000
20000113
100001113
100130011
10300012
200101102
4001200
40012
110020111
120002101
20000122
100103011
30020002
110122
210001
110100040
40102000
101004010
30000103
120000022
3111001
100402000
302110
310101100
100004011
12120010
12001201
100002103
210100012
210010012
1110121
1001302
400102
101022001
31002010
21000103
13110001
10200010
300112
20002012
300000130
210030100
412000
10301011
20021020
101100010
202100011
102000202
21012010
102210001
1221001
1210210
220012
111100000
20230000
211300000
2000320
300201010
3210010
110014000
200102200
101110120
310011001
1004101
201200200
102012010
2410
100300120
31100200
2311000
200211100
11301010
30021010
3002002
130000201
200131
311002
1011301
120010
11000200
201110101
11200210
400000201
2012020
200111002
301201
100001401
1112002
10110022
10110040
102211
401010100
1222000
100303
20010031
2101201
1003012
30200200
22100020
11310100
10003111
10202110
111220
340
1012021
210130000
201101110
220300
310100101
1120003
301001200
100002040
30220000
200020012
101012011
20110012
2200210
12002020
110100202
100112101
100000420
201021001
1021201
12301
311000020
20121010
401011
100000102
1110400
100102102
110320000
3040000
13001011
30120001
201100012
1011112
211000030
200201002
300301
311100001
20400001
13000300
2300020
32100010
200020201
10042
101011012
22020010
121002001
210000130
210100120
10030012
101120020
100121020
10312
103002010
100003003
100021021
101001001
21300100
110300002
20004100
100201000
20010010
11110201
110212
1011220
210001000
201002110
10122100
120001201
100230010
10023100
1100212
11110102
3210100
21004000
2000311
101212000
10120003
100001041
130
101100001
401000200
10002022
230010001
210003100
20101003
21011002
200012110
2101111
100221010
121111
200200000
23101000
111101200
210110011
200102020
300220
10100113
4200010
111030010
10000111
1104100
112000
2100112
30010300
221010010
20004010
110001400
13000021
100020400
101101000
100010203
40000
1002040
203100100
22101001
1210000
221200
100101202
102100
101040100
211001011
201102100
1100302
11100301
1020001
120020200
12001102
11000101
10101121
400100101
12101110
100001140
4010002
100103020
300100300
10110100
101101
40110100
11102200
11004001
220020100
101002300
210112000
12000100
4101100
140010010
300002011
20000014
201102010
2012002
140001001
10000330
12102100
2010211
101002120
110202001
100200010
10012120
11100004
1200301
400300000
12001
10100032
13200100
212011000
2310100
311020000
21003100
101104000
111001102
110001022
310002010
1203010
11300011
11100202
2110120
400201
410000020
1220110
220012000
121010002
2003101
200000401
120000001
310001200
101112001
1023001
10210021
110031010
3011200
21001102
101011201
10102111
10101013
400001200
113001100
104020000
11022100
10021012
13120000
102000130
20000131
12101101
100012210
110100211
300201100
22021
321001
220100020
212100001
22111000
122000011
111101101
110002012
1001032
100130200
2230000
121210000
122100010
203100001
100300111
110300011
12011110
11002201
103000300
230110
311101
10003210
21210100
110030011
10311010
110010301
100021201
1020211
400001110
100000204
32101000
102103000
101300002
102111001
20100121
100011013
20002201
2010010
110000230
110120011
300013
11002012
31210000
220110001
4100110
210101011
3220
140100010
2011003
100100002
100213
300100021
112030000
11101300
10032100
311000002
111111001
101000110
10230001
100202110
10030201
10210
100102300
20302000
21301000
111100003
102003010
102001111
120000010
210110101
300200110
1110013
1012102
220200010
2101021
100210012
300100102
22002010
100100212
31111
20021011
1300
100002130
300012001
10013011
112100200
1141000
210101200
121110010
111000001
310300
100111201
2130010
20401000
12012010
20020021
1012120
100011121
3100003
20002111
220000201
310000030
3001021
100120030
110103001
1103020
12021001
210200002
2140000
140000020
201011020
101120110
2001001
101102011
100000000
201013000
120001000
200102011
1400200
100100122
40001011
102040
10012
11311000
31010200
220000021
3011011
100220200
403000
301010200
10000213
21121000
10012210
10020001
11130001
310001020
11102020
300002101
101010013
300010201
32011000
13010200
30002101
100111300
10311001
10011013
1010041
1021111
213100000
114000010
100022110
101021011
321010000
20040100
111000130
240000010
2112010
300210100
200112001
100012021
2400010
31001200
12000022
10013101
200003002
200110111
100302001
1110301
211021
103300000
110230000
30002011
210001102
200110210
100031002
310010011
1033000
130012000
30000301
101210011
100120210
12031
1032001
23000020
20001400
201001102
110001301
10
22102
2202100
20031010
13002001
20011021
1002103
130210000
22001002
400030000
40201000
113100010
30300001
200200003
1031110
12020011
311002000
320002000
10200121
3031
110032000
2021110
110001220
110100001
300000211
101001031
10030030
100300201
110010031
3013
12130
4111
11032
132000100
30100003
200000320
110121100
100200013
124
1211011
113010001
111002110
20010013
400000012
101230000
22101010
210100102
112300
10001311
1021102
2201200
221000101
210010120
302011
100003
21130
10010212
1000003
101120200
123001
400020001
1
221000020
20030101
110211010
100202020
10202002
20001031
10402
111400000
20000221
110201011
10010131
2202001
4300000
30201010
100011211
320100010
21040
2022010
22000201
201400
100030
101010004
123010
112201
111110101
101002210
10203100
100012030
2010112
201220000
131000002
320010100
1000111
200130100
301010020
22210
40100011
30012010
11000212
20130100
10131100
2010310
400100020
1024000
23200000
120201100
4100020
102011020
2111002
100100113
310002100
1031011
101020012
3003100
211001002
110110030
41001100
14110
131002
12112
122110000
102010030
211000102
201001120
100132000
2220001
3300100
212000011
11000110
101310010
200100040
20011030
3110101
2000101
10001200
1101004
100420
102022000
110000101
310200010
310100011
101110021
1200100
230000200
310003000
120011200
12102010
1310020
3103000
200111200
10010302
1231000
100121101
100011220
110004001
101100112
120010030
100210000
100102003
20041
100020112
1131100
301110010
20100103
11400100
300300001
10010401
12012001
100030021
30310000
121300000
203200000
201200002
200103010
131200
100010023
10001230
10110121
400020100
202100200
111011101
101121100
120400
40
201201001
11001301
10231000
1011121
101011
1020040
103000102
31110001
12010210
10102
2100100
2100121
2013001
20200000
210020110
100011130
20010301
10001011
300100201
22
230100010
312100000
200300101
11101000
10200040
100311001
300121000
11002000
1200022
1000201
220120
112200100
130101100
30020011
21110200
11000140
11110111
100122100
20002120
101302000
2201110
202101010
30012100
311000200
101110300
21102100
300200020
201000121
1110022
202012
102000010
202000021
1310200
100002310
301021
102210100
21010111
103001011
220001011
104000200
100210111
301100110
100041001
3012001
120110020
110011210
100001002
300111001
400100110
2001211
221000200
12121000
120003001
110004100
103000012
110000131
101101111
110103010
10111210
301110001
200203
200230000
103010110
10000003
210120100
110111011
10240000
200102101
103021000
12010003
113001001
110111200
101013001
1000240
20300020
110001130
101122000
100112200
200010310
11011021
213010
20300002
122010001
30001111
10100002
101020
1111012
101202100
30100000
201110011
301110100
40020010
101130010
410020000
201100003
220020010
22011010
312000100
330000100
11112100
103102
11011012
101301100
101020030
110013100
211110010
111100
10100011
1140001
1320010
1311001
1002031
103300
122000200
13000030
111200011
100003000
30000031
202101001
21101011
300200002
4300
40011001
1201
12004
110210110
102301000
31001110
101030200
2003110
112000210
201101020
2101000
303100
10302100
21210001
101101102
101200102
100312
100110220
13030000
123010000
131002000
21100111
200001103
110130100
20201200
430
2201002
20010400
10111030
102011101
311101000
21010201
100022020
40020001
210010300
30101200
100101310
100210201
100000240
11101210
22000021
11210200
1220020
1200400
1012012
32010100
2010100
200022010
100040020
30001
20121001
202100101
13021000
3000022
312000010
111000040
301001110
1420000
1130110
1014010
10000012
310021
10330
102300010
11200003
14010100
12110101
100022200
200023
100022011
111000310
42000001
100001101
202210000
11000203
200014
110320
210220
220000030
210040000
24000010
300001003
1202200
123001000
103011100
211000201
101001202
1000402
410002000
101203000
11023000
10211002
32020
10033
2020021
10300030
202000111
21000301
21110020
310000
330010
101210101
12202000
11300200
11101030
30101020
40100101
20401
100120120
110201002
222000001
2131000
120003100
200000302
12000013
112011001
4101010
320010010
10120
1202020
11104
211030000
120211000
11300101
20102020
300022
23002
3301
1030102
201111100
141001
100202101
1102003
400101001
1140010
12031000
202021000
201002002
200021200
100321000
11310010
10100122
31010110
201002101
30010120
210000004
10011112
4001011
1021120
30100030
3002110
200011102
4011010
1410100
10001020
300000310
400100200
111100300
130111000
20020003
11000320
401000110
210400000
200140000
110011201
302000020
120010201
10040200
1010410
1011040
100120201
100042
1020121
20203000
13110100
11300110
220010200
11020111
101000122
11202100
1330000
130110100
20001010
301012
400001011
12001111
10000120
120040
22011001
302101000
20110201
131101
101103010
300201001
11300002
202001002
210102010
101031001
11401000
210100111
3010000
121020010
100102111
20003020
2001100
203101
10400110
200221
310010200
10221001
210200110
2013100
10201003
100201021
10013200
200010220
2012011
110200111
102110101
10301101
110100103
220021
1120102
2023000
21012100
210000001
100111000
100010131
301002010
41001001
11001022
112000300
202101100
2020111
12003010
4111000
110201200
30031
41110000
100210300
20120002
1123
101320000
122101000
110003110
200000002
110010004
220210000
201200011
210001300
111210001
131020000
110011030
302000002
320100100
200400100
410100010
12200011
220002010
200101030
100120003
110001004
212101
110200000
10121110
100201300
110100112
300002020
3010021
21001003
101010103
43000
100030210
110020120
300102100
132000001
11212000
120101011
10021000
1121110
110030101
20000401
20013010
10020013
120011020
12000001
101000014
320001010
110012200
300200101
22000000
111010300
3110002
340000
1002121
22012
30103000
2030110
201000130
20203
1211020
100011001
101202010
100001104
13100002
4100200
110101000
102010201
100010020
20011
100112002
410000011
130010011
11003020
12000310
223000
200120011
2040010
2200003
100203100
31100020
210001210
310010101
201100102
11401
100110031
1022101
12000040
21101002
11000113
14001010
10001131
1112011
10000402
1212001
3030100
10030003
21020110
100310101
20103001
1001020
100010014
12200002
202012000
111010030
101113000
120011101
101111110
10100230
2200102
11002102
10201210
120000130
10002400
100004020
300010102
1120201
1011001
230010010
201110200
141000010
301111000
3201001
12103000
210200200
211002010
31001002
200022100
120102010
310110010
101011111
20102200
111112
3202000
101111020
2002210
200001121
110022001
110401
1231
210010000
102121000
100042000
122002000
231001000
12030010
210001030
21001201
100302010
22003
213001000
101000320
20220001
10410100
200101210
1030
100000021
312001
11200000
12010030
110004010
100311010
20102101
100020004
300011020
30020200
102101020
301210000
201202
2020000
11020003
311001001
20212000
231000100
12000220
11121100
20211010
10003201
301001011
111101011
10011100
100000111
30301000
200311
100023010
12210100
110030200
111030100
112020100
110210002
411001
100021030
400000021
222001000
1111030
12101020
140000110
10100311
32000110
111110200
20121100
301020010
302100100
112102
211100011
11002030
111000220
110001211
20120200
300011101
222010000
13011010
11000401
11011
402001
1210021
31003000
14000101
10310200
303001
32002
10132
1200121
1112200
21021100
2000131
11021200
200120200
100103101
200021101
100020010
11320
110002
1301110
21101020
11000104
110112010
101000212
11120110
402000100
13201000
111021010
12003001
31003
100010113
21201010
201020020
11004010
13001101
110031001
100021210
200040010
110002102
300003001
203000002
120011110
130002100
210002110
10200202
30100012
2200000
212000020
112000111
10104010
1040200
24001
202100110
42001000
101100022
2200111
30030001
110000311
111001120
1033
300100012
1010200
211020001
100001410
40011100
200011000
20200120
111130
100022002
101010031
30211000
201011101
200012011
10020100
30400000
31100110
331000
302101
10110400
101102020
11100103
101020300
10114000
300010012
201100111
10140001
103
103200010
101200111
30110200
30011020
110101102
201100210
120000004
11012020
101401
300020200
120200101
31021000
30030100
20002000
20010103
100130101
101113
300101011
101101201
20200003
122000110
110020003
10212100
300004
11103100
2002
4001002
121011001
2110000
101100301
1201201
1022002
103001002
104000110
100130110
110202100
100001023
22003000
211003000
201300001
102101110
202000120
21111010
30211
1010014
130120000
101000410
14000002
200210011
201100021
130020100
220000120
200320
11130100
3001003
30000121
120001012
313000
130300
200021020
310012000
1020004
1002004
114000001
301100002
4030
100420000
102100000
11230000
21130000
20300110
3001300
20003110
201001012
11013010
11100022
10011001
101122
2021020
120220
411010
212101000
21100030
1030300
2020300
20003011
101101030
2102110
20122
120103
11001004
11011300
1001140
101021200
100033
10120102
120020002
200003011
11221000
100012003
41002
111201100
201040
200101021
200010004
111010000
21002101
200000023
40101100
312010
10110001
123000100
100033000
40000120
420010
410100001
400010200
110104000
10002220
41010010
10000312
10012012
102100201
220111000
3030010
2000410
20210110
301003
11012002
130000000
102010210
11010211
20000032
11010130
1041010
301
1100011
120100
112000201
113200
110020
100001320
220300000
100114000
10000303
14001100
320011
320101
100030201
12100201
400200100
103000030
201200020
102030001
21002020
3000211
302001010
1010311
112001110
32000101
110030110
203001001
102000100
13201
101211100
200030020
10201021
1101103
2200012
1110040
20310100
112100101
140000200
200010400
1210030
11210011
20020210
102100021
101300020
13100101
202010011
30110011
1200112
121111000
30101110
110021110
10321000
322
2120110
1200004
2121100
10111000
100120000
100230100
300202000
300400000
10010002
120112
11200021
11010103
4003
21010012
300001102
212001010
11211010
10411
310011010
113101
20230
22000111
30100111
10001410
20000311
200000221
20301001
311020
100020310
10011310
10001401
10120021
3002020
201010120
10022002
14101
1000204
120001111
1122100
200104
10012003
42010
11202010
201003100
212001001
101000020
1101031
300021001
1400110
222000010
31011100
21010030
101002030
20201101
10401100
11210002
10003
100000312
301000021
12202
230101000
22200001
211002001
41000011
101111101
11201011
2110021
311011000
11013100
110010400
200001211
100040110
10001203
1003
1300210
220030000
24010000
200003200
200120110
40102
1101130
1200130
2030020
311010100
420000001
131000020
21300001
30011200
10020211
3112
1101040
111021001
102000400
210101101
110021002
21211
2230
110110012
101020120
142000000
12002002
101011102
41010100
100301011
410101
10000231
101200030
100000330
200001202
110410
410110
101201110
111013000
200000200
13000201
112000012
320020
10220002
100101121
120300001
13011100
11011000
1120000
10122001
21022
130030000
102200101
100023001
110131
11001202
102200110
210002011
31000210
201101200
330001
204100
1200031
111200200
220100200
31110100
101020003
101210002
10010221
101001301
102010300
200011030
112100011
11030011
100401001
301000210
101320
411001000
23000200
103100020
41200000
302000110
10301002
201003010
100111003
1120030
20001001
103000201
311110000
301100101
100212010
300001000
1002400
130001101
203110000
110221000
220000
10022101
100002022
100000231
11014
120100111
100030300
200220010
100200310
23011
11203
21100012
202300000
102002020
200004010
112101001
200210020
101100040
101100004
212000200
102102010
1004020
102201010
203000011
11000041
310020100
101102200
10110310
1100110
121000003
20030200
21110011
210120001
11200
210002002
200111020
32101
1100014
111030001
4110100
100020130
101120011
10002001
101101120
1104010
102002200
14100100
220101001
11010100
300400
100013020
20012101
1100002
130100011
203110
110201101
10002301
101201200
300112000
2110012
20010001
20041000
210002200
10011103
20000011
100231000
100104100
101040010
21102001
1201210
3211000
110120020
430000
21200110
3011020
102101002
12110011
200031001
11201002
4002100
14200
101200003
200002111
200122000
100301002
10402000
110400100
200012002
11001031
32020000
11200300
20014000
22110010
200001004
11010121
120013
11020030
220001101
110011
2201020
1001203
141010
31000030
231000010
101311000
220010002
100003111
321000010
10312000
111300001
200020030
310030000
22001200
10130110
320100001
120031
22100101
112001101
101110030
31102
1200040
111003100
40000300
200000140
101110102
101010010
300001201
2030011
202000012
300020101
132100
1030012
1102021
200140
130100002
130011100
23000110
200003101
10001140
211300
210130
20221
100
1401001
22120
120031000
41020000
12112000
210001120
201010102
20021200
100010320
2221
402010000
230000011
200020000
140110000
100130020
100210003
101040001
10321
112012000
41001010
200001100
20011012
100011202
1020130
1031002
3130000
121100002
30001102
200021002
1240
2040001
10110010
200110120
320200000
12000010
21000121
4201000
201011011
101000101
20101120
100201201
2120101
110200003
30040000
200002000
200000041
100010401
140010001
100122010
2010001
2200300
303000100
200000032
110130010
20021101
310101001
2030200
10101220
10010200
100131001
110023
21001
202000300
210021010
12011011
1100221
1001320
112000030
122000020
101032000
110020030
102000004
100201012
200101012
30000013
100101031
120211
210013
330100000
23000101
21010102
21000004
20210101
310100110
40011010
110201110
20111020
2221000
10101103
10212010
1012003
130011010
2001310
210001201
11010202
1300201
2112001
130300000
103102000
113101000
210103000
200100121
100120021
102400000
211101010
100030003
103000210
100110010
3210001
201000310
103030000
121120000
130000003
23001010
20030002
121011010
121001020
201011200
11000410
111400
2012101
1120021
132010
2320000
41000200
101000311
10120111
100110103
11210101
41020
12040
10201
202102000
31200100
22200010
410002
210010021
100101004
102000310
11000023
2122000
100141
23101
10121011
1201300
100113010
13111000
210002101
10000141
210010210
100101103
100222
20010121
1012111
212002000
221011000
2001400
20011111
100200103
401110
1100113
1210102
220000000
1030000
3000103
110000113
20000104
110021020
100010221
4002001
400000120
10101004
140101000
200104000
11101111
111010201
130003
231010
100010104
1211101
33000001
14011000
10000042
2100022
1042
100330000
3101110
202010002
102011110
302002000
21000112
200201020
2011012
201040000
12001210
201013
20040001
140101
101012101
101021002
100102
2210200
21100003
140200000
11000302
10021300
1100230
1302001
101200000
122100100
130010110
101000011
1400101
10102120
1301200
120030010
200010130
12000004
100220110
100410100
110010202
110020012
102021010
301011100
100310002
1320100
2120200
1001131
130210
410010010
221100001
30000022
212100100
12001003
111001003
302011000
110102011
40001020
13100020
1000300
30100201
200100301
310201
201121
31030
1013020
30001000
30013
100014001
11021011
122010010
201011110
40021000
10010320
1010032
410000002
120021100
300100030
2021011
110300020
2121001
22201000
102100030
12010111
20000002
100301200
410100100
400000111
122100001
2001130
101110111
30210010
304
1001023
3200110
2000032
2110201
1001101
2300101
202020001
31000120
20101030
20001130
10100020
11010022
22020001
20111002
120001021
110310010
2010400
102001102
200220001
111010012
1100020
103001200
4100011
100020100
1030201
11101120
21300010
101030011
200000011
100400200
1210111
4012
1222
401010001
210220000
102100111
10003000
101001400
100300012
310010002
300001012
121201000
112200010
102111100
102011002
10141
300102001
1411000
11140000
111011002
201000112
4000201
402010
10300
11013001
112
121100110
100003030
10100131
20020
1012030
12210010
10231
10300300
102201100
21010120
300002200
111100012
2120002
120200002
111103
211102
10042000
2001301
110011012
110300200
3000040
10120000
20210002
10113100
100330
110020201
130102
203020000
3002101
21000202
10031002
100013002
301010101
10001122
210200020
20300011
111003010
301020001
200001031
11010220
100021
100030111
301001020
11110210
1110103
2001022
302020000
10112200
20410
400003000
130001020
101000200
200112100
421000
100002202
410001001
230000110
10040002
101311
11010031
101131
1202101
1201120
11030200
30000211
210120010
301002100
11100310
20020000
11004100
111011020
310001110
1122010
120010300
110000302
20022100
100011112
1111120
112021
4210000
12110020
3000121
200200021
10121020
11100220
10110112
3001000
100100200
211003
1003021
41100100
3000001
104011
12310
100004002
203011000
201022000
110000203
210011020
200210110
100400002
200010010
1210120
400002001
21400000
100003210
2010040
2102101
22010020
201002200
22002001
110000002
100213000
22300
110010121
200301010
4010200
240000001
200401
200200012
104020
11212
2100400
230100100
103012000
3101101
300211000
100104001
14011
2200120
101002102
220001110
41101000
114000100
200002102
10101022
1121020
1203100
211000000
100012000
100012111
2110210
101111002
1011103
200212000
20100100
100100020
11020210
101020201
210010111
11101003
30001012
2000014
200101201
20002102
100011031
400210000
220100110
3000100
10210111
100200130
310102
11010004
1021
1003003
3002011
10210102
1020202
4000012
21022000
111000013
101400100
1221100
10020010
400000102
1102
11302000
23000002
110300101
201002011
110010130
1321000
300020002
212011
102031000
30001120
300300100
100101001
100321
213000100
20112100
10010122
100111021
1101301
22101100
11011120
31011001
20011000
20010211
201211
20010022
103010200
130002001
320000200
20110030
420100000
20201020
200230
10201201
101010121
20003101
2111101
20102002
120100021
110010220
10122010
211000300
100000003
310111000
11113
4001020
121
211000003
21000100
200101300
110011111
300020011
11121010
100012120
112012
1101100
100123
11021002
3310000
202010020
3000220
131011
11010010
11041
11220001
122002
2010022
111031000
200110003
311001010
11122000
100103002
100002010
1030120
14020000
201001000
114100
140200
100041010
104200
110104
11021101
211001110
200041000
2000002
30100210
100200031
110010013
1010023
3021001
411000001
100100410
1303000
204100000
10311100
230001100
130101010
111112000
11111002
2121010
13200001
31111000
110120110
300130
140011
201010021
102202
120130000
201201100
202002100
202002010
2001103
4011100
10201000
300000103
30300100
111121000
100312000
10203010
200200120
101103001
220
110002300
31001011
110000041
20001103
31210
1040020
11203000
2000140
4000111
10023001
200011021
20012200
1310101
42100
12210001
111001
1201102
12310000
101300200
113100001
13002010
120000211
210102001
210021001
3020020
23010010
310000300
200101000
101410
10032001
1131010
111100030
200003110
101010130
1121011
2201011
200020003
120201001
20022010
10310011
131100100
201400000
21111100
210020200
211010011
21000130
200310001
110210101
100004200
1302100
2022001
100210021
3010300
10100410
20311
20140
10101202
111040
121000030
12020101
10221010
1200220
410101000
220200100
200310100
200000110
110220010
203020
21400
110001031
12103
22200100
22100002
103100101
1114000
201001210
201000010
100103110
2100211
11200120
410010001
13000
23020000
2302000
31000111
12040000
101011030
14010001
311100100
10004101
101022010
401000020
130100101
102020020
104100100
104110
200020021
300000013
4000102
300000100
211201000
113000002
22010002
10320100
300310000
100101100
4102
1100401
300000022
1101010
1002112
10102201
100300300
321000100
10010011
10001104
1110211
300001120
1011013
103010002
11003011
11111110
21102010
10220101
21004
121020001
330000001
21001021
10130020
12201001
200010001
113020000
122011000
4030000
120110110
310030
210400
40300
100040011
1010131
110311000
202002001
104100010
1202011
10020031
100303000
21200020
20021110
200002003
111001021
420100
200010202
1303
2002012
20000203
200032
101103100
300120100
101130001
220120000
2300011
10033000
21002002
201003001
130000120
100010200
421000000
11102002
111103000
213000010
202001020
102112000
141000100
10000030
100211110
100110004
121100101
140011000
30103
210121
1001002
212000002
21020002
40000030
200011120
1000114
100100041
1120120
140010100
113200000
3400000
101300011
211010200
12003100
102000031
21000001
100301020
110101012
1401010
33010
200030200
20010130
14000011
100201210
11210110
200013001
111001210
101100103
23100100
220000300
200020300
31011010
301100020
300001
2100004
21040000
21101101
12010201
10200100
211111
200010112
20014
3111100
11002111
200100310
110010010
10222
1101220
22012000
10200001
30022
10110031
102300100
210001111
120001102
200001112
21110101
10020004
1420
122020000
21001210
30101011
201220
10020310
201010012
1402000
32000200
102010000
220000012
201120100
20010100
200000101
200202010
2140
102120001
231001
203002000
120101002
101001112
11001100
20001100
20130001
100202011
1000312
241000000
210101020
30101002
11011111
400300
11410
101014
30300010
102100003
210010030
10000
3010
112100110
110131000
100120111
1012300
402000001
114010000
312001000
100100302
1103002
120020020
21020101
110003020
111000031
10022020
1101121
400110010
21220000
202200100
3001030
2000041
200011111
300010030
22000030
200112010
10301020
110100310
210100021
400011010
11302
201031000
20020030
101014000
200301001
210100210
20040010
200121001
110221
20003002
100100140
203010001
104010100
110000020
2011000
20100010
22011100
3000202
2011300
101110
1113100
11100013
102100012
20111011
1000000
132010000
221000002
42100000
130001002
11010400
20000140
200130010
1400011
100020022
200002012
1010203
220210
313000000
100311100
12101002
10020121
30000004
100300000
200300110
111012100
101002111
100000033
120000031
100111030
200000104
10101400
300030100
100003012
10041001
32100001
21013000
101023000
3003001
201012010
110200210
100110100
3100021
121021
201020002
102021100
4110001
3102100
10010023
11040001
101220001
11103010
210300100
2112100
100131010
300001021
31100011
110000410
101100310
113010010
202001101
304000
30100120
100010140
320010001
100000120
101002
411010000
103201000
202100002
200032000
11001040
30040
1031200
111200110
121010020
2003020
100210210
10121002
1011010
1004200
100300021
21201100
111020110
120020011
12002110
12002101
211000012
110000221
100020301
10002040
120000040
11002210
301300
10302001
101400010
100011301
400101010
2211100
21200011
3010120
12001021
110100010
10101001
104001001
23100010
201010030
121002010
202000
11101021
11200102
12200200
110113000
102010120
110011120
101100100
102010021
401000101
120103000
20101111
1000102
400011100
10131001
230000101
31012000
112010020
200010103
10200220
120012001
100020220
101001022
101002012
301300000
340000000
1041100
40001110
1110010
1014100
111000103
120000400
202110001
301012000
110121001
211000111
112011010
100000141
110000212
10301200
301030
101100130
101001121
40001101
310001011
4
232000000
203000101
13010020
112010002
200202001
1003120
