201003
400001010
21200001
20121000
10002030
11003010
4000110
100023000
2000220
41000100
100001400
21120
303000
100300020
11012100
200002110
100100220
100121001
20300100
22010001
110000301
100101111
20010201
10300002
1030020
10140000
2102010
100221
200100030
10210200
1130100
20121
10110021
11220000
100410000
12101100
2020020
101000112
200101200
10110030
1102200
102100200
200300001
200003010
111000102
310000200
10002021
2040
100300101
120012000
10100010
140001
10001031
100311
1122
1100031
10110012
1230
1100310
1230000
11301000
1020000
200101011
20100012
1000104
100131
30300000
21000003
210000003
10002000
10000230
30120
202020000
120000300
112010010
200000130
100001130
231
11004
130100010
11020200
120001011
111000210
10010022
120110100
100011
2210010
121200000
210001011
1101102
110000220
301020
101103
10002201
201012
10100004
2021100
320000010
110120100
101101011
10201002
110001210
200102100
23010
210012
100230000
112011000
21100110
11010300
11003001
201000003
1210011
100020201
400000011
10221
113010
12030000
10301100
210000120
20110110
200102001
122001000
121000101
11121000
10101003
10200021
131100
2130
120200001
320100000
2020002
40110000
1001121
12001002
222000
202002
1200000
130110000
230000100
22010100
102003
100121010
121002
112110000
30021000
110013000
1020003
14000010
21300000
311100000
200020002
120200100
10200003
11010000
30002010
420
10301010
120021000
101001030
10001130
10120020
10001001
110121
400000002
20001030
11002110
1000311
100102200
200100210
201110001
20000004
101101101
204000000
20010003
110021100
10000203
11000031
120111
1210110
11120001
1100112
400002
213
300011001
110020200
2000202
201000012
10121100
310002
20100030
210201
10101201
100022001
10020102
1220001
123000000
2100003
2121000
201001200
100120110
400010001
101200200
1030110
11031
100010202
1011012
102300000
200103000
202100100
2030010
220011
10030011
11101002
100101
212000001
12020100
10111002
100004001
110310
110010
210000000
102020001
200112000
200000211
100112100
1102011
1101021
20101200
101010120
20011002
10101102
2004
300110010
400001001
2100030
10311000
20120100
100001121
100001031
300001002
40200000
110010000
10003200
100100130
100100121
101013000
201010020
201020010
220100100
301020000
1014000
2011020
410001
401000001
11000121
320001
103200
101012001
120012
100000311
20010120
310000110
110130000
120300000
12100200
31011000
130001010
410100000
11101200
130001100
100201110
21000111
101100111
30000201
20201100
110000310
200000031
320010
3201
211000002
10310100
40100010
100220100
102120
1012011
13100010
130010100
2101011
101121
300020100
10011210
200040
10104
31200000
203000100
102000012
310000020
101110110
300010110
10220001
10200
112101000
210200100
3001020
101000202
101110011
102000021
210030
3102000
120000003
20010300
101020110
140001000
3101100
300003000
121200
100011021
310001001
11030010
3010011
41000010
110110110
100010022
420000
10302
110010012
21111
1201002
200300010
220001010
11100111
110001003
110000211
11011200
300001011
130000101
210012000
101030010
101001300
10014000
100010010
11300010
13001100
120010011
100002030
10013001
140000001
201101001
310000011
111210000
3110100
210101100
111011010
20003100
111
100201002
100110021
1020102
2200101
200100201
200400
110103
110001
101011110
20000400
100230
212001
400002000
200110011
200120010
100140
132000000
12201000
200301000
110201010
13000101
100110102
1002102
1112100
21210000
10410000
110030100
102001011
20000130
2030001
210010101
200010120
400000020
300000210
1201101
3201000
20022000
3001101
101000130
20004
100200030
130000011
110112000
203010000
20003010
200120100
300002010
101400000
3002100
301000200
100100031
10010202
111000201
2120100
110001021
311100
120020001
320010000
20001003
10104000
10400010
10101021
110111100
100102011
1001202
10100013
10401
20103000
111000111
11002002
20112000
3011001
4000101
100210101
210102
20100000
102201000
101010030
300030000
111001101
10010121
1130001
10001022
11211
203010
101040
30120000
23000010
200020110
4000200
21101001
100101201
100122
1300002
100021200
10202001
122100000
100130100
110100120
1301100
3100011
100031010
100000104
1400010
1130010
4101
110220000
112001100
101030100
3011010
1000011
110112
2000010
1101003
200100021
111201
3210
101031000
10031100
10020111
10000032
10102002
122000001
31110
230100
300210
101100
10011021
2103000
210100011
211010010
22020
100013001
321000000
11003100
312000
100310010
10102020
10200000
120200010
200002020
21011001
1200102
203000001
20020200
40100100
30000021
301200
400200
100100022
102101010
30000
3000012
200000121
20102010
11111100
110003100
12000102
1012101
1100103
3110010
1001010
100210110
32000010
12100110
120100011
1003101
110000010
30101001
101102100
231000
120201000
20200020
30000030
31000110
120010002
110100210
100002
14001
1021002
211101000
101001003
21001011
20001012
20120010
1320000
11020101
20011011
121020
103200000
10203000
3100101
300101100
210021
103010100
211010100
11020020
200000301
1210020
200021010
100002111
4010100
10110111
311010
103020
1040001
200020011
12001200
12001011
11000310
101000301
2310000
3111
40000020
1001130
100011111
1000401
11110020
20111010
110100111
111020010
140010000
200021100
201000201
120000
10032000
110003010
311000100
4000002
2220
102102
13002000
122000100
21100011
30003
11030001
101100201
122000010
10300110
21010110
102001002
100110
110001102
10221000
30201
1010022
113010000
221010000
200202000
3200010
100001220
200010030
4101000
1002120
100300011
100221000
10002
10002102
100020102
10010112
101102001
110010300
110020020
110011110
3110001
10212000
100301100
100111002
103110
20103
101100210
120003000
21010200
1002003
110002101
1000014
1011000
10301001
2000001
110000112
10200201
10200030
30100002
200010111
4011000
10001400
2100
200130000
3020001
300200001
1100040
400010100
20210001
400101000
201100011
21021000
3000120
100111200
100130010
13200
100012011
11100102
100300002
20013000
201010110
100014000
100112010
111100110
10020003
31001001
21000201
121110
130100100
114000
1004100
40001010
100212000
110000013
10103001
1013001
201100002
21101010
10030200
101021100
100030011
11200002
20200011
1001301
110202000
10201110
101010102
40010001
2013
100100202
121000002
101201100
300
21000102
203100
1203000
110011002
110001201
24000
11010012
11110011
102101100
210010011
4010010
200001102
310000101
10001004
300000120
30111000
20020101
111110010
40000101
1400100
110110002
10002210
10220010
10103100
11000202
320000001
301110000
230100000
30003000
32000100
111200010
212000010
10110120
1100400
20000022
300001110
13002
111200100
20300010
12100101
201002010
20002110
13110
1002
10201101
3000
120001200
2110101
110102100
100103010
3100200
300101010
4002
3000111
20002002
21002001
101001120
40100001
300110001
230010000
200031000
110020101
102000102
100040001
1011120
101102010
100001022
300003
302100000
11201100
100301010
100011030
2200011
110101020
1011102
40000011
22000002
200003100
101001102
101111001
2001201
401001000
202100010
2300001
103000011
201012000
1003011
10110003
32010000
12200010
312000000
10020000
2101200
1020
101031
22002000
210111000
220011000
12010011
100400100
100101300
200110020
40010100
30000000
12120000
113000010
202100001
21001020
100102020
1031001
110000103
120000021
301001010
110031
1110012
40101000
2002110
11001210
121100010
210000111
101020200
120020100
201001020
12110010
200001120
31011
22101000
200300100
200000400
1110111
401000010
110010030
10000131
4010001
100012101
400100010
10121010
122001
100320000
113001000
30020100
120000102
2110200
111001110
101003010
101011002
2100210
1003110
1110030
2000112
2000004
400101
100010001
21111000
121010010
110011101
11001012
10100001
310101000
212010
300012000
2201010
211001010
200002002
101000121
11000004
212100
21100002
2001210
2010102
2010201
100103100
20040
102100002
101200101
10002003
10111200
100000110
1200201
102111000
30002100
10010211
210003
210120
1030011
10010400
103002
13020000
31002000
41100000
12000111
101200011
100020012
2211000
111011100
11101011
301100100
10100211
200001
30010110
20101020
21110001
100110111
10000221
221100
201030000
100203000
3300
11111001
10101111
1201110
11103
12210
10012101
2100201
103100010
111100020
102021000
110011020
20101011
100000212
20201001
11130000
11400000
101020101
210001200
200111010
200201001
1100220
112100100
301200000
3001200
302100
10010010
20301000
1113000
101110020
301000002
202011
120111000
111021000
102110001
100100310
20004000
300011100
1000221
300000021
111000120
111300
200130
1320
110202
2102100
10001220
200120001
103001010
120000111
2000103
4100010
20001120
300111000
100100112
2100021
3010020
102002010
111002001
20011200
2000121
202101
1210002
20400
22100001
101211000
101210100
1003020
20000013
140010
1100001
2012001
33000000
211100100
100001103
100010103
102021
21100020
13010001
100040100
210002001
111111
201030
300300
112000002
2101110
201000111
21001101
111000
31101
40020000
2000400
11000400
1011003
1110000
1010040
121020000
13101000
220101000
200000001
100001001
110102001
11112
11300001
200211000
10021110
2001102
1001220
32000001
1000131
100020210
1100121
21000000
21001002
100110300
100203
1212
1101201
1031010
110004000
110120001
110100
100110210
131001000
101010300
100010400
12000
1041
103010001
101002200
10211001
3011100
2200110
30001110
10300101
210010200
210110100
120000201
200000022
10100100
101004
10200102
200211
10010031
30102000
200100111
201100101
200010003
220110
200200200
10010103
101000004
1000122
2000040
10020
31100100
110002002
100013010
100010301
2010012
21020001
110030001
101021010
100000230
1202100
201201
31001010
3021000
30020001
310001100
1111110
110200002
211011000
11004000
1110201
100001310
10400001
210000030
30200001
31001100
21020010
10003020
100100040
102003000
110300010
30001002
10101300
10000041
110200020
10000101
402000000
2110002
100000014
101000103
10020030
10000311
100010130
302000001
100001013
10000104
1002111
21000120
11000022
110111010
210110001
10100400
201102
1120020
20400000
200210100
330
11011011
10100103
10131
102210000
200200011
110010102
20100120
11010
10220100
10022010
20200110
200020020
12002001
12111
30000300
4001100
100010112
100130001
31200
42000000
11200101
10001040
20000040
101000040
102002001
120000210
210110010
101301000
210102000
131000100
103000020
300111
13020
400011000
101003100
112001001
100110000
12102000
111003000
21200010
102200010
104010000
100010220
100002102
1001022
200000013
101120100
100012110
130002
201021
11100201
11021010
101004000
200001210
10310010
1220100
11100
10102101
111120
202101000
200101110
200200110
200010000
100003110
11012001
1014
3000003
110002110
12000012
10112100
11210010
1010211
1301001
100200000
211020000
102000210
1011030
100011000
40000200
200100000
201210000
210200010
30000111
10004100
3001011
100001211
1211010
10410
31101000
200103
1022010
2200002
201101100
30001101
101011101
130101
31100010
21001200
1111200
14010
2301
101130000
220000110
20001210
100202100
300012
1101012
100013100
10003110
102011001
200012010
100001100
10122000
40002
2300100
102110100
20100111
202010001
200012100
1001013
300201000
300201
120000000
220200000
121000020
110010111
13001001
11200200
110001030
310010100
20301
1021011
12200100
110121000
20202
10121001
1220010
31020000
201200100
111101010
200010300
110100021
1110021
1202010
10300200
30200100
1002300
10100220
132
112000200
11200110
101002110
210011001
101220
10031001
22100100
100300110
1021110
1112010
10100040
200201010
111001200
10001112
11210001
131001
10311
101100300
103001100
112010100
30000210
10210110
110040000
20002020
100011003
100000101
102201
112002000
102000300
13000020
101001021
112011
210003000
301000020
10012200
1023
111021
121000011
2110110
301101
100021101
1011
200121
101220000
102200100
3101010
104001000
103101
1210101
102012
102100110
211000011
110020110
201000102
10011111
400000101
110103000
221000100
131000010
210100002
101120001
11100012
1302000
102010200
3010110
20010012
10002012
131010000
121100100
11130
10020201
4001001
100100211
120210000
30100020
112000011
1020300
2002101
1300200
22011000
121001100
20000010
112002
220020
4200000
411000
21012000
301000011
10001121
1200021
201200010
130011000
14100
210001101
10201200
100113000
10003011
100000302
110010210
210111
200100120
112200
12201
21201000
2201100
20011020
10000014
10001010
300100011
12003
110021001
201003000
11100300
102000120
2011002
22200
10001202
201000120
3
11010102
202000101
3020100
1003002
10004010
20002101
200022
1121001
130200000
22001010
101022000
1104000
101021001
13200000
21101100
30
1110003
110101101
300120
22000110
102010011
3002010
100002003
1000320
2202
120101010
11000301
10040001
1001001
1121010
21030000
102010002
11400
1212000
110012001
40001001
211110000
121101000
20102100
230001
300100200
11000100
101000022
11001102
3100020
220100010
20211000
12011100
20200101
221010
420000000
101100102
400001100
110301000
20010030
100020003
20100210
100020
110200101
20020020
11202
300001020
3003000
200100300
300300000
100014
30021
112020
1200012
130010010
401100
110211
100010013
100002012
11031000
4110
101000013
300100101
300000030
10011120
200112
21120000
1200030
210100110
30111
200020101
400000110
40011000
1001211
41010
100010121
401000100
121101
23100000
2210100
211000110
4002000
10011201
141000
200002011
2400
102020100
11001111
300010101
101001000
21003
401100000
1301010
100001040
1000041
11102010
1010310
120000030
33000
100202001
10041
11100120
10013100
21021
2211
300110100
12300
410001000
2001030
30002001
201001011
21201
11100000
14010000
100002210
321000
200013000
1010220
1110120
3300000
31000020
20200002
140100000
111110100
101010012
130000002
3111000
20030001
211001001
102300
11200011
210020100
310001010
11101101
200011020
24000000
210010002
100002000
11002020
210000012
110001000
100212
120210
101010003
1002000
200101020
3030000
120100020
210200001
201111000
102100011
210210
123
30011001
100100301
1103100
210030000
203000010
103000101
3020010
3001002
2210001
400000200
201000030
111010101
301001100
30102
2001000
100011120
2012010
310200
21210
1100022
12011010
102001020
1001112
100200021
30210
21100200
101030001
104000001
110100201
1210200
100400001
100112001
20100003
22000011
201020001
240000
130110
100010031
2120001
220000200
30000003
4020000
101110200
100000113
11001
400200000
11020110
100003200
2112000
20102001
10100301
112000101
20100102
10010310
301010010
220001100
30001011
1001310
1101000
1013010
40101
11001300
302000100
2000211
100220010
110400
201120
300002001
210010020
1003200
20000100
200110110
102030
3200100
2031000
210001020
301002000
1010010
10230000
3012000
302000010
310010010
1100211
2102001
211000020
1030200
10100130
100100400
100022010
300000000
10200300
211000200
1000230
20000121
20000112
120300
100120011
101112
20220000
220020000
200200002
201100110
11000130
20130
1020120
101201001
401010000
100030020
100003020
10111110
302010
10100031
40110
2100120
200310000
100041000
10000200
200000040
301010100
31000011
10130100
20022
12000210
20101002
310100001
113100000
121002000
13100001
111200001
30100011
1200210
1000110
40010010
100002021
120030
10120002
22000200
101010000
2020200
30110010
1121100
10021101
40020
1010202
20310000
111000003
121100001
2000301
11001201
10140
1102101
11100210
3210000
20020011
2000100
100011102
10230
410000010
100000002
200111001
100011210
103020000
222000000
1200003
1311000
12021000
10201011
10200120
110100012
201201000
111110001
102000
302001
110100102
111102000
302010000
110001300
10113000
1002210
1000002
210
12100002
10211100
110010003
200003001
3000021
100002300
210001002
203001
202110000
101100030
111012000
200030100
1140000
40011
100201200
10010013
1021101
21002010
110002020
14000001
10111101
130200
1010004
10101
1401000
110101110
10102110
110120010
101400
20002011
1000302
10200210
13110000
3100110
20030010
100020030
120020010
102120000
1300110
111001011
1102002
400010010
2121
1011021
11013000
30001020
2004000
10130001
111102
201002100
200011101
10120200
100101210
311000001
4100001
11110101
41001
1001031
1100202
1022001
130101000
2010120
2011101
301000101
100000221
110002011
1000023
200100
11202000
103101000
21100101
210010110
2003100
1101
1012002
200030010
1000140
101010210
10400100
20211
330000
20110011
1100130
211200000
10002300
1111002
101210001
10010001
210001110
11030100
1101300
101000010
301000110
110201100
10000020
100000041
30001200
122100
101012010
30210000
12200001
100310100
120010200
101020020
101010021
130020
103011
100110120
202002000
201000300
210021000
110101002
100002120
1104
11010021
130020000
100120020
300102
10011300
123000
300100110
1201200
100111101
1011201
100120200
12100020
12110100
200111100
100021110
201000210
100302
100041
200004
200100012
1100013
1101120
101300100
1030101
110002200
1004010
1101111
22000020
111201000
100030101
1122000
201000
410010
12300000
12000300
21000300
1401
300001101
20013
110220
100200003
220000011
101020002
10100022
1310010
121011000
2001012
1010100
10021002
10001301
11210100
1310001
1112001
1111011
13011
100002201
120120000
103000110
11002200
41000001
12101001
112101
121110000
121001010
301011
220002000
111100002
102011100
40001100
402000
20031000
120000120
10022100
200010012
10110
410010000
2100000
110300100
11010111
11000010
1001004
2000031
210300
100010004
23000100
22001001
21000021
100120101
200012001
410000001
212010000
12010101
14000100
100000410
10021200
13011000
201011001
1001103
100200
21000210
20111001
1110
2300010
13000002
2100111
1023000
200001000
200010021
113001
10212
2010
10112001
100030002
202001001
11000040
20110101
100210020
11101020
10210101
10020120
114000000
21011010
100211010
200030001
140000010
101110002
102030000
203001000
121000200
101300010
101200002
10010040
10020012
210100200
101002002
1110300
1011111
10100310
3001110
20030100
104000010
104100000
13010100
11111010
211101
300000012
110310000
210101010
211000101
211010001
11002101
400020000
301101000
10022001
101120010
4200
120120
100200102
1110102
1010001
130100001
110210100
102010110
12000021
100010211
411000000
110100300
111020100
12001020
1101210
10130010
110201001
10100202
120030000
103000200
202011000
310002000
101011200
20220
1010031
200010210
4110000
20101110
20002200
2002011
200010102
13010010
310110
10101030
20101101
1020201
220000002
2013000
20040000
20000220
101000031
211110
102
103100001
14100000
110030010
102001200
10001100
110100030
201010200
202200
200310
200301
101000220
20000202
1000410
212000100
300030
211100010
12012000
21010011
1000113
200101101
120
22100010
221000010
101000400
101011011
211020
12020010
14001000
2000130
101100000
111300000
201110100
30030
11010030
110001012
102210
10320
2101002
200000112
310011
23001000
200200020
200011110
210002010
111000021
104010
1211001
10031010
300021
110013
3003
22002
11100021
110210010
300102000
32001
201300000
21010020
102020010
10000002
20001021
1102020
10030020
101040000
30011010
10210011
1002012
10100121
20202000
110022000
110020002
20003001
2000310
110020011
1100004
1020210
30010020
100000023
10010130
40200
1100100
1400001
2010021
12101010
30300
100011201
140100
301100010
10110201
3010002
10041000
101121000
11000001
100200012
11001003
11010120
10102200
12003000
230000001
202010100
120100101
102010020
1200
101001201
100023
400100100
30201000
303000000
2111100
1002030
100000131
32100000
101300001
201101010
3120000
1300101
110001111
1000020
202000011
2030100
41001000
210000021
100101000
210002100
100003101
200021001
10122
11102001
101000211
4000011
100110201
2130000
100200300
102011010
201010011
2012100
103011000
210020010
111020001
120002001
100001004
110210001
201111
12030
201011100
111100101
111010002
20000031
11010210
100021002
11040
2021010
100020111
103002000
220000020
22000101
201021000
12020001
221000001
3012
20010210
2112
111012
130001001
101001111
104000100
10001013
1111101
110021010
20000001
20012010
301100001
10000113
120102
12012
111120000
220010010
1013100
2011200
200011200
20011101
1022100
100102110
30100200
111000030
100311000
1031100
201011010
100200210
122010
230010
12000003
202010010
20021100
2001111
132000
1311
1004001
210000102
100000140
12011001
20010102
100032
10012020
101202
2202000
2011110
111000012
320100
100201101
2120010
11201001
311001000
200001111
300000111
20120001
300020010
10103010
201000000
202000002
20001300
33
112110
202000200
200020200
111101100
111002010
101201010
100031100
200002200
11001021
401001
122010000
41010000
200001201
42000
300000201
12
22110000
11020002
10131000
10120110
211011
100401
100100004
1010112
210201000
240000000
21001110
120001110
310020
210120000
11021100
100210002
400011
110110200
100111020
200011002
23010000
130000020
102012000
100140000
100003002
1131
321
100110012
1100010
211002
100113
21102000
111000300
31100001
10030101
101002020
30010200
200101002
10001103
100122000
12102
201120000
1011300
10010100
11120010
2100012
2001021
220002
10023
22020000
200200101
111002100
111001002
11002011
201001101
110000400
1000032
112000020
1200111
110200011
30020010
30010101
110101011
10102011
100100010
11301
1030002
200001030
200002101
222
20010021
113000100
111111000
30010011
100110030
13101
201100200
101101200
110010201
410100
1201011
103110000
10030002
110000202
1032
101301
100101102
1203
1041000
2003010
110012010
120003
131010
12010020
11011020
1020021
131000001
220100001
22010010
101210010
4000020
110000040
20110002
101310000
231000000
100211100
10300011
200040000
100210011
101130
120201
2001300
101002101
110000001
21003000
212001000
11201010
11022000
100032000
200210010
301002
100101012
300000300
30000012
1101030
22001100
100200111
12002010
101002011
210000210
12110001
111101001
4011
301001001
203100000
102002100
120001002
11000211
21110010
10000140
2010210
100040010
2040000
20001111
3000102
140000100
102110010
200001003
113100
101211
100011012
2310
2103
101100021
11020011
201010101
12002100
20000310
10020210
11310000
110130
100012002
20100
240
1200120
220010001
1113
1221
200001021
21300
20210010
202020
100201020
13100100
21010002
200004000
1102110
200102010
200010
10101012
100031001
110040
10120101
10010004
300011010
130010001
20021010
100000020
20001102
1012200
11121
204
120110010
110000121
10211010
10302000
201100020
11040000
200001300
110101200
11000112
40000110
3021
31000002
2010300
100030110
2001003
100104000
1103001
1120200
42
10003101
200110200
1001400
101010201
213000
11012010
10014
1021020
200000103
2000022
100022100
212100000
230000010
310200000
100131000
20020110
100000011
1011210
100100013
11022
111000000
100302000
1310100
20010111
10011003
110100000
102000030
102100020
100030200
2022
2031
110000100
210000201
3101001
120011001
1010103
11110110
100120002
104100
110400000
112001010
120002010
2111010
1221000
10200012
1010301
1010013
213000000
3002001
110000130
1040100
320000100
2110020
400110
2100102
31010100
10023000
12000201
210000
10110210
111003
200031
11310
1040010
1120002
30100101
300000003
110110011
10111011
11010201
2001
101010111
301011000
200400000
30011100
102001110
110200110
111010110
200000100
100211001
12111000
20010000
101020011
11001030
20110200
10120011
100102002
1120101
102102000
2400000
200121000
101012100
10310001
1201020
100111011
100010100
300200100
11100003
31010010
11001000
200110002
310011000
1020111
100004100
100000401
311000010
210101001
10021020
22110
104001
112200000
103100100
21110100
30012000
30000120
1002201
130002000
210020001
111001020
30000102
200011011
102001101
130011
401010
13000200
202001100
13000110
30101010
201010002
20112
101103000
110100003
141000000
101310
10110102
201
110301
1002021
111030000
21010101
10011000
100102101
300010002
100000320
220101
10201020
112100010
120100002
201200001
120011100
3010101
32010
20012001
300001200
21200100
130000200
120002100
201001002
10001310
130000110
101010
3120
101100012
10011
22200000
302001000
110000031
1001040
310010001
10002120
100202010
31020
31110000
210100020
20111100
120010020
12001101
20310
3102
2021001
4001010
21012
1020012
202200000
202000020
12001110
100000203
101001210
100320
10100112
10021011
12100011
120010101
200000202
120101001
1001100
101100120
100121100
100012020
21102
2200200
210011100
13001010
21002100
10000401
1202001
110211000
210011010
10003002
101112000
100104
100100001
30030000
10300020
20201010
110031000
300200010
120110001
2110011
100100100
200220000
20300001
10040100
110110020
100101030
10012011
30012
10000023
10010220
221100000
11103000
210000300
311010000
1010400
10200111
121001001
111100200
20001
20010
400110000
20130000
13000011
30010002
10000122
100301001
202110
300100020
303
110011200
310000002
110000004
100210200
2010030
201002001
10110300
110300001
1211100
211001100
301110
100020300
2001120
110010120
102111
10010301
121011
10320000
3010200
100003011
101000100
11013
21000030
1300011
1131000
20001000
200100102
2010003
1140
1012110
10000110
300210000
3000000
21011100
10030110
10002111
110110101
300010011
1000200
3000210
20000301
120100200
30101100
111100011
1020030
40002000
300101001
4100100
11120100
101110101
2011011
100220001
402
11200020
101200110
10012110
110102010
10020021
23000001
102000003
100010310
10032
100001202
3000300
330000000
102100101
411
1021200
112020000
110111001
100020120
1012020
10101210
10040010
12021
12010002
3000201
120000012
101011020
11102100
310100010
101013
220110000
2100300
121010100
220010100
11110002
10012002
10011012
300000
20020002
11112000
110011011
201300
20001201
200210001
201210
0
30200010
20110020
100110003
111011001
100101021
1103010
312
300000102
1010121
2201001
32001000
111010011
11110200
10202100
100020021
100001112
100310001
11220
120102000
211100001
101111100
2010111
101000310
4020
22011
200000310
111030
1000101
10000212
20100201
23100
20200200
3000030
200201100
1032000
120010110
120001101
100000032
200110101
12210000
102000111
11010003
2020011
110012100
101100003
20000211
220200
10101120
11001120
10011102
100400010
1110210
21
101022
1200300
30100110
121010001
41100
10000320
11211000
112000110
210100101
100021020
1120110
110004
211002000
3200001
111010020
2020110
32100
410000100
300100002
221001
2301000
221001000
230001000
102101001
101001012
12010200
201110010
310110000
300120000
100200120
21000012
110001120
100101003
131100000
20100300
12000030
2020101
100011300
1000212
10210020
10013010
10113
101003001
220001001
320001000
101101002
100200201
102010101
2002002
22101
1302
120021
2101101
310100100
210210000
101200020
101101110
31010001
10101000
10000302
201000021
200013
1300020
20210100
31000101
100020000
112010001
202001010
12010110
111210
300021000
210300000
2200020
200100003
2010000
10001211
114
200000004
100201011
2003001
12000120
11000103
1010130
30110001
10203
110010021
11300100
11000220
21030
100010040
24
3030
101101020
101000001
100103001
100410
220000101
310020000
120011010
10112010
301010001
200000010
100000122
12120
10011030
400020
31002
102000000
202000110
2002020
120001020
103001001
20021001
10210002
12000000
31000200
3100002
10401000
110003001
100004010
11000013
200010201
2220000
30110100
11101110
2002200
20012100
310101
1410000
120100110
103010010
200000220
10111020
103000002
121000110
20000103
20100021
101001
102200001
10020300
201020100
100012200
10000011
100100103
100101120
300020001
101202000
2022000
20011110
40000002
100001010
141
200202
21000
100021011
10000410
101111010
10202010
300010200
23001
11100030
200022000
110000022
2101020
2111001
100111110
11021001
201001110
2000013
10110000
300010020
1120011
10004001
110022
120101100
21020100
11011110
102000201
1410
400100001
201102000
112100001
113000001
111010200
300002100
1100301
100300200
1000203
11011101
200220
20031
200001012
204000
211200
110200200
100401000
100000200
1111020
11011002
311001
100001301
