12100
112000
202000
1100020
1000021
1000000
30010
20002
1020001
100000
2011
2001100
1000102
1002010
2101000
200200
10300
1020010
1300
3010
10000
2020
13
2000011
100030
10003
2002
31000
100
1001011
21010
2101
1200100
2100100
21001
210001
310
300010
1000300
1101100
120001
3001000
120100
1010200
1000201
10021
111001
1001020
1120
13000
1100200
2100001
1001002
11002
20101
30100
101011
103
10102
210100
110020
1010002
1011100
200110
1000120
301
3000100
1110001
121
10201
1210
1001110
2000020
2000101
300001
310000
2110000
200002
101020
11110
3001
300100
1100002
1003000
1110010
1000003
2001010
102001
100021
1010110
1102
22000
1210000
101200
211
11101
3000001
112
2010001
1002100
201001
22
10120
3100
10012
111010
1102000
2110
10111
2200000
1100011
100111
110200
102100
2001001
1011010
102010
2000110
130000
1030
101002
1101001
110011
1201000
1003
220
10210
12010
1201
1001101
1111
1110100
31
21100
12001
1200010
111100
200101
10
2010100
110002
2000002
130
10030
100012
11011
2100010
1002001
1010020
101101
103000
120010
20020
1000030
201010
1030000
110110
1000210
20110
220000
1111000
1200001
1100110
100102
200011
211000
1021
3100000
210010
1001200
100210
1100101
2020000
20200
101110
1010101
1010011
1000111
2200
11020
1000012
1000
201100
20011
1020100
11200
3000010
100003
100201
2000200
2010010
1
121000
301000
1021000
2011000
1011001
2002000
100300
3010000
110101
1120000
202
1012000
100120
1012
1300000
200020
30001
1101010
