2003020
3130
2001001
121000
3001000
20203
303010
13102
1310002
2101003
300031
211
3000130
131020
1012
1201000
10003
221020
1020103
30001
200113
200131
20122
320020
320200
3100003
200230
2020
22000
2020201
22210
2101300
1002130
211300
21031
3101200
2030101
221200
12031
1300300
103030
2002210
310
132100
1010320
100201
21010
3112
1132000
31003
1000120
1000102
2020003
100213
12103
2130100
3000310
30220
103
1231
3001003
3003001
3200101
1001200
103210
12010
2011000
3012001
2203
202210
2120200
1130002
3000010
2000122
1102
120022
202030
2030011
1103200
1103002
3200110
1100203
31012
203002
3202
231010
120103
1222
100330
1100302
200311
1312
3100300
301003
2001301
10312
1000000
3000100
1300102
2300011
2001103
21100
2000002
23200
3011020
223
2110
1003300
2003011
30013
102031
11302
1302100
1301020
1012000
1023100
1013020
2103001
1000330
30103
1003021
222100
2200210
31210
1123
2100031
2023
20221
2120020
3102010
30022
2001310
113200
110302
220300
3210010
200203
2001220
302011
3010210
1030201
10
113002
1231000
3121000
3301000
1100230
310000
2002003
2001130
1001203
11023
1330000
3210001
112003
300112
200002
2000221
113020
103201
300211
1213000
1021300
30301
1020202
210022
310003
1010203
220012
202102
3120001
2003200
1010020
20032
112300
123001
3200011
33010
100021
1002310
2100100
2032
201022
3120010
202000
1102300
2201200
2100010
20302
3110002
3101002
1200010
201202
10201
2302000
1220200
100033
3002011
2000131
2110300
3300010
303100
1302010
2100202
2230
301210
2200003
1201300
200302
2200102
3001012
20101
3000031
10120
2200012
1020001
2131
2000023
1003120
2000311
30211
1003030
3101020
230101
2311000
3003010
2100301
1023010
1303000
210220
12202
1203010
2011003
2113
1200013
2013100
2221000
2010103
1031200
1020310
203011
31021
3200020
1100020
33100
3011002
3001201
3000211
2212000
1020100
1002031
232
102202
100123
2000101
3022
201130
11230
20212
1330
231100
310120
1230100
2020210
312010
101200
3010000
2000203
3002101
120010
1003000
1202200
1000
12022
1200022
3000013
2302
1210000
1020010
10123
1020130
1300003
2000032
110200
202021
3202000
2012002
3001102
102013
32011
2102002
100300
11320
10213
2311
2101030
3001030
1012030
2010013
101302
102301
3100000
1130020
2012020
213010
102001
3210100
2010130
1010002
1002013
1000231
1
2011
301201
2110000
23020
110032
2300200
2020030
2031100
31
22021
1301200
32002
1003012
21220
31120
1202020
3000202
1030102
120031
103120
2201002
100030
13000
213001
112
2022001
30100
2020120
20020
210301
3100120
2210200
2301010
20002
31201
322000
32020
2221
310030
1320001
2300110
2000212
201301
11020
1021000
12001
1202002
110002
202120
3030001
100
110203
1120300
120013
301012
2320000
2021020
230011
301102
100210
10012
1033
3013
202
222001
101230
103102
3030100
330010
1300210
3100201
2002021
10033
1021
1201003
3021001
2010220
322
13
202201
232000
2210020
20230
3010
1000012
2102200
2100310
1002010
222010
101032
1000321
310012
10231
3112000
3020200
220003
231001
321001
210100
312100
102130
2020000
331
1000312
2000011
10021
3013000
3103000
100303
1100023
302002
2000320
2100130
3000301
10000
1030
1130200
10030
3301
1302001
1020013
201031
310300
1010302
122200
1032100
3021100
1010230
31030
1021003
2003101
230002
313
200212
2000113
20113
32200
2010031
112000
30112
1210
2020021
220210
2000302
3001021
220
21310
1030000
3300100
2310010
3012100
130300
1030120
20023
3031000
3110020
2320
120100
30130
2003110
100321
2202010
220102
200221
1300030
2220010
1002100
1300012
1001302
2002201
311020
100102
1030003
2030110
3000121
21013
1210003
3031
1003
110320
100231
1300000
300301
3001120
212002
1213
1220002
1102003
110230
103300
1203100
1100320
3011200
21103
2301100
2201020
3100102
120202
21301
2203000
3022000
1100032
2100022
22120
3010030
1022020
1000123
1000132
301021
3100021
100003
1003201
200032
1020022
1002202
120301
203110
23011
3310000
13030
13201
130210
3110200
2100220
3000220
1032001
311200
121030
2200030
300022
1000003
1200001
2011300
2022010
1100200
2000020
2002012
102310
200101
33001
2002
1312000
2110003
3020101
310210
102010
100120
3300001
1222000
10300
1001320
122002
1123000
2010010
103012
3020020
130102
2122000
302101
22102
100000
130201
2101
21001
3102001
22030
13003
210103
102220
32110
1220020
2002030
1012300
122020
2103010
1013200
1001230
210130
1200100
1022002
1001002
211003
201100
300121
2120002
3201001
20011
1020301
102100
3310
13300
1020220
101203
331000
2023000
2101000
200320
1030210
201220
131002
13021
130003
1102000
202300
30202
2200
2002120
20311
223000
200200
201010
2021002
1010023
101023
22012
3200200
300220
30031
301
210010
101002
3201100
210310
11002
3002200
10321
10102
12100
1320100
202003
2202100
22300
2022100
121300
120130
302020
1022200
2000110
11203
2200000
2002000
1301002
2100013
3000022
210031
1003003
3100012
2031001
311002
101320
1120
20320
2010310
210202
2100103
3001
1030030
1032010
1002301
103021
2020300
200023
1303
2301001
2021200
21022
3211
10132
130000
3010300
3010003
1021030
2010301
101020
330001
3002020
2003002
2000200
302110
230200
3003100
1100002
1300
112030
3102100
1203001
2200201
3010021
130120
1000300
1012003
1020031
13012
2300101
22003
1013002
202012
313000
1300201
1000222
3200002
10303
32101
1320010
2300020
30310
1003210
203020
212200
201103
12130
1321000
1030300
321100
320110
300100
1002022
220000
3211000
1120030
3002002
123010
12220
2131000
1310200
3020002
2012200
3103
3121
230020
2002102
131200
23101
2030200
2300002
1103020
2010202
2001031
1000201
2230000
302200
3010201
2001202
3010102
30010
1000210
3220000
301300
2031010
3010120
212020
310201
1030012
100222
200011
1201
1200031
133
213100
132010
220030
303001
1031002
210013
220021
10222
300001
11032
10210
103000
1200130
3100030
200020
10330
3001210
1001023
2220001
121003
120220
2130001
3100210
3020011
211000
1230010
2110030
320002
2011030
2130010
3020110
2010022
1001020
1321
121
2102020
2001013
31102
3130000
1230001
300103
2020012
1001032
22201
221002
201013
2113000
2310100
300202
1200202
3001300
2010100
130030
3201010
1200103
321010
200122
1002220
130021
1120003
2103100
1102030
2013010
3021010
3010012
300010
230110
12310
2100001
1002103
210001
102022
300310
1200301
1003102
1000021
220120
310102
2200120
203200
3100
1002001
21202
123100
220201
1300021
3220
1120000
330100
2001100
3000112
201001
30121
2002300
3000001
2001022
1000213
320101
100312
133000
301000
1200220
23110
20131
1201030
31000
102103
2200021
110020
310021
200110
2122
1210300
3030010
103003
23002
2020102
312001
1033000
13210
301030
3000103
1000030
1010200
22
2310001
2202001
300130
100012
13120
2032000
2210002
1000303
1023001
1030021
12301
3012010
20200
1010032
130
203101
11200
1200310
130012
2212
300013
3002110
2001010
21130
31300
1031020
132001
320011
201310
2220100
1210030
1310020
2030020
1000033
110023
2013001
120310
120001
100132
20110
2010001
211030
1132
2200300
3120100
2030002
1300120
2000230
301120
12013
