32003
2330000
2300303
3000032
300002
33032
23003
3302030
2300030
2003000
3002000
302030
323
3230000
3003032
203000
23300
3332
2033
333020
300032
33023
3323
3200303
3020030
20333
2303
332
3303002
3200033
2000300
33320
2330
3200300
3003020
3320000
30203
3320030
3033002
3000233
3000302
233000
332300
23000
302
3020303
3030302
30200
30323
20030
303320
2333
2300033
3002300
230003
303023
3203030
3300023
2033003
320000
230030
230033
30332
2030330
203303
3032
3323000
2300300
2300330
3300032
2330300
323030
320330
33302
2030300
30032
30002
330002
23030
3303020
2033300
3002330
3003230
2003030
3000200
3302003
3023000
2003033
3000023
3020
3032000
3030023
320303
3023
3200003
3032300
2033030
3030320
2000330
230303
3020003
3002003
330230
20003
3032030
3002303
3002033
300323
3230
2003
3300320
3200030
3003002
2030000
2003300
330203
3320003
233300
303032
33203
3030230
3002
203
32
2330003
3200330
3020330
203330
32330
30023
3233000
3000332
33020
3230030
3330020
3030002
2000030
330320
203300
3303200
2003303
3003302
200033
32303
23033
3330002
2303003
320003
32033
2000000
3203300
3002030
200000
203003
200333
3000002
233030
302000
200330
2000
3300200
330020
300233
300302
200003
23303
3300302
2030303
3000320
323000
200303
2030
332000
20330
3000230
303200
302003
30320
20033
3033200
3033020
3003023
333002
320300
33230
3230003
3020033
230000
2303030
3300230
3003200
2003003
203030
20000
3200
3332000
3023030
3020300
303002
300023
2300
3330200
2303000
2033000
2003330
323003
23330
3030032
32300
320033
20300
303020
300230
2300000
3203000
2030003
3000020
330032
303230
30230
20303
2333000
3000323
2000303
3320
3302
230
30233
3300020
2000033
30302
3320300
3300203
3020000
2000333
33200
3233
3300002
300332
300203
300020
20
2303300
330200
302330
302303
302033
30020
2030033
332030
230330
32030
23
3230300
3302300
3023300
323300
333200
303203
2300003
3030200
3000203
300320
32000
320
3302000
330023
303302
300200
233
3200000
3023003
332003
33002
200
2
200030
3032003
2030030
3003203
2000003
203033
200300
3203003
3030203
3003320
233003
230300
302300
2330030
3030020
330302
320030
3203
