2020000
2000323
3232000
3330013
1330303
1030333
203020
200302
322033
3033010
3331
2203330
2300323
2020030
3023023
2230000
13003
3002230
333100
2023303
330031
3103303
322300
330010
300331
200023
3002020
1300
3100
303013
320323
330022
220
2020003
2002000
2003020
1030330
3320032
23230
3033022
3003310
2303200
3032203
2002
133
13330
2230
3303202
3300130
3300001
3001033
203233
103303
332302
3000100
3223
3013
3022
2230030
22333
313033
300310
2000032
3302302
3313003
3300103
3003031
3103300
322303
323002
333103
333310
220330
3320203
3000301
3332002
2233
3230023
3302002
332023
31000
320023
33313
3000331
3130000
332020
3300100
3030310
300313
3100033
3010033
23233
2302
1003030
10030
2032003
3302023
3000232
23302
2030203
200002
302032
13000
31
3200023
2320330
3223000
3232300
3313030
2332003
3002032
301300
3320023
3103030
3300031
3232003
2000203
133003
313030
310300
332320
3000001
2333002
3130300
103300
3010333
323230
3002302
2200303
301030
3130330
3203200
2330002
3220303
322000
10303
2303320
22030
32233
3303022
303301
232003
3100333
310000
2000023
3033202
232000
2003233
200230
20323
303232
2203300
20233
23320
310303
3002332
3300202
333220
3200020
3130303
3301330
2330302
133030
3010030
10300
3000202
233230
3303031
220000
330313
2030020
2030002
232303
3002233
3030001
2303023
30202
32320
31303
1030
3300010
233200
3223300
130030
1330330
30301
3200032
310003
33220
2320030
2020330
320020
300223
3303001
2323030
3233002
3001000
303220
313
3300301
2230300
320233
3020020
2002300
3130033
202030
10033
333301
1033033
3022300
3230320
3322300
331003
2030023
3031330
331303
2032030
320302
22000
23332
3001030
3030202
322003
1003300
2000320
20230
302332
2203003
3002200
3230002
3030220
20302
1000333
23020
2023330
200332
1033030
100330
3323200
3020203
30310
333001
2303230
202333
203203
3003022
130330
103333
3322030
32023
220033
3023302
3302203
3220300
302230
2323
3330010
3003313
1303003
1030300
3022003
22300
3000220
2203033
2233300
3200302
3001303
2032000
313300
3003331
1000030
3203032
220300
220003
20032
3002203
31330
31333
3230302
3030313
3303103
3203203
2233003
233002
103030
2002303
3033301
2000332
203200
203023
3003001
233023
1030003
320230
32203
330310
1030030
1000033
3220000
323023
302023
2332
2200300
130003
33133
300010
3330301
3030031
3103033
330202
3133300
2330023
202330
200020
3030100
3031
2320303
303010
33010
33322
100333
1300003
2000230
3103330
3032032
300322
2330020
2003332
1003033
320200
2032303
3230032
3223003
3331030
3001
3202303
320320
3302320
3023020
133000
23323
3302032
302233
3003223
202
130000
22033
33013
2002333
1033
3313000
3332020
33310
330001
3322003
3032320
301303
3030133
232
3313
1300303
3030232
2300020
3020023
23200
3300133
1333000
233020
3303220
3030013
2023
3303013
2233030
13
32200
1000003
1300033
3202003
202303
22003
32230
303133
3300022
2033302
202033
3022030
303022
2032330
2000020
3020233
3030130
1033330
3230200
3230203
230020
202003
313003
2300230
1303033
2033230
3133030
31300
32020
1330000
2003002
3031003
3330220
333013
2233000
3020323
3322000
2030320
2003203
3330100
303001
2330203
3200320
2002003
13303
302323
3010303
23023
23002
233320
1000300
3302200
3003202
1333300
230002
310333
3030022
3033001
1303000
2020333
3100330
200233
320032
303031
2230033
3202000
3301303
1003
3303301
2023033
323020
3010330
3013330
3203023
3310330
30013
300001
103003
322030
320332
30223
2032033
2023030
133303
3310030
332203
1330
2333020
3000103
300220
203230
331330
2300302
30022
2033320
133033
22303
13033
300022
2302033
3002323
3023200
331000
130
2330200
3133000
3203230
331030
2003323
230023
3200332
2200003
203002
3033220
30001
2300233
3103
3332200
3301030
3000133
3010003
3032002
3003010
3000313
3100003
3300223
303202
3330310
3001003
331
3030322
3302020
3033130
3003100
333022
103033
3002023
2002033
2003302
103330
3320002
3220
303310
2030302
1003333
3100303
3200203
200320
2303032
3313300
2030200
3022330
3020230
3003232
33103
2002030
23032
3333100
30322
30031
1303030
20200
300202
3030010
333202
3031000
2030323
1030000
223003
3002320
3303100
30130
1300330
2000302
133300
200203
330130
30331
2033023
3010300
323032
303130
1000330
301333
3003103
3030331
2203303
3002002
300301
2033203
3100000
3032302
30133
2000200
2033020
1033303
3203302
233203
230302
203302
3030103
1330003
1330033
2300200
2033200
302002
3300313
232300
3020032
310330
310030
303223
3203002
2003320
31003
300130
103
2330320
2300203
3310300
230332
3303130
3303010
2320033
2030230
233302
300013
2200000
130303
303322
300031
1300000
3200323
2200
2200330
1333
2032
330100
3130
302320
2030032
3331000
3032230
301003
3033310
2023000
2030332
3023320
3020320
3333001
2300032
3300322
3300013
3033031
3230020
2023003
230320
313000
30010
2300023
331300
3000022
1300333
330133
3003013
1003303
1003003
3202300
130300
220303
203032
300133
30103
2323000
3203020
3013300
23203
302203
2033032
33100
31033
232030
3200230
220030
3000013
3130030
2302030
2003200
100303
3013003
32323
3300220
2203030
200323
3003130
203332
10003
302302
1333030
330223
3303310
3033013
3301033
22330
3322
230203
2302000
200032
3013000
320203
330220
30313
1330300
3000130
3202
330331
302020
3000223
3232030
232033
3310033
3220033
3320230
323203
331033
3320200
2200333
3020200
20320
2320003
100033
30100
103000
3310303
3023203
332230
3030301
1030033
3003322
3000031
2332000
3023032
20020
3300331
33331
3220330
3001300
3331003
3032200
3330130
2002330
3233020
32002
3330022
1300300
301033
3310
2300002
2303002
3013303
300100
2203000
2003230
3013033
2302003
3301000
33202
3003301
2230330
310033
3031033
330232
3230230
2302330
232330
3000322
310
2332300
3320020
3003220
2030233
1300030
3130003
230230
13030
2332030
3032020
30232
33301
2303302
323200
330013
3103000
133330
130333
322330
3031300
2000233
323302
333130
3323020
202300
330103
3100030
3023002
3003133
3323002
2000002
3330103
2300320
3310000
313330
332200
33022
1033300
2020
1000303
332002
3033103
303103
3330031
2323003
230323
223300
31030
30220
230200
1303303
3200200
223000
230032
200200
3030223
22
2230003
2302303
1030303
203323
13333
2330230
2320300
3022303
303313
2320000
3220030
130033
3223030
3320302
3032023
32332
1033003
3133
223
20002
2300332
20023
330322
2323300
1033000
3200233
233032
3020302
1333003
3010000
3301003
303331
2200030
3233200
220333
301330
301
2200033
300232
3202330
2020303
300103
2330032
3000310
230233
10333
3232
3023230
2020033
1003000
3202030
2023300
3200002
313303
13300
33031
2333200
3301
100300
3022033
3331300
3301300
1330030
3320320
3022000
3020002
301000
2230303
2320
2203
3033100
33130
3001330
1303
2303203
3133003
332032
3300232
2302300
223033
20203
223030
3300310
1303300
3330202
3302230
302200
33232
3010
322
3103003
2020300
3220003
3310003
323320
2303020
223330
320002
20332
3203320
1003330
203320
3031030
3333010
1303330
100003
333010
223303
2003023
3202033
100030
333031
33001
2032300
3330001
3001333
3100300
202000
3031303
32302
32032
2033002
3020332
10330
3000010
3013030
303100
33223
330301
2003032
