3200032
3010003
3000232
33013
310030
22030
3330001
3202030
3302020
3300103
1030330
1000003
1000
3200230
2300203
330301
302020
302032
3313000
1330003
23200
30130
2323000
3130003
2303002
3302002
2300302
20200
10
10333
1333000
2320030
2030002
3002320
303013
33022
200230
2230300
3300202
2032030
100330
100003
31
2302030
3303010
2023030
2030302
2002000
200323
3320002
3020302
232030
20302
31330
3310300
1303000
1300300
3200203
3300022
330010
3000322
133
1300033
3023002
3033001
1030303
313000
2233
303310
22033
3223000
3022030
3020002
2002330
220000
103000
133030
303130
200233
2230
3001300
320200
13330
30133
220
3300130
3002002
3000001
300010
3100000
3301003
3002302
3003031
302203
10003
3232000
3200200
3100033
2030230
202033
202003
2230030
3000313
1000030
233200
330103
30022
1330300
130000
320002
103303
322
2203030
2020003
300223
100303
33010
3331
2233000
2030200
202030
232
2303020
2200030
2000320
310003
100033
233020
331003
300133
3230200
133000
223003
2033200
2032003
22003
3103000
1003003
33100
30103
3230002
2300200
3030010
322000
333100
33001
3100030
2003320
2003023
20020
2320
303100
3103
3200320
3010300
3001000
323200
332002
330310
100
2330020
2320003
3020020
203002
30322
3220003
320203
300202
2203
3220030
1300030
3310030
3100003
1033030
3030220
2203003
2003002
3000331
103330
32200
33220
331030
330031
1303
3202
33202
1303030
2030320
2003203
223000
320020
13303
2030032
130003
33031
1030000
2020300
2000230
130030
30310
3220000
230320
310303
330013
20032
3003103
33310
30013
331000
220030
301300
31000
2330002
3300100
3200302
323002
300301
2030023
232000
232300
300001
331
2323
103
3310003
3013003
220330
203020
200332
23203
1300303
3200002
3030103
2002300
32023
310
3130300
3002203
133003
301000
303202
2020
3032020
2000332
220300
300322
310300
230032
200302
320032
301033
200002
223
3130000
2300020
300100
32032
3103003
1033300
2003032
303301
100333
3331000
3301030
300103
31303
20332
20023
2302000
330220
3022
3100303
3033100
3001303
320320
1003
3322000
2020033
1003330
3003022
103003
32020
2230003
3020320
3003310
23302
30010
3001033
130330
2023000
130303
2200
3031
1300000
2203300
1000300
330022
1333
1030030
330100
23020
13003
3322
2330200
3000202
203203
20323
3103030
3030130
3003130
1003303
230302
20230
320302
32320
3202300
3003202
2002033
3000031
310000
310330
22303
301330
300310
3230020
3010330
2020303
3001330
2002003
2000002
200023
3010030
313300
302320
202
3103300
30232
2320300
3300013
103033
10030
2032
13
3320020
3000022
10000
10330
30223
30202
3130
313
3203200
3302200
3022000
3001030
1000333
103300
3000103
220003
230200
230020
103030
200320
3001
20002
2332
3002200
3000133
230230
32302
33301
23032
3010
2020000
3023020
3002230
32203
13033
20320
3002032
322300
1330
203230
301003
2002
3301300
3202003
3300010
2032000
1030003
310033
3000100
330202
200200
300031
13030
2302
3203002
3020023
302023
3310
3223
1330030
2302003
3020032
3002020
313030
303022
3100
313003
32230
3310000
2200300
3031300
1003033
1030
331300
202330
2300320
3020230
2020030
3003301
2002030
3000301
10033
2023
1030033
1000033
220033
230002
330001
303001
300022
31030
3202000
3300301
3033010
302200
300220
300232
3100330
230023
22
2003302
200020
1303003
3023200
2023003
3032002
3010033
3030022
22000
30220
3301000
2200330
302230
3320200
2302300
1003030
1000303
203302
230203
22330
2200000
2200003
1003000
2000302
2000020
323020
320023
202300
3303100
3013300
3030202
3030301
233002
322003
22300
3013
3100300
3032200
3010303
13300
1
3002023
1303300
2003230
2000323
303103
3301
1033
3133000
2200033
3000130
3000013
3030031
133300
332020
20203
30301
30001
3013000
3031030
203023
33130
23002
32002
3031000
333010
23023
202000
1300
2203000
2200303
2023300
3031003
3020203
2000200
3232
3133
2332000
1033000
3013030
2000233
3000223
303010
3330100
2020330
3030013
300130
200032
1330000
3300310
2003200
100000
232003
31300
10300
30313
2300230
2300032
1300003
2000032
130300
302302
2300023
3010000
3003100
300013
303031
3220300
3130030
3330010
2032300
3001003
202303
3003013
223030
13000
23230
31033
3313
3203020
3300001
1003300
2002303
3000220
3220
2303200
3300031
1033003
3022003
2030020
33103
2030203
3030001
3000010
3200023
3003010
3003001
2300002
322030
300331
30100
30031
3022300
2003020
303220
301
3300220
3003220
320230
300313
31003
3000310
203320
1000330
332200
333001
30331
3200020
2000023
330130
301030
203032
20233
1000000
2320000
223300
130033
200203
2033002
2000203
301303
3303001
220303
203200
100300
23320
2033020
302002
2230000
1030300
3020200
10303
1300330
3030100
3030310
100030
130
