1012100
110210
101003
1310
3110000
20102
2010011
3020
1100021
202010
1010003
1100003
120011
1022
11210
11012
301010
1021001
13001
1001120
1001012
1200200
1200110
30110
1010210
1021010
1020101
1211
3010010
1002200
20201
3002
1012001
110012
21110
10121
10211
101021
212000
230000
1210010
1102010
1200101
121001
100103
100022
200012
120200
300101
100001
11000
12101
20000
300110
3000011
2010110
1000112
2020100
2001200
1003010
2003
230
120101
1202000
2030000
3200000
1000001
10301
20030
1300010
2110001
2011100
32000
1110020
1030001
211100
11120
11021
3002000
1110200
103100
2000300
2010002
101
3000200
3001001
120002
1003100
1210001
2101001
1000121
2010020
10130
10202
1112
1030100
21020
2011001
200120
302
101201
2300
102200
1003001
30101
210101
1100000
1201001
11003
201101
201020
131
20021
111200
210200
2200100
100220
100310
1002011
300020
1110002
112100
2000003
100202
1010030
20300
310100
101012
100211
111002
1000202
1010
3011
2201000
30002
1001030
22010
10031
110000
23000
2020001
200
310001
102020
110102
103010
200210
1220
1000010
2010101
2110010
2200010
1001
2000120
1001003
1121
2101010
1021100
1002002
1101002
300011
1300100
3001100
2000021
11300
12002
10013
130100
201002
1011200
1120100
110003
1001210
102110
20012
1102001
20120
1010021
102011
2111000
10310
1010120
2120000
302000
113
1100120
21002
2210
311000
110
1200011
1002101
3100001
200102
100031
10010
2003000
220010
102101
110201
1301
1301000
1000103
10103
1020020
2021
22001
31001
30200
20003
1000022
1202
1020200
220001
101000
1100210
21101
1121000
2002001
13010
1100300
1200002
2000102
112001
11102
212
120110
3100010
200003
101120
110300
2001101
1013
1031
1010012
203
121010
101102
2210000
1010300
2100110
113000
203000
1211000
211001
1310000
110120
1022000
21011
210020
2030
10022
1112000
2100020
1001000
3200
1020110
1220000
300002
2000
12200
1012010
112010
101210
1130000
200201
2102
201110
10112
3020000
2101100
31010
2000030
3010001
1001300
301100
23
3010100
310010
20111
220100
1001102
1001021
100301
1020011
2001011
1120010
3000020
202001
1031000
210011
1100102
31100
30011
12110
2002100
1011020
100121
210002
2000210
111020
11030
1001201
1201010
100100
11
110030
1200020
20
1100
2000000
1013000
1300001
2102000
10100
1020002
1000310
20210
2020010
101300
13100
12020
1103000
2010200
1120001
2001110
1103
2012000
130010
2100002
1102100
10220
3101000
30020
1201100
2001002
3000101
2001020
201200
100010
2100200
2
2100011
2201
2300000
200030
100013
1000211
2011010
103001
2000111
300200
1101200
211010
1030010
32
2012
2021000
320
10001
1130
301001
1000100
1100012
3100100
110021
2111
22100
1002110
2110100
121100
122000
1101020
1000220
1000301
2000012
1010000
221
130001
2120
1100201
12011
2200001
1000130
21200
3000002
3001010
1011002
3110
3011000
11201
122
210110
3000110
1010102
201011
2002010
1000031
1010201
1100030
2100101
100130
3101
311
200111
221000
101030
1002020
2000201
1000013
100112
131000
1210100
120020
202100
102002
200000
320000
200300
200021
