2020103
130310
220220
2120300
3110300
2300030
2000132
320201
301031
100322
13001
2200310
300122
300230
302120
300110
32
21200
10103
2301200
1200203
1000202
23
1001300
1003103
320
233
1000322
100001
2033000
3122000
2300003
3130001
200303
3203
131030
300311
3100130
2022200
2030012
103010
203120
22001
1220300
3120002
3020
113000
330011
2102
2210300
1301030
1032200
1001330
1330001
1322000
3002000
2021000
11000
2003000
1013300
123002
301130
113
1300100
3300011
2032100
3001220
3010022
1002020
3001010
1200302
1003220
3002210
203201
3113000
113030
1223
2200202
1200320
123200
1331
231200
232010
31220
1000022
100100
100202
2321000
2230100
2102003
2000300
230120
202220
3100202
3021020
2330
212000
2031200
213200
102320
2030210
3000011
122003
3130100
3200120
300023
131003
213020
2201300
2100230
3302
122030
3221
1301300
3002300
332
210230
300203
1030022
3000113
320012
110300
200000
200003
3030110
2001200
1031030
302030
3100103
2000030
1023200
1220
2230001
2012003
311000
202301
2201000
2012000
120020
12020
1133
131
201032
30101
1022030
2020310
2000231
220022
1001000
201302
202001
302003
1000001
23021
20213
3120200
1103003
1000220
312200
3100010
303011
3032000
2320010
2200130
2300210
3120020
320120
103031
20132
1320002
303200
110030
20012
3010310
2001002
1000310
322010
320300
3010010
11
1232000
101030
10013
3122
120203
103100
230000
2300000
1310003
2
21032
1313
3022010
1030001
3000101
32210
1002002
12203
13202
102203
2213000
1203020
1003130
2000312
2001320
10133
233000
2320001
1202000
12023
130130
101303
12230
32102
3202001
1200200
1002200
1002320
330110
300101
11030
13031
1020320
2030120
3020210
331010
2132
10223
3010130
2020010
2003120
120200
2020031
1002302
331100
2100020
3022100
1030130
2030102
3020003
1103300
311
200102
221
2300021
20330
20033
2003201
1301000
2100203
2231
3000200
22310
1031003
2010002
1000103
23102
3212000
2031020
1020020
101300
30011
320000
2220200
1220030
3200012
2201
3000131
22031
3200300
1130003
3001013
31103
3023000
300302
1300031
3003110
2030300
2301020
2003003
103013
210302
202100
2200220
3300101
2003012
131300
200222
10001
2310002
3011030
30200
311030
210203
2010200
1020302
3003101
232100
320021
10232
3030200
302000
3011300
2000021
103130
2312000
3320000
3110030
2010203
3220001
1000301
301202
3010202
1000130
321200
1130000
1330100
2220002
2303
3301001
2200022
1020230
1003013
3110000
3100031
1300001
3101300
1202030
120302
1103030
2003
1000133
331001
201230
302210
303101
2123
320030
3210002
2300201
310010
1013003
2120003
3101000
3300110
2012030
320210
200123
300131
31310
2300012
1030301
2030021
2002013
100331
32012
3000020
3002
301301
302021
2302010
1031000
3002201
2012
200120
300212
1103
3101030
2022020
1003202
1000010
22100
320003
3002021
20
101000
3000302
2001023
200012
1010
1003310
30113
2030000
2010302
22130
2000
301013
31010
3210020
1300130
1300013
3011000
1322
3002102
2300300
3002003
3100301
1023002
3020201
101033
30311
1301
1300010
3012002
101003
20123
3310010
22022
2013020
3001001
213002
2030201
3000311
203102
10220
3301100
303020
2200100
1033001
133010
130010
2213
3311
200312
2013200
33002
2000120
301310
332000
2032001
2001020
21002
3131
1202
323000
1030031
100310
23210
210002
20201
1302020
3100100
2002310
3001103
230012
200321
2031002
1013030
3010301
1000313
13013
1223000
1202300
2002100
200213
2103020
202022
3001301
221000
231002
302102
2120030
1230002
2023100
2002202
300011
230030
1303100
2020022
3010220
130001
22301
30131
1200023
31202
2001302
223001
201020
100220
33101
1310
3300020
2000033
10313
1030220
120002
3113
3311000
2100002
1030010
3002012
201320
201203
100010
203300
2202020
300002
232001
130202
100022
3110003
2103002
2203001
2300
2000213
32201
2103200
1200032
3320
2000210
1100000
3020030
3000002
2100023
220103
310202
203012
202310
3212
1300220
1013000
1010030
3000122
212030
2200010
3020102
2001230
2002010
322001
3101003
3103001
2010032
2001032
301022
1310000
1202003
200330
2021300
2000000
2202002
2010230
1100033
2032010
12002
3020120
1000223
10010
2300120
1100030
3100022
200021
3100220
30002
130100
22103
102023
3011
1020203
3001100
122300
102020
3000032
3001130
2002301
102200
20030
1003100
310013
2120
3102020
310001
2132000
1130300
2200103
3031100
2033
20312
200033
2010020
2020013
2002220
2021
1001003
123020
101330
13010
1003001
1320020
20303
1030202
1003022
1022003
1020002
2003021
102230
1220000
3310001
203030
1022300
100031
300113
1130
3200201
1030310
220310
102032
203
1000013
133100
130220
1320200
203000
3013001
3010103
101
302201
13130
20321
100103
1130030
30020
132020
302012
102002
100301
2201030
303002
3001310
120032
200210
3200030
1300202
1001030
221030
2203100
12200
31013
3230000
230102
33011
13100
330020
2300102
2100032
323
2320100
3030020
3100310
222200
20120
10322
2020202
2000321
22202
23201
3203000
20102
200231
1133000
312002
110330
100133
3101
300200
2000303
32030
110000
230
2303000
3201020
2201003
2020220
130301
11303
3011003
1003301
1001033
231020
21020
11033
32000
3010100
2030
230021
31001
2210000
2130020
3200102
2200031
1300022
23300
230201
130022
13022
2231000
3022001
30320
313001
3300200
3103010
3031010
3310100
2222
210023
1010000
30302
2000201
321020
1000232
330101
302300
21230
21302
300032
2000003
110033
21203
2012300
20003
1000331
113003
1330010
2230010
3102200
2100200
321002
220013
212
10130
2210
3023
220202
320102
203021
1230200
1031300
202103
2120000
2003030
131000
301103
3200210
3020012
2001203
3032
3130010
3010013
3000212
220130
1013
1200230
103220
3110
2312
11330
230003
3030002
23003
132200
221003
301001
21023
310301
13103
2222000
2310020
3010001
3003011
130013
103001
3131000
2203010
1301003
120320
133001
31100
203003
3200
1001303
2000222
3103100
310310
1022
100223
1310030
3013100
130031
103202
2023001
2002103
31130
10022
1100003
2010320
10331
3221000
3030101
122
1331000
2020130
103022
200201
223100
13301
2321
1200002
3012200
1010330
2020001
23030
2020100
30203
100232
3300002
3201200
1300310
1300301
31022
3002120
2002022
110303
313100
120023
3002030
3000320
2200001
2010023
1002203
3000221
210020
2130200
300320
3200021
1032020
212003
33110
2003300
200300
2200013
2000102
2003102
1000100
132002
203210
3013010
301220
30122
30110
3220010
1100330
2013002
220031
1010033
3001031
22013
2002031
210320
330200
3202100
3100001
1033100
1300103
3021002
322100
30221
302
100313
1313000
2123000
3200003
2301002
22010
11003
1230020
2100320
1023020
20300
1020023
110003
202202
32021
1302200
230210
102302
21320
2220020
1100300
3031001
3030011
33200
103103
200132
30212
1302002
202010
1232
1022000
1003010
313010
1032002
222002
311003
13220
20021
3000023
2022002
1010303
212300
1220003
1303001
220100
100130
300221
230300
2021030
32003
2002130
1031
1030103
1002230
2002001
120230
3020300
23012
10202
1103000
3102002
30023
3201002
2200301
2000123
201002
3012020
2021003
20210
1200020
23000
113300
12032
2202200
2102030
20000
3001022
330002
210200
13310
2310200
3021200
2023010
1003031
20231
1100
1030013
311300
220010
201200
2130002
1020032
310100
220301
1310300
3210200
1000031
3020021
2000012
1001
2302001
30230
310031
3302000
1010300
2003210
310130
210032
31301
10310
200030
3100013
11300
1020200
1002023
20222
310103
202031
3202010
3001202
3000110
130103
310022
201023
2330000
3003200
33020
221300
2210003
2102000
3010031
12320
2030003
300020
312020
23120
3020000
1203200
1033010
202130
3003020
1030100
103301
30032
122000
103310
202013
2102300
1303010
2100302
2020301
22220
310220
301100
10031
2302100
3301010
1100303
222020
3000230
220001
10301
2030030
1203002
3003002
3000203
2210030
32300
32120
110
1002032
301010
100013
31031
3220100
303110
3200000
2000330
1010003
200
3230
223010
12302
10100
