1010013
111300
102003
30210
2001120
132
1230000
2202000
1003020
103011
3003000
3110010
2001003
2110020
2201100
2100021
1001301
300000
1032000
1220100
301020
10113
310011
2112
300120
1010310
3001011
3010110
1302
2001
211020
210012
3030000
200310
2000013
101220
1300101
1311000
3111000
2210001
300012
1021200
1003101
213
120000
2120100
1202001
231
121200
120021
1020000
1012200
123
10110
303000
230010
200031
1000311
120102
22101
3100011
20022
20031
2020101
2000112
2100102
1000032
10320
1100031
1001022
311001
2100003
2001030
3002001
1202010
2000130
3
20301
11022
3110100
1020030
102030
101010
13110
200013
12210
1122
2030010
3000
1002030
1000221
210000
120030
30003
2000202
2100012
1010202
2010
1000122
203001
3000120
300201
101130
2000121
102
210210
330000
1100130
1013010
203010
1011003
2012001
1010100
221100
300300
2001000
1102200
122001
110010
202200
1010301
230100
2030100
1120002
2200011
23100
20010
1010001
3201
30300
30030
2200110
11103
200112
2112000
103002
111003
1300110
32001
30021
101310
300111
2010000
2010300
1100100
11013
22200
1031100
1002012
1000212
1300020
300003
300
101103
101022
11202
2102010
3000102
311100
1013100
2011020
113010
312000
320010
3000030
30111
201
100011
10311
1001100
113100
3300000
1002000
2102001
30
10230
2010210
3010011
2220
1101000
2002002
2101002
1002210
12021
10011
11100
201003
10002
120210
0
300102
3000003
1020120
1200
110103
301110
1200000
1310100
1120020
3000012
1012002
2100
1203
1023
1130100
2300100
1300002
12
2001021
130110
301101
3001200
1100010
2301
2200002
102300
1200210
32010
10023
1131000
3200100
2010030
1212
20013
131010
110031
1030011
1002021
302010
2101020
10032
13020
3120
12201
202020
100320
2000220
2031
131100
120201
100131
1113
2022000
320001
13200
211002
212001
1221000
1130010
30201
112002
1101
1200030
230001
1102002
101001
2001300
110202
201012
3000111
310110
200121
3210000
103200
1012020
1103010
3100101
1000020
1011000
1003011
2103000
1130001
1002300
2100210
1010103
10221
1200300
3020010
3101100
1030101
2010012
120
1000101
113001
2020200
2100300
1000002
11130
1010130
1030110
220110
2110002
201000
2000310
321
1110000
1110300
2010021
3011010
11220
3011100
1001220
201201
2201010
200022
2000001
130002
2000100
2020011
23010
112200
11001
1320000
2300001
33
1100220
31011
1311
1002120
220200
220002
1003200
3000201
1011300
30012
102000
3300
203100
11301
123000
20130
1020201
10212
210300
13002
2010120
1210020
100212
1011
20001
2001210
1001202
311010
3001020
1200012
1021020
100203
2021010
3011001
1320
2013
130020
2210010
330
220101
3100020
1000302
131001
1220001
21000
210
3120000
20310
3111
2130
101202
1131
1023000
3101010
1201002
201021
231000
110100
202110
102210
321000
1110003
1022010
30102
2103
3012
112020
102201
2100000
1002003
2000301
200211
21021
1000203
200010
3000021
2021001
111
300030
3002100
303
102012
100122
20121
100230
3100110
1000113
101013
130200
3000210
2001102
13011
3010020
1002
111000
100032
1003110
2000211
1300200
1000230
1100103
100221
10020
1001031
103110
120012
101100
1200102
2011002
212100
10122
3010200
20103
130011
200202
300021
2011200
12003
1001310
2211000
2110200
3200010
3001110
2000103
110022
22011
1003002
1101003
1200021
212010
201120
2211
3100200
2120010
1100001
1100013
20100
1001103
202011
120003
3110001
3003
301002
103101
310200
1101300
2003010
12300
31020
2022
211200
12102
2013000
310020
201300
100002
31002
222
201210
1122000
2130000
320100
310002
110301
30120
21
1212000
220020
2030001
10101
301200
2201001
200100
200130
12000
2220000
3012000
3201000
10131
122010
121002
102120
200103
20220
10302
3021
110310
3020100
1021002
1031001
1202100
1000023
22020
31101
11031
1210200
1110030
2100030
1020102
110220
201102
2101200
2100120
210021
2001012
12120
21210
20112
302100
3002010
1010031
2000022
1001130
130101
20211
132000
2301000
3030
1000110
122100
110013
21012
1102020
302001
2003001
1210002
1103001
111030
221010
100110
213000
1020003
2000010
1000320
3210
100311
3000300
1030020
2002020
1301001
3101001
2100201
312
220011
22110
30000
1113000
10200
1001001
21102
1201200
1000200
200001
2010102
2120001
1301100
2000031
1221
3001002
100020
100023
1301010
1100202
21003
1022001
20202
3102000
2010003
2002200
102021
23001
2002011
110001
3102
102102
13101
1230
210120
210102
2200200
100302
3010101
2021100
31110
12012
222000
210003
32100
1002201
121020
120120
2310000
210030
2202
101301
100101
33000
1200120
31200
1020
101031
100113
11010
1120200
2012100
2012010
3100002
3200001
1020012
1032
1000131
1201020
1100310
1200201
1300011
22002
2121
1220010
3020001
200301
2002101
202101
21120
1302000
12030
1031010
2200020
21201
2121000
120300
2210100
1020210
11310
1030002
2020002
1100022
1001010
110130
2031000
1020300
1200003
1013001
1010010
2002110
1002102
3001101
1203000
1101030
1022100
2310
1001013
1000011
301011
201030
1100301
1020021
2102100
300210
21300
1010022
1110
3000000
1310010
1310001
202002
100200
21030
2020110
221001
3021000
2300010
1103100
10203
2010201
210201
103020
200220
1010220
2003100
2200101
1011030
2001201
310101
1030200
2020020
3010002
