1102303
1301203
3300202
321220
2023030
320230
1023310
3013000
1320301
203320
303220
1020031
2030302
133
31201
1323001
1000033
2002222
2000101
2220100
301300
1303201
302020
2022202
220210
2223100
133003
1130023
2313010
20320
121330
222031
2022220
3100330
3020113
2300320
3203200
3012220
2222020
1231003
3101203
110230
2202001
103
200101
3013201
310000
2212000
2222002
2310001
200233
3202
2200330
1230031
30130
3122200
132031
220312
1132003
320320
1000003
1003123
3121000
321013
1130203
3030220
230212
102130
102220
2010223
3000103
3301210
210220
302110
1330000
203020
300301
2010301
3133000
3201031
301123
101323
2332
2012023
322
2220022
1030003
2100313
3310210
2001130
22312
203002
2020210
1001233
3031300
1030000
2030131
3003010
113200
103231
2221003
1013230
1032301
1012033
220213
2101330
2201032
3000220
3000232
112033
220120
200122
3001210
2210302
2100301
1032310
3101002
3200110
122320
133102
3310000
1230103
310033
31033
1001023
3230110
1222300
3002320
100123
12301
323020
2101033
3121
2113000
2320102
1300003
103222
3003211
1302022
2300110
1030210
201223
11032
301201
1133200
2320201
2001331
3311020
3312001
1202020
30220
30001
120001
102310
21331
2300122
3131002
231031
130012
3021100
1201030
103003
23302
3010300
230311
12103
120313
301021
1120000
2230300
2020300
2230012
1003102
3200200
1213300
1310200
1020310
1030132
2001313
3022000
212020
110320
1301230
2021023
2030311
1002223
2001232
122230
210010
3300022
3300001
3021220
3002221
130003
302203
10
3131200
132103
3310300
322000
30313
33301
3210310
203122
3321010
31213
3030121
1000000
1302010
32230
3221020
3001213
2011
1330210
32032
212002
130120
332002
1332001
2120320
23230
2110
232300
2200030
2010010
3210202
3000313
3013012
1013002
223
3100102
100102
1123
2123002
1012030
3001303
3121300
3020302
230320
1320010
103303
1200331
300010
3031
320113
2302000
13303
2010100
2030101
3102130
2100220
2022013
20233
1222030
2301022
2021203
3003220
3310003
301210
2202100
23200
221302
1031032
310123
30112
2202010
3200302
121030
230110
220012
2023300
1000201
3130120
132100
1322002
1120030
1201303
1300231
1020331
1001302
1330030
2310022
1022002
3220003
2302030
2130103
33220
2032120
2010313
1213
1300222
3130
3103030
201322
320221
313030
3031210
2200231
123310
212203
31312
2132020
1300303
330010
2013100
3322
232012
1013020
3200002
231022
2303011
300322
2023201
230101
103012
322120
1030030
3100231
120133
210223
100213
3322000
2212300
22033
3231010
131020
313012
303013
1100320
211300
103123
201133
2220103
1012000
113020
210301
202210
322003
2310100
2010103
3231001
3010003
202231
2330011
2203120
211303
123022
11203
3203020
3132001
3030100
3100132
3001201
1231300
2032030
1213003
13000
3130201
202021
1210033
2103100
2100202
200002
20200
120022
2311000
2201023
3213100
3120031
203110
311023
2113030
223003
1301200
33310
1010023
1333000
2110300
2032201
1133002
330013
1201330
2031202
1023022
2113
1233100
3313
3020320
3303010
3022201
3021022
2301031
2102002
310
3102100
123220
201301
2033110
201022
21301
2001223
3110203
100201
330211
1201300
2022100
1020133
3201013
3210031
3002203
322201
2310010
2201230
1200133
1300201
1002130
2001010
2020330
202030
1022203
1020313
2013301
3031030
100222
3331000
202000
2201020
231301
310021
3031021
1000333
3012022
302311
211
1210330
1021330
312100
303121
2002033
3013300
1220023
1310023
1300312
132022
310312
2020000
1200130
3122020
210013
3300220
301312
2302300
1220200
22003
3222100
121300
3010102
1312003
2302201
31330
2012230
2023210
3100321
2310301
1013032
3310120
330220
1320310
203032
32320
3001102
2221
1213000
2332000
131302
331120
1312030
1300
13102
1321
10222
1102030
33001
3210103
2021320
210313
203011
10021
32212
300211
3100201
102133
3310021
321103
12310
332101
1202200
301030
2013220
3123010
123031
311032
1223002
20212
3012310
103021
2113300
2110030
302023
2300131
1030012
112330
2120032
3103021
112030
102223
1021003
101332
3211
1200001
2022001
3200032
3030001
13321
3032011
213103
2030230
1202032
3130102
3002023
3200011
123100
2301301
2000332
1032220
3022120
320212
331210
2110000
303301
21133
10321
3023101
2230000
1010032
3123100
3132010
110323
122200
233101
133030
1200322
1012303
1030201
2020201
1002103
210130
203221
320302
2010232
2010022
3302200
3300301
12322
1102300
2201203
303010
2003101
3120100
3000130
2122030
2213020
2220220
3011302
1013320
312010
33112
1033300
2310130
2020012
3212002
312013
1032010
223201
210331
3020011
1303003
1302310
2020213
2001103
3210010
212230
2122300
2320030
2010031
120100
3002110
302101
2002123
3313000
232030
1020232
3302002
1202320
2233
3003202
3211003
3020212
330112
330202
103330
1202302
31300
2023102
2010331
2130031
1010233
3300031
12133
331102
323002
1203103
300013
202312
310300
1302301
220330
1033012
3010120
10312
31321
330121
2101303
1003003
1003021
221200
200221
2100010
13003
3100300
3120022
11020
3101032
213220
2002300
33103
1013302
10033
3223
3103000
3300103
13312
230230
303103
30322
3212020
3102301
131203
1203100
2000323
1010020
3202102
211003
311230
1033000
1102033
200332
2021032
3021103
3220300
32110
1132000
202300
1301302
1010200
1010320
2030011
2312200
1000303
3001003
3100120
3011020
113203
1331002
2310202
1303120
300313
130
3101230
2033101
2012032
2010130
133000
10300
3221200
230131
3010132
2212030
1310320
3310
222022
313201
3211030
32131
1103230
1103302
2002303
2100322
2013013
20332
3112030
3023002
2032300
2303200
1031203
1002133
1000132
3232000
231310
2023003
300022
213100
12220
2322010
2200300
1320130
1031023
3330100
3320020
2203300
2232100
230200
2103103
100
201013
2220013
203302
232120
1330012
3120301
203212
311020
3001312
2330020
1230010
2001133
2003122
13201
3002101
2231002
2321002
2210002
3023020
3020032
3030031
1220320
2201200
332011
300121
323200
2020003
2323
1001323
310231
23110
2033002
1021033
3220102
220000
3202120
213001
3013102
3010222
3300112
2203000
200200
2010013
131230
3312010
1102003
2012203
321202
333001
1123003
33202
23032
3023200
1300030
2110033
212320
23212
1203202
1202002
3013120
22210
130231
320110
2023000
1003330
2012320
3000310
3100213
121303
2232010
123202
2212
2100232
2300311
2031013
1002100
1002301
22123
2003200
110203
100231
2210020
203230
1302001
1300210
3312100
310132
100000
2300200
2130202
1301320
2100100
1031020
1320031
1200310
3020023
13231
103030
1203010
1303012
1031002
2002231
301102
231013
210202
2002030
2200312
32002
1030231
1330
2203
21313
1302103
302032
2011330
3010213
2201320
2103202
1100203
3030112
2301220
2000320
1200223
1022230
3031000
3110230
301330
2013310
2000110
3000010
122203
100033
230122
202123
23011
201001
110200
2322100
1120330
31303
2022010
3202012
122032
220303
2130013
2203210
2100331
2300212
2012020
1030120
3120010
3023110
303211
132013
320311
1310230
2230201
2310031
1023001
3100003
131320
1230202
1001203
3220201
301231
2311300
2321020
2102200
30232
103312
1021
2132200
3021001
1010323
110302
13021
1120300
1102000
20002
2001001
3222010
3000013
233200
330103
2010202
3230020
312310
312031
3301021
2120200
2101300
2302120
202003
3120013
220102
2011300
310213
2130010
1303021
2012302
122302
333010
2220310
101200
2232001
301303
23023
3110023
133120
213013
3112
313003
100333
132310
3010012
22231
3001012
1032022
323101
2302210
1200010
200023
220201
32221
3110320
1012
2330200
1300330
300133
1300123
1002313
2302
220222
2330101
1103200
2000200
1200013
30310
3033001
3012103
2102023
2022022
120331
120202
202102
3011203
322300
1323010
1233001
1023103
1001230
3300013
1232200
3230011
1322020
2223010
300031
31000
212032
2202220
20230
2001301
3000202
123013
223300
2020303
3003001
120013
1321003
2202202
200230
3002032
2122003
1120003
22330
2013202
2000122
1202203
33013
2001031
330310
2210320
2301100
3202201
130132
2200012
2020123
2020102
20020
2000311
3002113
2010310
123103
231202
200113
12010
3000121
23113
2200033
300310
1200103
1032130
3003022
231103
320200
302113
1201003
33010
2011033
2020312
2020
13222
32200
1022320
12223
310012
13012
2300302
1103320
1023031
221230
133012
201313
101230
2033020
2213002
103000
1203013
2033011
331
1023301
1032103
1020103
3002131
2320003
1100020
222013
3020311
1100023
2013031
3001033
113320
201010
2310220
1012330
1010230
3120001
3002020
232210
113023
10201
202303
1032013
23002
1030222
2003212
2001013
2022031
3222001
200212
220003
1103203
3102001
1030321
2001022
331003
2003002
200032
1100002
1023130
1020322
1003
3100000
130021
3000112
303001
100303
200302
1002220
130222
3301000
1023013
3013030
1130020
300232
3210301
2003320
2010133
3010303
223102
220123
2212003
2202130
2031031
1002331
3012301
2313100
2220301
1100233
3000031
101023
1001332
130201
120010
3020131
3022210
1300300
1320202
2102020
2200201
3220012
131023
101002
3310012
332200
1123300
2321200
2030203
2030212
122002
33022
1002310
1002322
213301
21220
322030
2230003
2031100
2032012
20101
3010123
21310
1210000
2203003
330130
1301023
1000330
3202021
22132
302212
1220032
103033
2200021
23020
3100033
230113
233002
2210203
302230
3121030
222130
131002
1300033
3002302
1023010
3232
133201
3012001
31102
2221000
1310302
202213
2301010
3230002
2200123
2023120
3213001
3011023
2200213
3202210
312001
213310
203131
313000
1313200
2123020
1230013
20302
3120310
3031120
1210
3012100
13132
1303030
2030320
1003300
2031301
2001202
1033
1220230
310030
2301013
3001330
132202
3022021
2200003
332110
1232020
1030300
203101
3010231
3302110
3300121
1313020
3030130
3003103
103321
100012
10132
1120
1300000
1022032
221002
201130
3301003
320011
1210030
2120023
1202230
1003312
130102
102202
321310
301213
2202310
1010332
211030
110233
301012
223000
1303102
2201002
300001
2001100
3102103
2030002
13030
3220030
3210130
3200113
3311200
11320
331000
1200220
1000021
3112003
3210001
3200311
1201000
2021200
2032021
3002212
2131003
2030023
331012
1303210
3103012
1100230
1003132
3230101
2100103
1001002
3001000
2300221
2000032
13033
3012130
1020013
131032
1132300
2033200
2203102
2000002
1033102
2030113
3011200
102331
13120
1230100
3110020
211033
101320
2011003
1001032
3030103
323110
1231
33211
310303
1120303
3201022
301000
200203
33100
3200320
11302
3032110
2000023
3102010
3331
2000221
3320011
120130
3301030
3320101
10210
2200321
1013023
1033021
2003011
1000231
3022300
2002330
2103031
133210
1321000
1232002
1021000
2003221
3002002
100312
1123000
303022
2100013
222301
2302012
331021
1330300
30031
120301
201031
1331200
2002003
23203
2002012
301120
1203301
1301020
30331
311002
2210200
2300002
2002312
123130
3021301
2200000
1230022
2320012
2031103
321001
3100222
21001
2131000
3010000
3202030
113002
12001
330100
330022
1302013
300223
302302
1033120
2022310
222100
221203
3021010
2320000
330301
2203021
2021002
3010030
3011230
2120230
3010033
3003301
3101302
3031012
2012200
32023
1010002
2002021
3000133
3010201
230032
22300
1000120
3112300
12232
10102
2011030
212023
3012031
21223
1001320
2003131
310210
103102
311203
1220002
302320
1031320
10333
1003210
130210
22120
1033030
320203
2102032
3320002
220033
2301001
1032202
2011303
2022301
3203002
300130
1031200
2030221
2000011
3103201
3001120
303310
2002
3030022
201331
22021
3031201
123001
120031
2203030
203200
302002
2012002
3230200
3102022
2133001
3211000
3020020
231001
2130220
2010001
32122
2131
3003121
2103001
3102031
123010
322021
11332
2100310
303112
2100133
2300101
1033201
1010203
3033010
13213
313300
1210303
2102203
3220
3210220
1223200
2032210
30022
22321
302131
33121
2311003
1210300
2320120
230002
3110302
3003013
1020100
3103300
3201202
220231
3020101
3301120
1023220
210133
310321
3302020
21010
1330201
2130022
303130
1302202
1201033
222001
1030330
230023
3001222
3022102
203023
2003032
1022302
1000321
3130003
1203310
2002132
3001
3032101
1312
232021
132001
2003020
2020120
2002321
3102220
3103210
213010
313120
1230301
213022
2002000
1100032
2021020
1000312
2013130
322012
2312002
1030303
2310013
1031302
1020220
1020301
2020231
2001322
1030
1002001
12130
1230001
3201103
213031
3013210
321301
1302100
3032002
3122002
1303000
2200303
1301032
1013200
1021030
2032
3030202
201220
23101
2021230
3030010
1320103
2120203
3101320
11002
2120002
1100302
2022103
3200203
3020002
102022
33031
3100123
221023
202321
3020110
23311
1223020
301003
1000
210103
311302
302221
2320300
2300023
3013
3022003
10012
223030
1313002
1003303
300103
132130
101020
2331100
3112000
120322
2201302
3003310
3101023
2222200
1032001
1
100210
312202
310003
3100210
2230102
2310103
2230021
2103301
2302021
2000203
3010330
3201310
110332
31021
30121
1003321
20011
1330003
3020230
2331001
3031003
3221002
231130
22102
3002011
3320200
1321030
2030032
2130001
23320
2010220
3030310
2102320
3202003
32113
3000001
12013
310330
1003231
3121003
3011032
301222
200011
3022012
1321300
2013022
1000213
3003100
3101200
3201220
312220
12100
1002013
3000331
210031
3013021
22222
10120
13300
3231100
202201
3303001
103300
2003302
11230
1312000
2203201
202
1003033
211330
122020
200110
320131
31132
3100012
3200230
2110303
2103013
1301002
300112
2220010
1200100
3200131
133021
3300310
11200
22213
2131300
1230310
1003120
3301
201100
313210
101203
3020221
1303300
2303020
2320210
1003000
3210022
210001
2213200
2301310
1302130
2102230
232102
120232
11233
3302101
130030
1330021
2103220
1002232
102001
3310201
1032100
30223
3200212
220021
3301300
2202301
200320
1300213
3030301
3021031
20221
2130100
3200023
2020321
100021
3001321
202120
2122000
2120020
1003030
202033
2200102
1030021
1103002
20032
230221
1332010
2032102
1030312
1001020
110002
322210
3201001
112300
2130310
2120302
2013010
2002102
3010
301
102010
3012202
2103310
3300100
2002213
3002200
1332100
1213030
230020
2103022
31030
1333
311320
1130320
303100
3213010
113230
120220
102031
3301201
2331010
130300
2130130
2110003
113032
3310102
2220031
320002
1302031
32020
3110002
132010
2102302
2023
10213
3003112
2300020
3203101
331030
2130301
2021302
22030
2003113
232201
2101030
100030
1033210
311200
310222
2221300
2302102
1200202
1200022
1003222
31210
2301103
20323
232
3130300
301132
2230120
223120
1220203
2000230
32203
202012
3113002
231220
3021130
3010021
303031
1103032
3020122
3001021
1231030
1220020
3030013
3200221
230011
3001123
2210023
3110032
12313
302011
1330102
2000020
1020010
3020203
21202
202330
2200132
1300012
32302
2301130
1203001
3103
130213
321100
301321
2313001
2110330
2100022
3103102
1102330
2020132
3022
2003230
21031
233110
3021310
232000
1310032
2320021
2202103
300220
2300113
1002031
210310
12331
1310203
2031010
2020030
2203012
2011000
30010
1000012
21100
1120033
2003023
1002022
3113020
210232
223021
130000
1322200
2230210
320023
203203
3101020
1100200
3100
2231200
2311030
2302003
2330110
2103010
1000300
3300211
1130230
2100031
1012003
30202
10003
103213
1312300
130033
102301
1230220
220030
22012
2022130
3002230
222220
1233010
1130032
302200
303202
1000030
2020222
102013
1330120
1203220
2202031
1031230
2000212
3001300
133300
2030200
30301
10000
3133
221320
222310
132301
100120
321031
302122
2220202
2001310
220
2000131
102232
3310030
3022030
12022
3301102
2303101
1202023
3212200
310102
22201
1130302
320020
2202022
221032
200131
322102
1003012
3100030
3002311
2300230
2200210
2100223
1002202
1003201
103132
2303002
1022023
13123
3001132
2122
2101000
2301202
3032020
202132
3320110
32011
232003
2220001
301033
2200120
3102013
1020223
20203
3223000
3000301
2230
2002210
131200
3021202
1220302
1320100
320032
1300120
30133
21103
31222
1001200
2323000
2300032
2000233
1002010
313102
1032031
1010302
2002120
312130
2001220
3210013
200020
1000123
3203110
222010
30211
1133020
30013
3220000
3201301
20131
1030213
2010322
3120103
212200
2031310
22
3220210
210322
310201
1222
31
130321
201202
3000100
3000322
31123
1013203
1021303
1030102
3321001
1123030
1210003
1200232
3300130
3012013
1022200
3130030
222202
223012
2023021
112000
13210
1320001
2303110
3011320
312301
312022
3023011
3010210
2032000
2312020
22000
3210100
213130
103210
1020001
3000223
1230130
2202013
222103
321130
2031220
3120130
3102310
3200122
3300010
310120
20110
3330001
2322001
2000113
3132100
3130012
321022
23122
1030123
112003
21130
10231
233020
1331020
230203
230302
2300203
2020021
121
2200
231100
120310
110020
102100
2123200
330001
2003110
3110200
12031
3301012
1201
1300102
2300011
210100
101233
320101
31012
2132002
2223001
3103003
21322
3031102
22303
1303
102322
21022
3130000
231010
210022
101302
2113003
3220021
31120
1302220
2133010
2101003
2013103
1000210
313021
3030211
1200031
2003311
2133100
130312
110023
203113
3321100
10123
1100332
2031130
1020202
3202300
120223
220321
20311
1320013
3013003
3220120
3002122
13330
11023
21013
3302011
1130002
200323
213202
2101
2330002
313
3211300
3001030
221020
3011002
100321
3311002
2310310
1320022
1300132
1023202
3130021
102103
312103
11323
1132
333100
2131030
3202000
3113200
3000022
3330010
21232
331300
2210230
300202
3020200
3200020
3203011
1222003
100300
1021300
3303100
2032003
2003203
1203022
2023012
2030110
12202
1030033
2100130
3102202
110032
2200222
1300021
3130210
3100312
112
2020033
2320
2002201
3001231
32101
1320220
1003213
1000102
3010321
332020
10303
223210
202222
23131
130303
1310002
100330
100003
3200101
212302
121000
211000
1231000
10330
100132
31231
1130200
2030020
1103023
102313
201232
103201
1020130
1020022
3120202
3201010
2311
2231020
20023
3033100
130123
321010
331201
1100323
2100001
2031022
2031001
203311
323011
330031
300100
101032
1103020
2103130
3012010
3032200
3120220
3201130
1102
3000211
1310020
31003
3201100
122023
121003
320122
1023100
201310
220300
30103
3123001
3100303
103120
1033003
3021013
20122
112303
123301
2220130
2210032
1012300
10030
3003130
3100021
2000302
33130
233011
1323100
1200301
3010312
23221
3103120
2230030
300331
1022020
2013001
30100
3131020
1203031
121033
220132
2233000
1132030
1200313
1300321
1000222
1222000
1203130
130330
2030122
13
3003031
120103
20113
2221030
113302
201103
132220
200311
32311
