221001
3021000
2300010
1103100
202002
100200
21030
2020110
103020
200220
1010220
10203
2010201
210201
310101
1030200
2020020
3010002
2003100
2200101
1011030
2001201
1010013
111300
1230000
2202000
1003020
102003
30210
2001120
132
3003000
3110010
2001003
103011
300000
1032000
1220100
2110020
2201100
2100021
1001301
301020
10113
300120
1010310
3001011
310011
2112
210012
3030000
200310
2000013
3010110
1302
2001
211020
101220
1311000
3111000
2210001
1300101
120000
2120100
1202001
300012
1021200
1003101
213
1020000
1012200
123
231
121200
120021
303000
230010
200031
10110
3100011
20022
20031
1000311
120102
22101
2100102
1000032
10320
2020101
2000112
1100031
2100003
2001030
3002001
1001022
311001
11022
3110100
1020030
102030
1202010
2000130
3
20301
101010
13110
2030010
3000
1002030
200013
12210
1122
210000
120030
30003
1000221
1000122
203001
3000120
300201
2000202
2100012
1010202
2010
2000121
102
210210
101130
330000
1100130
1013010
221100
300300
2001000
1102200
203010
1011003
2012001
1010100
122001
110010
230100
2030100
1120002
202200
1010301
3201
30300
30030
2200110
2200011
23100
20010
1010001
11103
2112000
103002
111003
200112
300111
2010000
2010300
1100100
1300110
32001
30021
101310
11013
1300020
300003
300
22200
1031100
1002012
1000212
2102010
3000102
311100
101103
101022
11202
312000
320010
3000030
1013100
2011020
113010
201
100011
10311
30111
3300000
1002000
2102001
1001100
113100
2220
1101000
2002002
2101002
30
10230
2010210
3010011
1002210
12021
10011
201003
10002
120210
11100
0
300102
301110
1200000
1310100
1120020
3000003
1020120
1200
110103
1023
1130100
2300100
1300002
3000012
1012002
2100
1203
12
3001200
1100010
2301
2001021
130110
301101
10023
1131000
3200100
2010030
2200002
102300
1200210
32010
20013
131010
110031
1212
302010
2101020
10032
1030011
1002021
202020
100320
2000220
13020
3120
12201
2031
131100
120201
2022000
320001
13200
100131
1113
1221000
1130010
30201
211002
212001
1200030
230001
1102002
112002
1101
2001300
110202
201012
101001
3210000
103200
1012020
3000111
310110
200121
1003011
2103000
1130001
1002300
1103010
3100101
1000020
1011000
1200300
3020010
3101100
2100210
1010103
10221
113001
2020200
2100300
1000002
1030101
2010012
120
1000101
11130
2110002
201000
2000310
1010130
1030110
220110
1110000
1110300
2010021
321
3011010
11220
2201010
200022
2000001
3011100
1001220
201201
130002
2000100
2020011
1320000
2300001
33
23010
112200
11001
1100220
31011
1311
220200
220002
1003200
1002120
102000
3300
203100
3000201
1011300
30012
123000
20130
1020201
11301
210300
13002
2010120
10212
1210020
100212
1011
3001020
1200012
1021020
20001
2001210
1001202
311010
2013
130020
2210010
330
100203
2021010
3011001
1320
220101
3100020
1000302
131001
1220001
21000
210
3120000
20310
3111
1023000
3101010
1201002
2130
101202
1131
231000
110100
202110
201021
321000
1110003
1022010
102210
102201
2100000
1002003
2000301
30102
2103
3012
112020
200211
21021
111
300030
3002100
303
1000203
200010
3000021
2021001
102012
100122
20121
100230
3100110
130200
3000210
2001102
1000113
101013
3010020
1002
111000
13011
1300200
1000230
1100103
100032
1003110
2000211
10020
1001031
103110
100221
1200102
2011002
212100
120012
101100
3010200
20103
130011
10122
1001310
2211000
2110200
3200010
200202
300021
2011200
12003
3001110
2000103
110022
22011
1003002
1101003
1200021
3100200
2120010
1100001
212010
201120
2211
120003
3110001
3003
1100013
20100
1001103
202011
310200
1101300
2003010
301002
103101
12102
2013000
310020
201300
12300
31020
2022
211200
1122000
2130000
320100
100002
31002
222
201210
310002
110301
1212000
220020
2030001
30120
21
10101
12000
2220000
3012000
3201000
301200
2201001
200100
200130
10131
200103
20220
10302
122010
121002
102120
3020100
1021002
1031001
3021
110310
11031
1210200
1110030
2100030
1202100
1000023
22020
31101
1020102
110220
2101200
2100120
210021
201102
302100
3002010
1010031
2001012
12120
21210
20112
132000
2301000
3030
2000022
1001130
130101
20211
1102020
302001
2003001
1000110
122100
110013
21012
1210002
1103001
111030
213000
1020003
2000010
221010
100110
3000300
1030020
2002020
1000320
3210
100311
1301001
3101001
2100201
30000
1113000
10200
312
220011
22110
1201200
1000200
200001
1001001
21102
2120001
1301100
2000031
2010102
3001002
100020
100023
1221
20202
3102000
2010003
2002200
1301010
1100202
21003
1022001
23001
2002011
110001
102021
3102
102102
13101
2200200
100302
3010101
1230
210120
210102
222000
210003
32100
2021100
31110
12012
2310000
210030
2202
1002201
121020
120120
33000
1200120
31200
101301
100101
1120200
2012100
2012010
1020
101031
100113
11010
3100002
3200001
1201020
1100310
1200201
1020012
1032
1000131
1220010
3020001
200301
1300011
22002
2121
1302000
12030
1031010
2002101
202101
21120
2121000
120300
2210100
2200020
21201
1030002
2020002
1100022
1020210
11310
2031000
1020300
1200003
1001010
110130
3001101
1203000
1101030
1022100
1013001
1010010
2002110
1002102
201030
1100301
1020021
2310
1001013
1000011
301011
1110
3000000
1310010
1310001
2102100
300210
21300
1010022
