3320100
3210003
3010200
220200
2300022
2100003
3001203
330201
3120000
2000301
201330
21003
3000003
3030012
20100
3021003
3033000
3210300
1330020
3003000
1303200
130032
32031
3023100
1030002
222000
123
3030102
2003010
1000203
33003
100203
200031
23031
2031
2320002
3303
2002302
130230
32220
1230000
2202003
3100002
213030
10230
1302
1302030
3030120
2001300
3002301
23310
20310
300303
1200303
3010032
2020002
100023
21030
1300230
2300310
203310
303210
200022
2013000
2033100
3230010
202200
22200
120
1320003
3003300
213300
3022200
321000
31032
30321
3300210
2003100
310203
301002
2130
2310300
2300301
3001032
312030
230031
10323
3130200
2020302
2300013
102330
302301
2133
3231
2020032
3002103
3000132
120300
300321
32202
3330
13203
30021
2220300
303003
333
231300
310302
301032
13002
100020
33210
1320
300003
1000023
133200
3200220
3000030
100200
2320020
3200103
2001330
2010003
20220
2130300
200223
1230030
2300220
1002033
2020320
3003210
232020
203031
1020
1003200
230202
230010
3100302
1300020
2003001
301200
3213000
303030
2030103
1003203
2031000
3000000
2001000
210030
201303
13302
3002130
2000202
1200300
1023000
3000120
300102
200220
1203003
300300
120000
3000102
200313
1303002
3012030
2003013
102000
103023
23100
12300
230310
130203
330102
300120
2230020
3002001
123003
202230
30033
3003021
3000222
2133000
3320010
3200301
3010302
230022
10233
203022
200310
3202020
301302
2203002
3200130
2030010
220032
3200031
2030202
30003
200331
2232
2303100
2200032
1230
3102000
23202
30120
1302300
230100
2003022
1323
2223
2013
3013020
323001
12
2022
213
3300021
3001302
3001023
310023
21303
203103
2300202
3200022
2001303
3002202
3002010
2030001
312300
2002203
323100
303201
300123
3312000
2022030
3000123
133020
133002
2331
0
223002
103200
301203
13200
10203
330003
3032010
2002032
233010
2200302
3100023
2013300
3021030
300033
2003301
2000001
220302
100332
330300
2200230
30000
323010
303012
3130002
3103002
200133
3302010
120030
301230
1032
1300320
1023030
23022
3220200
3302001
3000213
30330
130320
2320200
2203020
3021300
1000032
310230
10032
3301020
2010330
2030310
200010
23130
1020303
300
222300
321030
32022
3330000
230130
3021
3000300
3012000
1003302
1000020
2100000
2010000
330210
210303
12303
2313000
3103200
2301003
3000303
2030031
320301
320031
300132
3132000
2010303
2003220
332100
320103
213003
13320
22230
30012
3030030
3100230
3000
303
310032
3220020
3300012
2010300
102003
22320
1200033
3000012
31230
2220003
3022002
201000
3001230
130302
201030
31320
1233
3030210
3021000
2020020
10320
123030
210330
1302000
3201003
200130
1320030
3032100
3012003
1002003
1000200
1030200
3002031
230301
332001
310200
310002
320010
210033
303021
1332
2322
2202000
3031002
1002000
2003310
331002
1200330
2030100
102030
3020010
2302002
202302
100032
100002
1200030
2100030
2023020
313020
313002
3202200
301023
2010
3231000
1020300
2130030
3203001
3200013
313200
220020
3300000
3003
330
310320
320022
3032001
3003030
3020100
2010030
2000130
12030
33012
3012
2301300
3000021
331200
222003
31200
2003031
31203
3020130
123000
3003201
2000100
31020
2103000
2031300
2022003
203130
12000
13023
3102030
33300
2020200
2030220
1000230
3030201
3100320
3020220
2003103
1200
1300032
1032030
31002
2322000
1032000
1003032
203202
200100
2302020
232002
202320
23013
2103
3000312
102
3320001
330021
1003023
1230300
1003020
2000103
231003
2200020
3030
2000331
1030203
10200
3220002
20130
1203300
3200202
232200
320013
2202
3230001
222030
300210
1230003
300030
201033
30
1200000
3300030
3001002
2000310
3000201
2301030
2200203
20232
20031
3222000
2032200
2000133
33201
2220
3301200
2000313
2000010
120003
103302
220002
100302
3210
2220000
3300300
3130020
2031003
2002200
1300203
203100
333000
3300120
320202
320310
202002
3022020
2000022
300330
2001003
312000
332010
20022
102033
3030003
1302003
1033002
1030320
102300
302031
30132
2200320
1033020
33000
320220
303102
231
2030130
210000
1030032
1000002
220230
31023
2100
2300100
2033010
213000
303120
3203100
2033001
32001
10302
2302200
2303001
1023300
3023010
120330
33102
2000223
21300
3132
1030020
3000321
12003
10332
1203
1320000
3020031
331020
202203
130200
302022
231030
312003
132003
103230
1000302
322200
320130
3300201
1020030
2013003
1000332
330120
203301
30210
2313
132300
23103
20013
330000
3
123300
223200
13032
3001020
200232
2310
2203200
3100200
3010320
3010023
1002303
200322
2330100
3003012
3023001
1320300
2030013
2030022
302100
302013
10023
22002
1203000
210300
310020
3200010
2031030
100323
2232000
2230002
3310002
3201000
3302100
20103
23010
3102300
3200310
302001
30312
2000232
220023
12330
210
2130003
210003
20322
1020330
2301
3201030
2013030
2032020
3001320
13230
30123
2303010
1300200
2002020
233001
3002310
1300023
3000231
202032
230001
3310200
2330010
3103020
2200002
32100
1032003
1203030
120033
21330
1002
3120003
1020033
320001
203013
103002
300021
2200023
322002
23001
2100033
2001030
31302
2223000
3020001
233100
301320
1303020
1002030
33120
3300003
2032002
130020
2220030
3000033
3002013
1000233
103320
3033
321003
201003
201300
302103
20010
3102
2331000
30030
2330001
1300302
2103300
3202002
3010230
10020
20001
1323000
303000
3012300
3031020
2000220
2103003
30303
100233
3123
3010203
223020
32310
203220
3120300
3100020
1033200
1003002
132000
201
30201
3310020
2023002
2020203
3003120
2002002
3030021
1020003
22020
300000
2300103
1200003
3013002
30300
20301
2002230
21000
32301
1300002
3300
231000
230220
32103
20133
30222
2202030
2300010
1030230
1000323
203001
200301
32130
3312
2310003
2100330
2000322
2000031
200103
1023003
3002220
2001033
103032
30102
202020
2202300
2300130
3003102
2000013
102303
1233000
3230100
3102003
1020000
3020013
300231
3303000
3203010
2001
132
1002330
302310
3201
3120030
3020103
21033
2022300
330012
20331
222
2100303
2030301
2020023
300201
20202
3000330
2023200
1330200
3000210
230103
300213
32010
3120
3002022
203010
2103030
3010020
322020
3201300
2003130
200013
32013
200001
3003003
3020301
1030023
2002023
1000320
302130
2310000
3210000
2310030
3100203
2300031
330030
33030
220320
3213
1332000
2301000
1030302
3321
220203
3020310
3010002
3001200
100230
3321000
3301002
2200200
3200100
3020202
2230200
3031200
13020
321
1330002
302010
23220
21
2100300
2300001
120303
12033
1023
3200001
2020230
1003320
320100
22032
2003202
130023
300012
22203
22302
3100032
2022000
1032300
300222
302202
30213
3222
2130000
3030300
2010033
2002320
302220
202023
20223
20313
10002
3030000
3300102
3013200
3002100
130002
33
103203
312
1002300
321300
301020
33021
230013
300312
200202
23301
303300
3020022
132030
100320
30231
1003230
103020
3123000
3210030
22023
