3002032
322300
1330
203230
301003
2032000
1030003
310033
2002
3301300
3202003
3300010
300031
13030
2302
3000100
330202
200200
3310
3223
3203002
3020023
302023
3002020
1330030
2302003
3020032
313030
303022
3100
313003
32230
1003033
1030
3310000
2200300
3031300
3003301
2002030
3000301
331300
202330
2300320
3020230
2020030
230002
330001
303001
10033
2023
1030033
1000033
220033
302200
300220
300232
300022
31030
3202000
3300301
3033010
3100330
230023
22
3032002
3010033
3030022
2003302
200020
1303003
3023200
2023003
22000
30220
3301000
2200330
302230
1000303
203302
3320200
2302300
1003030
2000302
2000020
323020
230203
22330
2200000
2200003
1003000
3030301
233002
322003
320023
202300
3303100
3013300
3030202
22300
3013
13300
1
3100300
3032200
3010303
3002023
303103
3301
1033
1303300
2003230
2000323
3000013
3133000
2200033
3000130
20203
30301
30001
3030031
133300
332020
33130
23002
32002
3013000
3031030
203023
3031000
333010
23023
3031003
3020203
2000200
202000
1300
2203000
2200303
2023300
3232
2000233
3000223
303010
3133
2332000
1033000
3013030
300130
200032
3330100
2020330
3030013
100000
232003
31300
1330000
3300310
2003200
2000032
130300
302302
10300
30313
2300230
2300032
1300003
300013
2300023
3010000
3003100
2032300
3001003
202303
303031
3220300
3130030
3330010
23230
31033
3003013
223030
13000
2002303
3000220
3220
3313
3203020
3300001
1003300
3022003
2030020
33103
2303200
3300031
1033003
2030203
3030001
3000010
3200023
3003010
3003001
30100
30031
2300002
322030
300331
301
3022300
2003020
303220
300313
31003
3300220
3003220
320230
3000310
203320
1000330
332200
333001
301030
203032
20233
30331
3200020
2000023
330130
130033
200203
1000000
2320000
223300
2033002
2000203
301303
100300
23320
3303001
220303
203200
2033020
302002
10303
2230000
1030300
3020200
100030
130
1300330
3030100
3030310
33013
3200032
3010003
3000232
3300103
1030330
1000003
310030
22030
3330001
3202030
3302020
1000
302020
302032
3200230
2300203
330301
30130
3313000
1330003
23200
2323000
3130003
20200
10
2303002
3302002
2300302
3002320
303013
33022
10333
1333000
2320030
2030002
200230
100330
100003
2230300
3300202
2032030
2030302
2002000
200323
31
2302030
3303010
2023030
20302
3320002
3020302
232030
3200203
3300022
330010
31330
3310300
1303000
1300300
3000322
133
1030303
313000
2233
1300033
3023002
3033001
2002330
220000
103000
303310
22033
3223000
3022030
3020002
2230
133030
303130
200233
30133
220
3001300
320200
13330
300010
3300130
3002002
3000001
3003031
302203
10003
3100000
3301003
3002302
2030230
202033
202003
3232000
3200200
3100033
2230030
3000313
1000030
233200
330103
30022
103303
1330300
130000
320002
100303
33010
3331
322
2203030
2020003
300223
232
2233000
2030200
202030
310003
100033
2303020
2200030
2000320
233020
331003
300133
3230200
133000
223003
2033200
2032003
22003
30103
3103000
1003003
33100
322000
333100
33001
3230002
2300200
3030010
20020
2320
3100030
2003320
2003023
323200
332002
330310
303100
3103
3200320
3010300
3001000
100
203002
30322
2330020
2320003
3020020
2203
3220003
320203
300202
3220030
1300030
3030220
3310030
3100003
1033030
103330
32200
33220
2203003
2003002
3000331
3202
331030
330031
1303
223000
320020
13303
33202
1303030
2030320
2003203
2030032
130003
33031
130030
30310
1030000
2020300
2000230
330013
20032
3220000
230320
310303
3003103
33310
30013
31000
331000
220030
301300
323002
300301
2330002
3300100
3200302
300001
331
2030023
232000
232300
203020
200332
23203
2323
103
3310003
3013003
220330
2002300
32023
310
1300303
3200002
3030103
301000
303202
2020
3130300
3002203
133003
300322
3032020
2000332
220300
310300
230032
200302
223
320032
301033
200002
32032
3130000
2300020
300100
303301
100333
3103003
1033300
2003032
31303
20332
20023
3331000
3301030
300103
2302000
330220
3022
320320
3100303
3033100
3001303
3003022
103003
32020
1003
3322000
2020033
1003330
23302
30010
2230003
3020320
3003310
3001033
130330
3031
2023000
130303
2200
330022
1333
1300000
2203300
1000300
13003
3322
1030030
330100
23020
2330200
3000202
203203
1003303
230302
20230
20323
3103030
3030130
3003130
3000031
310000
310330
320302
32320
3202300
3003202
2002033
22303
3001330
2002003
2000002
301330
300310
3230020
3010330
2020303
200023
202
3010030
313300
302320
3103300
30232
10030
2032
13
2320300
3300013
103033
10330
30223
3320020
3000022
10000
30202
3130
313
3001030
1000333
103300
3203200
3302200
3022000
3000103
220003
200320
3001
230200
230020
103030
32302
33301
23032
20002
2332
3002200
3000133
230230
32203
13033
20320
3010
2020000
3023020
3002230
