202300
3101002
3000130
3020002
2010100
2002210
2020
12001
2102200
2100310
2003101
1200001
3220
320011
31120
31012
11002
2000200
2300110
220
123001
110020
1103200
1010002
10033
3001210
3100000
203200
2101030
3001030
2100022
31003
101023
101020
3310
220000
32200
2001001
200110
21010
2101000
3000013
2001010
102100
2310001
2003020
200200
2012200
1030021
220012
100030
1012000
2001022
133
1030003
11230
22102
121
120010
10312
10
231010
1000000
2110300
3120100
1003030
200020
22003
103210
10012
303001
200320
2021200
1312
1000033
101320
1132
10300
100
1222000
2203000
130120
102022
321100
302110
202201
3001300
1203010
3101020
2000110
10201
302101
2010031
122002
2200
2320
202012
1123
103201
20212
3300100
2010310
1020103
210013
202102
3211000
20230
20131
2220100
3020200
2130001
201310
301210
12103
2300200
2102020
1021030
1003102
1130002
1020220
2000221
20113
200023
1032010
3001
12031
2221
1230010
1203100
1030120
23101
211
31030
301
2000011
221020
2010301
120031
103102
203011
133000
1231000
3000202
1032100
3010021
220120
2100130
3010012
103
1030000
3201010
2100031
1002310
3000112
300103
30022
20302
30202
101203
3002020
300001
212020
303100
2000020
10030
3012100
1030
13210
1330000
3020020
2101300
1020022
2302
1022200
102310
12202
1300021
30103
1020031
3020011
1001230
1003000
3200101
1103020
1120003
3000310
210202
310000
1033000
2030002
2301001
2022100
121300
2301100
2010013
211003
1012
3000100
1100320
1000303
213100
32011
1222
1003300
2202010
1100203
2020210
12010
1310200
1300201
2300101
3013
1231
112
3012010
1303
1001002
2103100
1200100
3000301
1300012
3100012
1013002
1210
3121000
130030
3120001
2230
120202
201010
1200013
2010001
10222
2020300
1100302
2031010
131200
3030001
2000230
2001103
2001013
13
103000
3202
2000122
210010
100201
2210200
3010300
3011020
121000
21103
10102
2101003
220201
23110
1130200
1001020
103021
1030012
1000
2230000
2100100
100003
1021000
1030102
2020201
2130010
3200020
3201100
130021
2002300
1000030
2020000
2120020
1300120
301102
32101
1021
1230001
202030
113200
100330
130003
1310002
20002
1201030
2212000
2100220
1200031
2002102
321001
220021
2203
100012
130201
101230
1300000
30130
310
3030100
212200
301012
13030
30100
221002
202021
11203
2002003
2000023
310201
12310
12013
10210
313000
300022
1220002
3003100
1023010
130
102031
3210001
1001200
1003012
30112
2103001
2201002
3000220
231001
312010
12130
1100200
200302
2031100
2010103
2030011
1002022
213010
2101
1310020
1320001
1203001
3003001
30301
30001
2300002
3110002
1201300
120103
200011
2200003
2202100
13300
223
221200
123010
3130000
2100301
120310
210031
22012
3003010
1002010
222001
110002
21001
3013000
2021020
2001220
1001203
21310
223000
2302000
1012003
3130
313
311200
3031000
200002
2000113
20110
1321
2002030
33010
1010200
300010
3301
3011200
200230
100312
1120030
2000320
3010030
3000121
320101
2120002
1100020
2000032
1010023
1202200
10123
3000211
1000201
112000
200122
21031
2131000
2020003
303010
1020202
1003210
312100
20221
1120
230200
311020
102001
11020
2300020
2010022
2020012
1001023
2000101
2320000
320200
2200120
1032001
102301
131020
130102
20101
1301200
2013001
21130
13012
31300
3100120
1002301
1002013
1000321
101200
3100300
1301002
3000022
100120
210001
11320
230002
1300003
2031001
3001120
1001032
3001021
3100201
2000131
200311
1303000
230020
2030020
1010230
1002202
1033
2011000
120022
103120
200101
3010000
232000
2032000
2201200
1300
230101
100231
200113
1321000
1300210
2010220
2030101
1000222
113002
2120200
300013
202120
30211
3112
130012
2113000
301030
3000001
310012
300301
20032
300211
2122
3103
2003011
210103
110032
222010
110203
1123000
2030200
220030
302002
1000330
1000012
3220000
2002120
1000213
13120
12022
130300
1201000
301003
1010320
2001202
112300
10213
1300300
3102010
100210
1000021
21013
3103000
1320100
1210003
30310
3010210
3002110
3001012
201103
201202
1002100
202210
21022
1200310
3000010
1030210
210301
2310010
110302
20122
20011
2020030
3102001
1031002
20023
210022
100213
300100
2013010
2021002
312001
201130
1102
1102300
200203
1003
13021
3310000
2103010
2022010
3020101
122020
12301
302020
1020100
1030300
1100023
32020
23002
13201
10321
3300010
1000123
301021
2200201
112003
103300
22300
103012
1302100
310102
20320
1003120
21100
3121
3211
2100013
10231
1202020
1000003
3010201
1
2221000
20203
232
200221
2020120
2002021
2002
331000
2200030
3102100
132001
2100202
100303
2200021
212002
201013
300220
2100010
1100032
1022020
2000212
100132
1002103
120220
1013200
2013100
1012030
2212
2202001
1213
301120
3110020
10330
2000311
100222
100021
200131
1012300
1302001
1200130
3200110
1010203
1020010
102013
2100001
2020021
2110003
2000302
201220
2310100
301300
10000
22
310021
31021
100033
20200
3010120
3200200
2011003
1002220
2301010
3010102
1000210
101002
12220
3201001
2012020
1020301
1010032
1220200
2200012
3012001
10021
310030
2011
11200
1120300
3002002
13003
1020130
113020
310120
2002012
203110
102202
203101
11032
10120
3001000
30010
3030010
3200002
102130
21301
3120010
3021001
1330
2122000
1130020
33100
2010202
231100
2110000
3202000
301000
2020102
110320
1030030
103030
120130
1013020
331
120301
100102
220300
2003200
2102002
3000031
311002
1132000
1010020
1001320
220102
120001
2311000
1023100
1000120
3210100
203002
1103002
1002130
102220
100300
201022
1210300
3100210
30220
110200
30121
1200010
1200103
2200300
202
310210
2001130
10132
2220010
31
12100
1220020
330001
2011030
3020110
2010010
1001302
320020
3002200
22030
10303
1003021
330010
3100003
3022
1002001
1000102
20311
11302
1000300
2032
102103
31201
1201
2200000
2023000
200032
1200022
201301
300121
3022000
220003
3011002
100321
23200
1031020
1010302
3001003
2001031
230110
22201
202000
23020
11023
2210020
2210002
1302010
230011
22021
2201020
103003
300202
2030110
20020
210100
1000132
120013
3010
300112
2131
2110030
1021003
1000231
2130100
1102000
202003
30013
322
31102
1100230
1020001
300130
1000312
22120
1300030
1201003
2100103
1020310
2001100
112030
300031
3101200
3000103
1023001
1020013
2200210
131002
110230
23011
2001301
2002201
222100
321010
22210
2110
1320010
302200
1003003
2011300
211300
200212
1030201
201001
13102
1031200
2022001
2010130
3002011
201031
302011
210220
3112000
320002
203020
1102003
31000
3001201
32002
122200
121030
310003
132100
101302
130000
1213000
1312000
3301000
3300001
1002031
322000
1300102
100000
1230100
1301020
32110
3110200
1210030
1100002
130210
210130
21220
13000
1200202
3031
101032
1202002
1200301
1102030
3200011
31210
3100102
2300011
1021300
210310
330100
10003
2023
201100
2220001
2003110
100123
21202
30031
1003201
132010
1120000
3010003
300310
2113
2002000
2001310
220210
310300
2003002
3002101
123100
301201
2311
1200220
22000
1022002
2012002
3100
121003
102010
3100030
3100021
3021010
33001
213001
320110
3021100
3001102
1210000
2000002
211000
3210010
2000203
2200102
211030
120100
110023
