3003330
300000
303003
300030
3303003
3300330
3300030
3030303
300033
3003
33
30330
3303000
3000300
330003
303000
3033000
30303
30030
333000
333003
30
3330030
3300303
3030300
3000333
3030
300
3303030
33030
3300
3330
330330
330303
300330
300333
3330000
3030003
3003303
3000303
300003
33000
3300003
3003033
30300
30033
3000030
303303
3
3000003
333300
3000000
3030330
3003030
3003003
303300
303330
303
3333000
3330003
3300300
330030
3033
3303300
303033
33033
30003
3333
333
3033300
3030033
300300
33300
30000
3303
3030000
3030030
3000033
303030
330033
33330
3300000
3300033
3033030
330000
30333
3330300
3033003
3003000
330300
33303
33003
3000
330
3003300
3000330
333030
300303
