10000
2020
13
2000011
100030
10003
2002
31000
100
1001011
2101
21010
1200100
2100100
210001
310
21001
300010
1000300
1101100
3001000
120100
1010200
120001
1000201
10021
111001
1001020
1120
13000
1100200
2100001
30100
1001002
11002
20101
101011
10102
210100
110020
103
1010002
1011100
3000100
1110001
200110
1000120
301
121
1001110
2000020
2000101
10201
1210
310000
2110000
300001
200002
101020
11110
300100
1100002
3001
1003000
1110010
1000003
2001010
1102
22000
1210000
101200
102001
100021
1010110
211
11101
3000001
112
2010001
1002100
201001
22
10120
111010
1102000
3100
10012
2110
10111
2200000
1100011
110200
102100
100111
2001001
1011010
130000
1030
102010
2000110
101002
1101001
110011
1201000
1003
220
12010
10210
1110100
31
21100
12001
1201
1001101
1111
1200010
111100
2010100
110002
2000002
130
200101
10
10030
100012
2100010
1002001
11011
1010020
101101
103000
120010
201010
1030000
20020
1000030
1000210
110110
220000
1111000
1200001
20110
211000
1100110
100102
200011
1021
3100000
210010
1001200
2020000
20200
100210
1100101
101110
2200
11020
1010101
1010011
1000111
1000012
1000
201100
1020100
11200
20011
100201
2000200
2010010
3000010
100003
1
121000
301000
1021000
2011000
2002000
100300
1011001
3010000
1120000
202
110101
1012000
1012
1300000
200020
30001
1101010
100120
112000
202000
1100020
12100
1000000
30010
20002
1020001
1000021
100000
2001100
1000102
2011
2101000
200200
1002010
10300
1020010
1300
3010
