1210201
30002110
201003001
1011211
100410001
10120003
10112020
40002010
110023000
100230010
200110
31201
2302
1221001
200003002
100220200
11111002
122002
10200310
2020210
11031001
1032010
4020001
312100000
31001110
210002002
100130101
10102003
1320001
200021200
11000032
1110031
310010110
300002020
2030110
20010010
1200022
231100000
102000310
100131001
2400100
302001010
112100011
31001002
10120021
21000220
212011000
30010003
121012000
301110100
11120002
100000102
21101110
120001021
2111011
40101001
3100021
112001002
220010020
100210201
20310001
400021
110101003
100300
14020
30102001
10200112
411100000
1031011
1001230
100240
300020011
300000121
100011103
111300001
110014
4200001
20020003
30110011
400011010
110103001
200112001
111001000
40001002
110021020
100004110
300011011
300101101
2021200
200100130
221011
111010021
102030010
102040000
200121010
10110001
210310
110400010
101040010
312001000
20300200
30211000
201301000
301001011
100400020
31
1104001
122001001
212000002
301210000
10111300
30120100
3000400
2012002
1000123
10000303
111111100
3102100
100103002
100010410
20140
100101040
11122
31011100
220010101
211010020
101111110
110021200
2200003
12301
10221010
111101011
120400
310201000
411001000
200000032
140000011
100210111
100202011
10020211
311200000
100310110
10101013
10100104
31030000
120111100
201000310
200200120
100012030
100020112
102211
20100031
130102
20110000
1411000
10420
22100101
101010031
10220002
120200101
10003000
100000303
200200210
100021201
10100401
3021001
321100
10130002
11101030
10101031
110030002
31100020
410100100
200311
10240000
110021101
200111020
100000114
110112100
1330000
402010
1202110
32020000
300000400
211120
11100130
301010110
110120101
340
11110021
130010200
301010200
201210100
3001012
13010002
10003210
100000321
30010012
210220000
21100003
3110020
3011011
110010301
120201001
121000003
10114000
20010130
1003003
110100013
21002110
2113000
11000311
1101310
10002112
42100000
302101000
202011010
10302001
102031
10300000
120200011
300003100
41000200
3000022
110041
311001100
300001012
111021100
300100210
100001212
100020010
113110
330010000
123001000
214000000
403000000
110000302
41200
21200200
20101210
20100004
230002000
221000200
301120000
201011002
202030
200030101
3111001
100001032
101110102
1210
1120012
211210000
101300101
202210
100031200
21202000
12010
203000020
211021000
212002
20010013
210101110
200201020
11400100
10401100
100010140
1010203
100003030
120111010
111201010
11102200
201102001
12202
230100100
300021100
300000103
201021100
200102020
30100
110102200
120100003
30200101
310010101
220101001
201010210
200320
1102030
21200020
1002022
113200
211000210
100311100
310001002
20111110
102103000
103010002
100302001
1210102
120121
111000202
110131
110011030
4300000
102100111
100013020
2230
1113100
22001200
21001003
110140000
300001111
102000013
102010120
104001100
200110021
101111101
100200004
212001100
31000111
30022000
111110200
110000113
3020200
11031010
100000120
201021001
1010122
10010320
100222000
1103011
2110021
213000010
230100001
210400000
11300002
11102110
1010320
101320000
101011102
400003
11130100
11002120
230001100
110011201
2401000
100023001
100041010
1210210
110130010
20002102
220101010
2200300
201300010
1301110
1030111
300310
31010002
202010110
13010200
10200001
10010032
3010000
402000010
330001000
120210100
310110001
100111000
10222000
302100001
102110110
11311000
1013020
104002
13000102
110010001
302000011
20011000
112201000
102010201
1000111
111002200
130100200
101001100
20011210
1040110
11210200
12002020
101220100
101120110
32000110
220010002
200010211
101000101
100200013
211102
110100022
21200002
1101112
10210201
10102021
2030200
103020100
202000
111011101
11111101
1003021
40000210
1002301
32002000
420100
11130001
400010110
21000301
22000012
220201
104110
200110201
4000012
130120
1020013
110000401
3200011
1141000
1402000
241
12101101
2400010
2010010
312010000
120000301
220111
1040020
11010301
1200301
302001100
3200020
10400020
10013011
1200211
2103010
112000201
20030020
201001111
100410010
31011001
20100100
10210210
120001012
111211000
31010101
201000220
1131100
10010101
201010300
200100103
200022001
111000004
210210100
112100200
102110200
101011201
200100121
40
30002020
200004100
211010110
103100200
100002121
100002013
111002011
221101000
200101030
200011102
21111100
10012210
200210200
1213
10211002
11200120
120100201
20020102
22030000
13011100
41200000
201002002
100000123
20012101
330000010
30100300
102030001
101013100
123010
22010011
3120010
211000000
222100000
21100030
13120000
200203
10101001
212002000
100300102
111100
11030011
101201200
1024
114000001
200103100
101211001
24000001
10021111
22000030
100130020
400120000
20221
2110210
110011021
210300001
300001030
140101000
3111100
211000201
1002112
203002000
210000310
101111011
211200010
10110130
1120102
300100000
20320000
100300003
202020010
100103200
10410100
210300100
10022200
20020
13102
13021000
400102
100131100
301210
123100000
130001110
120102010
200000221
3003100
2011000
20200102
113101000
2300002
3001000
100220101
212101
200300110
100221010
1110121
10010014
201100003
200011210
14200
1201030
10012003
101031001
100012102
11201020
104011000
3002101
300100
100010320
10120030
140020
10004011
3201001
2001001
1300021
30011002
102001201
103300
1100311
12011110
13001200
220100011
300001210
4110001
103101001
20021011
110030020
300100021
3031
11112100
12010201
2200021
1000213
110112001
210300010
311100010
1031110
14011
121200001
1220110
24100000
120110110
100021030
1102000
100110031
10220101
11021020
210100030
300011110
141001000
300110200
104010001
1210003
103002100
102001003
140200000
11410000
31100011
110012110
200111101
20012200
201000211
31300
112201
10120201
1000042
220000300
210010201
310111
20023
110101102
100220002
104101
1200112
300210100
130011010
1001410
203002
11012011
310012
20230000
320010001
1311100
100101220
101110021
12102010
1042
101001211
34
100102012
30210001
210103
100020121
310001110
30300100
211101010
102200002
102200101
301020001
101013010
20200012
20001022
4012000
2001040
100012
100102300
114010000
30000001
200122000
101002000
2101300
201000040
20310100
401020000
40000030
11030020
100024
10010131
10002031
210001210
110000311
41100001
101011120
2120011
13001101
300301000
130000120
101110
1220020
10020130
30100012
20004001
110004010
2000020
100131010
1102003
1104010
20200201
1301020
1011022
100102
31000030
200113000
220000012
100102000
111000121
112000030
310200001
220110100
220002001
111121000
40000
11103001
21000121
113000002
131000002
200300002
110101000
1300000
301000201
10221001
110010040
211120000
102310000
103001200
40010011
101200021
111211
22110100
131000101
110200111
100114000
40100002
2110003
200100400
21001300
310102000
121010002
3200110
122100001
131000020
23101000
200100013
101131
400011001
2010220
100004020
111000112
120110020
20011003
300101011
202020001
13210000
200100100
21020002
110310100
111013
11000014
110100001
2210110
2211010
23002000
302110000
210000400
122100100
10021030
2102101
210111001
201003100
200201011
110201002
10301020
201111100
110120002
40020010
102100120
114100000
30000130
1003030
100020211
110020
1210012
122200000
20014000
313000
400010002
21210010
400000201
1101100
300030010
300111001
202010002
101003110
400100101
30103
10004002
20400010
20001202
23000200
210012100
201000004
1410100
124
101100004
1121002
12030010
20122000
12100003
102110002
200100001
11100220
10100020
21020020
10300120
1023001
1021003
11001211
202100020
200010121
100010014
1411
11003011
101220010
1201000
10042
31300000
130000111
131011
12030100
12003001
110002102
20032000
110110111
102000202
11100202
120011002
3301000
101000401
40210
400101001
12000202
122110000
220110001
110000011
100141
10100230
310021
1011031
110020012
300111100
110004100
2311000
400002100
2002
10210000
210101020
201101020
20230
400210
10010401
2110201
301000111
100210003
130111
101102101
110140
2210002
321000001
311001010
11110300
100040020
12010102
10000114
101110000
20014
10113100
10301011
1020202
10311100
20000110
101031100
110120200
100213
110121100
111200101
201100
12002101
12000010
1020001
11002111
101100202
20001040
101300110
2010103
311110
200200201
101130010
1000240
320101000
114100
100030021
21103
11100103
120120010
320000020
100000222
204001000
100240000
31200001
120010
401010010
20110
210200101
201101110
110112010
2111110
301102
13000
1300120
20301100
30000301
12211000
2101000
100130011
22010002
121001101
304000000
20001400
210000022
103010200
11003110
112020100
1200004
100123
410001100
102020020
310000
301111
121020010
10003012
100011130
2131000
201020110
11002201
13300000
40102
101121001
1101001
210040
124000000
113010100
200011000
3300010
20020120
2210200
311000101
30000022
21010111
110122000
103101010
101003020
3002002
11000104
210030001
200003110
211010101
11211100
2001022
401200000
100200400
100211011
1112101
101023
10000201
101220001
302011000
203010100
100000003
103003
200302
22000
10200130
102301
130011100
210310000
14000011
401020
100014001
21001120
30000013
210111010
113100001
1001122
11030002
24001000
120101200
200101300
20011201
201030010
114000010
11300020
2012020
110001301
110212
12000130
33000001
130001002
102101011
310120
11002000
1100140
220201000
10000222
232
100101202
10110100
3100201
100231
202003000
41100010
100101103
100003012
1110301
2103100
130000012
40030
100011301
20302000
300002002
110000131
41000110
102000130
100100002
11011201
420010
231000001
120130000
200300011
10001113
3040000
102102010
100011100
1013200
101100121
10120
13002001
20100301
200000023
200011120
200020
13030000
21100000
11111110
10000111
13110010
40011001
20030011
121100110
10111111
11011030
111001120
1220002
100100122
112030
202001110
200230000
220002100
210000040
202011001
4021000
110210020
22000210
20021020
2101012
201111010
20000122
200000212
301000012
1111003
321010
200101201
100100212
300202000
130012000
220001020
2140000
301011001
200410
200002012
112010200
110202010
100204
200032
200101102
230001001
140000002
210011101
100122100
201020020
100411
110302
1110001
30201001
120040000
200000410
1210000
2220001
10024
10110031
10120012
120020011
210000301
110000410
401010100
202001200
101101120
102202000
201002020
102102100
100011112
110032
201121000
201110110
3103000
111001210
11100400
1000204
300000211
210110002
2301100
200130010
400101100
200110012
100201021
101020210
12011002
1001131
11001004
21120100
22101010
22021
100210120
1102111
330000001
310001200
11121100
300110110
10112110
100300120
1111201
12010012
211000003
201130000
120000004
120101101
200202001
100011013
12120001
130100101
210000220
30301
1131010
10102
11013010
30000211
3101011
41002
10021003
10010410
110010010
113000011
120003010
104200000
2001013
10022110
10020220
100002004
112001020
222000100
203100010
201000112
102012010
200100004
200031001
3010210
200040010
33001000
201200101
103002010
102003001
104000110
3120100
201100012
1110040
31101001
2010040
110110021
1140100
22200100
30010300
100003003
200011111
101200003
100121110
101211010
10010212
2020102
102100201
111011200
10200100
203011000
4120000
3001030
302002
100201012
1400110
11121001
11200021
1301011
2010130
31000
13201
10100212
10000123
1230010
10300300
340000
100310011
11000410
14101
10101103
131010100
130002010
411000010
201110020
101200111
200010001
10022002
101001022
20104000
30011020
100121002
101201011
202021
101002021
201100111
3000112
101100400
1110004
34000000
102011200
2002210
100301200
101221
112012000
31000021
1002004
122101000
131001010
200000203
110001112
32200
200013010
3010
111001111
100000210
302000200
2300011
11200000
100400101
30400
10321
100303000
20003002
10102111
1011220
22010200
202000300
202002001
100222
1100221
112000210
201300001
12130000
1121110
2220100
10101130
13000021
120211000
310001011
10000330
301100002
4012
120004
20210002
1022011
121300000
220001101
210001120
112111
1111012
21000031
130201
101030200
101030110
402001000
102000022
310210
2010022
12110011
202111000
111100111
100301020
1123000
101102011
430
10001311
1320010
4210000
202002010
100000
32002
101012101
31001011
40001110
201000100
100010032
11011003
1100104
111200020
1130110
210100003
20000014
31020100
102200020
100210030
200120011
12201010
100120210
20102200
20100010
201310000
310000210
110011111
112100020
12210100
1102120
103000300
100021000
111102010
23001001
110010220
310101100
210120001
120031
300001102
3021010
1111000
11400001
122000020
200203000
30000400
120001120
201100000
22102000
1001311
130120000
111010003
100110202
11000140
111001012
3012001
110030200
20001310
201001300
121003
111001030
10110211
21003010
210040000
211100011
100201111
100023100
10132000
4
10001104
11004001
1004110
100110220
110202100
20010121
12031000
300020200
300010003
100111030
3200200
100230100
11203000
110020000
300000022
230011
231010000
2002111
2113
3003001
104000020
100001311
10201021
20002012
220012000
101000104
100401001
2110
21000400
2010301
220000
401100100
110104000
20000131
30001102
402010000
40101010
110110000
100011010
100000042
11202100
40010200
10000210
10011004
110300020
120121000
30011110
210011020
102020110
3130
220120000
101012200
100400002
10123000
100101130
200002102
102100300
410011
20110210
131011000
221100100
13101100
300211
100200211
10212100
100101310
13003
100020130
102310
21001111
101202001
110020003
310000021
410002
101001202
120101110
201000022
200023
211030
200012101
110101111
3000310
4101100
111000001
1120120
20100220
300030001
30000004
1111300
202110001
41011
400000102
10002013
200300200
41001010
100130200
210100012
1100002
1210021
20030002
110000020
3310000
2200030
100022002
100020202
312000010
220101100
210003010
201002110
111000100
2120020
11000011
121210
400300000
111040000
401011000
10400200
3103
222001
20021101
10041001
121011001
2030020
2014000
11000230
130021
101200120
20101030
1312000
100110400
12300001
121002001
11010040
110001100
2001130
430000
100013200
12002002
100110001
20010004
300300001
200040100
200212000
20000212
302010001
100100101
2200201
24001
101010040
1021
123000010
30030010
30010210
111200002
10400011
24010
21000211
42001
110201101
40010101
310003000
201200020
101122000
1010410
1111102
10201111
11020120
1301101
100002112
10001203
103000003
220111000
110300200
30110101
100310101
400010200
2021020
11100301
10100410
30010030
311100100
31110100
110011300
200002120
110320
2120101
13200010
10112011
211100200
13201000
100012300
12110110
111010201
12201100
2022001
202030000
132000100
202110010
1120300
201100120
11001100
120310000
111010000
1210300
100211020
40201
101002210
100200301
1130200
10200010
300200011
111200011
12101002
1203001
121100011
3100111
310030
320011
200100310
212010010
1002202
1120021
300100300
30003010
30011011
100203010
112102
102010
310021000
40003000
111000040
10301101
10140010
300013000
1120
20130001
4001020
302200000
1000411
100030120
111101020
111100003
4100110
100000012
10100113
10001230
300020110
101300011
100002130
10201102
11220001
100132
1100110
20010022
212020000
113110000
100212100
211
111022
11001040
20011012
11001022
43000000
110032000
30040
100000420
303001
22001011
2020012
122000011
300001003
201220000
101201002
212001001
200020300
210020020
12100030
301101001
1121011
111021001
112000012
123001
20102110
104000002
200200
200010220
20400001
11010022
202000030
1103110
10002022
20030110
200031010
310101001
21211000
141001
20010310
11011111
101021011
220001200
31010110
110002210
302110
110230
110104
10001200
10301002
20013001
130101100
210120100
101000041
120100
13101001
10310011
10121110
131101000
200301100
20003020
131100001
100200202
24100
112000300
200003200
211020010
110120110
1013101
30021001
120001111
211110001
102000121
13010110
2102020
110010004
10312
20010400
201001102
4000111
11302000
111102100
112010002
3101002
230110
2013010
14001001
110301001
3400
110100010
211100002
103100011
100100203
401011
200021002
100030012
101101
112001101
20001010
110110102
11310010
10042000
1012021
10002100
20112001
20023000
3110101
200011
21013
10213000
20120101
11010220
10300012
11021011
210202000
200101021
22120
112003
111000220
1100401
102010021
230010010
3201010
102011011
302011
2000122
10100023
130110100
200112010
101301100
2003011
3000031
201011011
2100310
200200111
3010120
21011020
21010201
10030111
311100001
200230
100303
100004011
111121
211001110
401010001
2004001
132001
400120
112111000
300100003
110111002
400001110
2104000
141100
103300000
13003000
203000200
31010200
100202200
100211200
311020
12020200
212000011
300010120
310011001
101003101
101101003
200210101
202000012
1004020
110010310
110010202
11003002
11311
113001010
220010110
200000302
212100001
100120300
11020003
2201011
11001001
113101
110100100
23000101
20311000
211011010
200120020
400021000
311001001
21031000
101001001
2032000
101011030
3012010
101100010
10010140
10212001
111400
200010031
11000122
11220100
41010010
2001100
102001021
100101013
30112
20011
21021100
100210000
141100000
30020011
41002000
201021010
1102
20012002
110040001
120400000
20040100
1003300
200010013
40011010
10000120
201111001
100200010
10101310
22010101
30300001
1113010
11000110
12102001
140002
111001102
103000111
30130000
30020002
10000300
210000202
1240000
10020022
101100040
101041
131100010
411000001
3001120
1000114
11000200
11100022
31000300
203001100
110031010
100001041
10010221
110113000
111110101
4110010
13100101
13020010
3010021
140000200
112021000
10001011
11200201
13002010
22000102
20200000
130001020
31101100
111020200
1012111
1100113
2102011
1000312
1101301
102021001
220001011
301100200
111100012
400110001
10210003
110001022
101120020
11014
4002001
100001002
32200000
3100003
2003110
200100022
1401010
3040
10203100
2103001
11110030
10401010
100
11302
11110120
1201003
110001004
21010012
4010200
230200
100011031
10132
100012012
42000100
201201001
103120
10300003
210102010
101003011
1011130
11100310
12210001
10010110
10000042
111301
11000131
200010400
200000311
141000010
201010000
3001201
100023010
11101
101101021
21002101
21100021
11100040
111011011
101110003
30101101
110000212
202010020
204010
2212
2210101
21012100
12101020
10031002
10001014
130100110
130010110
101010130
4030
22001020
10002103
120210010
22300000
201040000
120001201
101000200
1310002
1010200
10001122
200030110
21103000
401000200
102003100
101021200
1213000
300001120
301200100
301001002
201130
30001003
102001102
2001010
10100131
210031
310120000
41010100
210011011
3100000
200211010
1100212
112003000
110101021
20100202
301021
30004
113000110
110131000
20031010
304000
200401
11300110
11111020
10201
212000110
20001121
200022010
11022001
101000110
10020100
21040000
101140000
310002100
300004000
120010210
2300020
204000100
4100101
23020
20201101
20200120
40110001
320011000
310002001
31100101
101010400
2221000
22002010
10001131
1012012
221002000
420001000
41101000
102200011
3000103
10011010
213001
20212000
101011300
100010200
100140010
100101301
11032
12100210
210011002
100102111
21112
11103010
120103
2010121
100100311
10030120
120200200
30002101
30000031
30110110
30010201
2320000
12103000
103000120
200400010
10003120
1002130
110002021
2000110
231100
100022101
10240
10011022
1030210
20020300
101210020
10211020
13000210
10002301
100201
212110000
30000310
10102030
10230010
20100211
400201
110002000
120110101
30001201
201000301
200020021
12011011
12001
120100012
1121101
10000012
312000100
300040000
100012210
402000001
100112020
410001001
4001200
100402
210001300
103001002
211002001
32100001
1012102
221100010
102100000
14010001
10202200
20001001
11011021
300300010
110020111
100120111
1004101
22011100
200022100
101012002
120202
120010300
101101000
301120
101101102
10000231
1011001
203001010
112210000
104000011
100101112
100011202
10202020
2010112
211111000
110020030
300000013
2001112
211002100
11203
32000101
211101100
202120000
10121002
4001002
120001210
100113100
210100000
200000041
30101011
201010102
112101010
22100200
121000111
2011210
412000
100111210
100410100
12200002
30200002
20000032
110011120
410000110
202001101
4100020
12020101
10140100
10100032
30002200
210000103
400000111
1041100
100320001
100211110
2100400
100110121
10020040
11113000
31010011
1114000
1001140
100001401
12100
10040002
111020020
12010210
103030000
20200003
211110100
130011001
201011101
320101
3030100
102000010
202101001
200100010
121000201
2040100
130210
102102001
200000200
1003000
1010401
10021102
110021011
14200000
100120030
200104000
202003
100110103
300112
3301
104020
10012111
120102100
3220000
201200110
1030300
101210101
100102120
10010200
4000201
102111001
11200
1020211
20001004
1200040
101212000
101002120
111004
10030021
10010113
13021
1000120
210001000
103020010
100010104
100000402
100011004
10110010
210004000
13030
11020000
111100120
2021002
100000201
100003300
120101020
401000002
40110100
100001023
11004100
3022
22200010
1100041
101020120
130000003
111010300
200001001
11002012
10140001
300001300
20000113
110212000
100201120
111100021
10020010
110113
10213
110311000
20201110
102012100
1000330
101000113
200001022
40010110
40002001
12000031
202000003
210001102
14011000
100140001
3310
100000240
102100003
1111111
100301011
10100302
22021000
113001100
120010102
41001100
3200002
1002220
21220
122001100
2001121
2000101
22030
101104
20202010
300102100
102010111
13100200
101111002
100200103
40300
121001020
21200110
10101010
30100000
101003002
2000221
100104100
10400110
111220
31000120
1110103
312001
300100030
101410000
100000033
100111102
21040
1112002
110021002
10303000
120301000
200101003
200101012
102220
113001001
30001111
301010020
10310110
201310
100021021
111202
1231
12201001
2000011
301000
313000000
121003000
113000200
212001010
112120000
103010101
102100012
1400200
200012011
111012100
101011012
1002103
201022
12010021
200131000
110011003
4110100
100300201
110100301
11000212
212000101
120001030
300000100
100000300
202102000
201101002
11300200
122100010
20110021
240001000
100201003
203011
111210010
101000311
201013
10104001
101200210
11001301
132000001
201001012
203110
10100122
12001003
2100211
14020000
100230001
200212
11110201
210013
100040011
11010013
131010010
110001103
401110
31120
11000320
1300102
10330000
30202000
30020110
100012021
12011020
20220010
210000013
100114
202120
11101000
100112110
10001212
101002012
120300010
20003200
120000121
103201000
10104100
112200010
12021100
10410010
200023000
20002120
2030002
100200310
1210030
412
20010301
10030012
220120
201102100
10103200
210100021
111201001
21020110
20103001
202012000
10120300
11410
100112002
10120210
10010104
10001032
32011000
200311000
110111101
12020011
22110010
10040200
400012000
10103002
220210000
30201100
120000013
300000031
2002003
100103110
1010002
10101220
22020001
10012
312000001
10041100
110002300
100001011
100110010
11010211
2111200
11002003
1211200
111210001
20010202
11112001
303000100
401002000
41000101
210110101
1300111
111012010
120022
301000003
23000011
300000001
10111000
211001101
1032001
104110000
420000010
3013
1103002
10011013
10112101
220020100
10000141
1120111
21030001
21001210
230000110
120110002
100004200
1204
212011
10122001
2001004
400012
31003000
411010000
2300110
2011111
111301000
10311001
210003001
12111100
2041
210210010
10020400
10022011
3102001
122000101
210010300
110014000
20110030
211200001
1320100
321100000
300101200
202020100
400210000
1004002
110020102
110020201
302010100
3300100
103012000
100201201
100000213
13000120
222010000
103003000
10101211
121001110
111013000
211100101
201001000
12000211
20102002
220100110
31100200
10111003
101001013
101010211
100002202
110001001
220100200
210010111
110001130
102002002
310000003
23000110
20020030
41020
112000003
30210100
110002030
241000
202111
201110002
142000
110130001
121111
20102101
311020000
30021100
201211000
3000220
12101110
21002020
400000003
210101011
4100200
202300
200104
1000102
1010230
10100002
110200003
120020110
110000221
101230000
200102200
100010203
20200021
210112
2200102
31210000
40102000
20000002
110111011
202100101
31000012
103100101
3010111
220300000
131020000
22000003
100301110
200032000
300010102
11001013
1000000
104000200
100103101
111002101
100000024
1000402
1020022
120000103
11110111
111201100
100002031
10102210
2100004
410020000
120021100
120010030
10011103
120110011
101030101
110401
2000113
22020100
1111030
100001302
113002000
230000011
20200300
10003300
101300020
101001400
110103010
2020201
40200100
11010031
22003000
20000230
10120000
100121101
133
101100301
12100021
100100032
10101400
100300000
200001310
110110003
20111002
101030002
4101010
211000012
21200101
12020020
121020001
20101003
203100100
201121
30031
11002210
1002310
210030100
12010000
1040101
12200110
221000011
100111003
120101011
220300
100012000
100040200
12000013
10202002
304
1230100
330100000
14110000
210103000
10300030
120010111
101001220
12001300
10230001
10031011
1202101
12021001
310011100
101110030
101000212
200040001
113011
400000210
2211100
230101
100110130
31200010
21000100
402100000
210110011
2011003
101001103
2010211
101100013
22101100
40001020
30300010
420010000
210110110
220003
211200100
1042000
111110002
1003111
202000120
322
301000000
133000000
120120100
3012100
21001030
21101020
1110202
2200012
111400000
20021110
202200010
2410000
14101000
20212
121101001
103100110
102001120
222100
112210
101110210
12001210
31001101
10113001
211030000
110002120
103002001
103000102
102000040
10111102
1022002
41110000
210010102
101131000
100130002
1401001
110012002
301100020
102300001
3101020
200021101
200020201
11102101
12031
120020200
201210010
3211
11212000
20201002
10201201
310100020
11110003
10010020
2101102
20030101
140100001
103011010
3010201
1012030
23010001
4020010
110013010
121000300
20001130
201200002
100011220
1012120
331000000
110110300
201022000
3011020
104200
1220011
210001021
110000101
2032
311101000
30121000
120002200
10033
20110120
20100001
300100102
410010001
10001041
2201101
200320000
100030003
101203000
2003101
11221
10303
101013001
200002300
20111101
102000031
2000002
210211
201010
121120
122010001
11041
21300001
22000111
202000111
210112000
200000110
301002100
11000401
211003000
130020100
201100021
30000103
101002300
102000100
411100
1001101
20211001
200020111
200002021
11211001
100221001
4000021
120220
101002201
111100030
14000101
10100110
32100010
10020001
2010013
212101000
200200003
101001310
11100001
4010002
102110101
100002211
101203
11110102
13110100
10011112
103000000
122001010
310100200
20002111
300011101
101110111
103012
230020000
310000111
410000200
101112010
10300
10220020
20000410
21100111
200400100
231000010
110011102
20001211
11020
100022020
100031002
113020000
240100000
103001110
30001300
201010201
303010
10130101
1402
220200001
20000104
200211001
321000100
120000310
2000140
10103110
11000221
110010022
103000021
101101111
130030
33001
200002201
1020040
101103001
102120001
220003000
410000002
201030001
3011110
131110
100100014
10321000
21000040
1200310
102022
210200020
210000121
101020000
4010011
10210102
121000120
131001100
400000
200001004
102103
310030000
120002011
300000040
30012001
11010202
110220001
100300210
110102020
30031000
30003001
20001220
101030020
102002101
4010101
31020010
4002010
103120000
11023000
111020110
100001104
20000200
20111011
410101
11011210
11022010
103201
200110102
20302
21010030
200012110
300010201
3110200
13100110
2110000
200010004
211000120
21001000
11013001
122010100
30100003
200001220
201102010
200100220
11120200
120012100
203200
12003100
230000101
102121000
3002110
300301
200012002
23000002
410010010
12012100
1202200
111112000
101010010
40000021
21010021
2040001
30020101
203100001
11400010
10310002
10023100
200221000
301011010
102011101
1120000
32010001
10203001
3010300
101100031
12001000
10013020
2021011
11202001
11121010
111101200
210130000
420100000
30001120
120012010
200220001
300201001
1030
10101040
21020200
1001401
300030100
310010011
300012010
103200100
200130001
31002001
2202100
1311001
210200002
300201100
102020011
101001130
111020002
111011002
20122
140101
24000010
201100300
210001012
202101100
101010100
200210110
100400200
10000102
10011031
101200102
10002400
1201201
100102030
101101210
102120010
222010
21030010
10301200
111010102
101010004
13000000
132001000
31021000
3000211
240100
100203001
1212100
20002201
1200013
101311000
20200210
310000300
222000010
302000020
100141000
301100110
110001220
1300012
2112001
20112010
100111021
100102021
303001000
120011200
10122100
101000302
2101030
3010102
11000020
220011010
20101300
102010300
4001110
1000222
11100211
112030000
130030000
110010103
3400000
1110112
10013002
31000003
210003100
200000401
200120200
100103011
203020000
130010101
20111200
313
20011021
12001030
1030102
120001000
111100000
20022100
2000302
100021210
22011010
1102021
1310020
101100100
10203010
141010000
120000211
400100002
101100310
3100102
1001200
103102000
111120001
100001131
10002010
113002
101011
130110010
101111200
3000010
101001040
10141
12040000
1041001
121021
300130000
220100020
401110000
202100011
4100002
12100120
100321
310200100
200000140
400010101
10101112
10023001
40001011
100110301
40001200
10021
231001000
201010111
301010101
103100002
2000104
100400110
221001001
10210021
33100000
20300101
210400
110100202
1022020
20300011
120002110
102211000
201001120
111003100
10101022
20000302
221010001
21121000
100210300
30211
1000
2100001
300011200
300000004
410110000
3130000
20104
3210010
2000131
41110
111040
121000102
10012012
130100011
300002200
110000122
3020011
103001011
100120000
100111
10231000
2203
100101031
11131
2300101
2041000
2111020
11020300
100001230
14002
30210010
110040010
40021000
310200010
220010200
320010010
110102110
103200010
310102
201020200
2030011
2121100
100212010
212200
31102000
1001221
200100202
1102300
40000120
130000201
121010101
200140
10112002
220011100
120100300
30010111
3001102
211000
21002011
220000120
101012110
111111001
1101220
20103010
11010121
1302001
30220000
20013100
3010003
101022100
102101101
101100001
120030100
200110030
101200300
100402000
221110
221101
100112101
130
33010000
320002000
30103000
2200000
202100110
1211110
10100014
20210020
11201101
110122
210301000
21130000
110101300
100111201
23110
21130
10200211
2010004
120003100
301100011
1003102
120100120
21022
110302000
1112110
1110211
110100004
10012000
10002004
10204000
12000121
100020004
4000102
21000022
121000012
30200011
310000201
221100001
13100020
11030200
10210300
2100130
3001003
11102002
11210011
1102210
20201200
1301002
201202000
103101100
102000001
100100023
132100000
100003000
12400
10010041
2130001
110203000
2201110
3020110
1022200
231010
210102001
200001400
230002
101100211
1321
13010011
203000101
30000112
2301010
100202020
11101102
24010000
110002111
101120002
1033
10102102
102004
31012000
10011211
2102110
21100
1032100
103021
20011030
101000410
31000201
11040010
110020210
110030110
102021010
100200022
11401
13001020
101320
1021300
320001010
200000014
103200001
14010100
30010
131101
400000012
1101010
21002002
21001102
1001104
120100021
30000040
141000001
200220100
10420000
100401100
11021110
40300000
102001111
21001
20041000
20004100
100200112
101102002
20010001
1003012
210101101
3112
1100032
20100040
40110010
11020210
11000023
21000130
130101010
210110020
101002111
201000121
101010301
11201200
12101011
111102001
1010041
300000310
121010011
2203000
14000002
100400011
23101
21011101
30400000
1200001
120100030
103010020
130000
300102001
201100210
21201100
121110001
11002300
110101120
110100121
100101400
1101031
110320000
101003200
1000030
102011020
102000004
11320000
212000020
102021100
1021000
1002211
12100012
131000110
210020110
300000301
310000012
122101
101301001
300200110
110000014
210001201
14100100
400101010
1011310
10003201
20110012
300000220
2003200
300120010
2011
10410001
10011220
10001221
402000100
1010140
12021010
31001200
120202000
10031020
1302100
220102
100201000
103111
100010221
201010021
12010003
213100000
131010001
103000201
2000032
310000120
30110200
111130
12001120
1110130
311000002
200200000
20003011
3000301
103000012
43000
320000002
100001020
400001011
20110201
300100111
140000110
111003010
22
20100310
22111000
101104000
2001220
400100200
201103
11013100
10000003
1221100
221200
10100011
100003201
111100201
10141000
101032000
103020001
4003000
202000021
100014010
403
10000312
301000102
100021003
103000030
120100000
21310000
210031000
121100002
200110111
200001031
112010020
100001410
210000010
11101003
10200013
11012101
21201001
121001011
301111000
200401000
203001001
10100311
12210010
212020
1111
11111011
301012000
200014000
200001103
3002200
3110110
100311010
10021021
20002000
20000221
220030
100000021
40010002
211002010
112
241000000
203110000
210022000
20021200
112100101
100100320
22110001
100000231
11100112
2101201
211000300
3001021
401100010
101400010
1010101
10121101
100220020
200200102
13001011
40200010
10041010
111010012
100040002
113020
221001100
320100100
100003111
100001110
100130110
140200
12101200
30100210
2000212
100310002
23001100
130200010
121120000
200002111
200110003
14100001
200013001
101121010
10014010
101102200
111100102
211111
100110013
101121100
111111010
300110011
4000300
200210020
11230000
100101004
10320100
20210200
23011000
20010100
100202002
20200
10120111
1111210
1004011
230000002
220000021
100231000
300022
20220100
11200210
130111000
10300111
200110300
20000023
1410001
13000012
2002012
401000101
1310110
101130100
21003100
12001102
20031001
2020021
213000100
300200101
200003011
101310100
113100010
10401001
11002
112011010
120103000
130020010
200112100
211020001
100021012
221020
110101
21301
121021000
102031000
10111201
110010112
221110000
220200100
2020111
20001031
21102001
1102201
1003210
120300001
210011110
30002011
210101200
104001010
12110101
211000102
311011000
110011000
100100302
300400
42100
2311
222001000
311000110
104100100
1100023
210200011
411000100
200101000
103110010
41011000
2012200
113010001
13000111
102100030
201010120
1400011
103011100
4011100
100201210
4300
102112
2210011
300031000
202100002
102000112
102010210
10100320
1100410
1021111
4101001
33000100
20000101
21000013
21100210
210100111
2000041
300040
20401
211001002
13210
10411000
30030001
20012110
112102000
300010
131020
100030000
10400101
100100221
101012020
10200103
30301000
103001101
212110
13120
100002040
401001001
100001014
2100100
100000411
102120100
101001121
200310001
300031
2023
110100040
22020010
210000031
300100201
100100113
100112200
33010
400000021
10111021
2100112
110012020
101020201
20201011
201100030
300011002
201000202
201000400
101032
121102
20020201
120102001
221010100
100020013
10312000
1000420
111022000
1022110
120040
2110012
4010110
100311001
100113010
110203
1121200
10120120
401000011
100102210
1110400
21000112
10031200
112002010
21220000
100103020
110130100
11110210
2100040
2011021
10000240
40000102
300121000
420000100
120001102
100000111
201012010
100013002
1200121
410011000
4201000
100010230
200010301
2131
11301001
110002201
1030030
13300
110410
10100221
12000103
1200130
10111210
320000200
311110000
120010000
300020020
2001103
110100220
301001110
40120000
110400001
1011121
31000210
40000201
300001000
121102000
240000100
100001221
102002110
101100022
310010200
110003101
110221000
111020101
11001103
110200210
10011301
31000000
130000210
401001100
100200031
112010011
10311010
21400000
10030000
113000101
211102000
140011000
1033000
201020002
10110301
400110100
200010202
10411
13012000
10220200
20010112
22210
10102000
310111000
120010003
200111110
102101110
13102000
300120001
10103101
12011200
12102100
2202010
1001203
100011211
11300011
202011100
300200200
120003001
201120100
211020100
300110101
33100
100002022
12000100
1002040
10002001
1203010
110111110
120011011
201000031
100420000
300004
10114
1020112
110100112
1003120
202101010
201101200
201400
111030001
10131010
101010202
2001031
210201100
300000010
100300021
100100140
21400
20310010
211110010
31100002
3000100
102110011
100001101
4011001
110022100
112101100
200100112
200020102
10110103
10204
2100031
211300000
210121000
100121011
214
210210001
13002100
12020110
330000100
200120101
103
110201020
111001021
110210101
200200012
210100
202000000
32000002
220110010
201001021
100213000
100102003
200020120
101020
111010210
10200004
10002211
120000100
201200011
3001210
11030110
11023
12001021
23100100
30100102
30030100
400003000
110000041
1001113
200201002
12111010
1101022
100030300
220000102
311011
104011
421
10020013
21121
10001401
2010310
4002100
101212
240001
200302000
200121100
101000203
212010001
2120002
112021
310020010
31110001
4000030
1130011
112200001
1000012
110021110
300011020
23010010
22010110
13000201
1000210
203010001
100120102
100110004
21101101
10110004
2020120
200100211
311101
230100010
20000311
410000011
102000103
322000
300100120
100013011
11000041
210201001
110310001
110020120
200200300
410100001
400111
100002301
111004000
1122010
140100010
100201300
201012001
101020102
22001002
1001320
41000011
2302000
103021000
111120010
10002130
2211001
300202
111002110
101100112
110000032
2101003
100020100
21211
1312
1110022
201110101
133000
1300
100111012
22200001
10122010
112020010
104001001
100100011
111000031
11100010
11210002
100110112
10010203
11002102
10302100
10040020
302000101
100033000
2010100
203020
23200
42000001
10201300
10101121
20000041
100321000
330001
300130
400002001
1204000
13110001
10032100
2112010
10131100
130020001
30002002
121010200
311010010
301021000
14000200
1103200
210100102
10020031
2011012
1010221
13200100
110041000
300020101
301102000
3121000
102001000
12013000
12022000
31001020
30100120
1201210
30200200
30001030
100111300
1410010
1200202
120031000
2002000
301000120
211210
102040
112012
204100000
130102000
12040
10201210
1030120
310100011
120030010
200011030
3300001
200011021
20100013
1212001
104010010
1000141
2011201
101000221
11200300
13200001
22002100
10002040
20031100
130002100
130110001
31100110
4010020
20311
102100210
410010100
200210002
11102011
1123
12120100
21301000
10210111
20002300
120000202
2230000
421000
200100031
12110200
210010000
110000002
201000130
200010022
1100203
110012101
211000111
110003110
3201100
100001200
104101000
1020103
1110220
11001121
112300000
122000200
240010000
104010100
1310200
11040100
21201010
2310001
120002101
120000010
130003
201112
100011310
20101
40200001
20010031
201103000
300100012
101110012
22102
1111021
102100
1001041
40000003
2001400
101000032
300210001
2410
10200220
300400000
300010300
1420000
311200
111000010
1021120
21010000
11401000
3202
1100122
200211100
210011200
220011001
2020003
2002300
104002000
20040010
12012001
301300000
230001010
120200002
210211000
100000330
400200001
121000000
101200030
201031000
111001300
100001122
210100210
30111010
302101
21021010
20013010
10001320
1020220
401101
10030
40111
1023100
43
10021300
10030003
2000023
3011101
110010211
1031200
1010110
20020021
20001301
130010002
200001211
102201010
101021110
41101
213010
3010012
301000300
211010200
101010103
124000
22201
140010001
20010220
201031
200020030
300002011
300000112
40111000
100100401
12000301
212000200
100330
101122
10300102
11010310
100210
20101012
10000411
200001112
301200010
11211010
12121000
21300010
1010311
203000002
220200010
30201010
21110002
301000021
1112200
12030001
30100021
132010000
110200300
30003100
130101001
30001021
110100310
1300201
100312
30001
101102020
100300030
310020001
320001001
110001010
101101300
201000010
231001
120310
230010001
110100400
121
1201
31002100
21003001
21011002
1230001
20410000
110301010
102220000
2000200
201011020
200001301
1201012
112011001
131200000
100003120
12012010
21210001
40002100
3120001
31200100
101004001
20300020
103001020
114001000
2004100
2320
120211
10002202
100021
23000020
421000000
300003001
3010030
100022011
10011121
204000010
100123000
11101012
101002
13010020
2102002
30010102
211010011
303100
400030
1040011
1000231
320100001
20220001
10010302
100200220
210130
200121001
1100320
101230
10101202
4201
2012101
110301100
210010120
200021020
1130002
132100
112000
110001310
12310
10020121
202201
110013100
100221100
10200121
1201102
110220010
121101010
200012200
4011010
1100200
202000210
101001301
101110120
22001101
210013000
200030200
200000002
2031100
11300101
11101300
20201020
1001023
20301001
11012020
130000000
200020003
102020101
202010011
100112011
211000021
210020200
101000320
200122
211001011
12112
1220101
110030101
300111010
1311010
102130
211012
103210
140001001
101041000
111202000
10330
331
1011112
1010104
40120
1120003
210001111
200111002
102011002
12100111
400100020
200131
1110013
12300100
40001101
1022101
200101111
110000110
3101200
12003010
10201012
11040001
1310011
100021111
220021000
21110200
301020100
302100010
2000401
14100010
110200
10003030
10003111
200003101
302001001
12100300
1101211
1012201
32001010
40030000
30010120
102002200
111030010
1100131
120120001
14010010
10012030
310300000
300012100
2001211
330010
4003
10201000
10113010
2100202
2001301
402001
111000211
21200011
130000300
3210100
2111002
100200100
111300010
1013002
12010120
21102100
121011100
111011110
1000300
300103
1132
1010014
20000320
40000300
320020
101103010
11010100
2014
101101201
121110100
102001300
211201
100021300
100122010
100002010
10011040
300000202
20011120
14001100
202
13020100
20202100
10001020
200000011
3100300
202001011
2001310
1330
1003
420000001
102130000
32101
100101022
10010122
211000030
120022000
110000203
211100020
12000220
20100121
100110100
1002121
200003020
121110010
102003010
101200
10010311
1201120
10021210
112000111
110230000
110003011
110121010
1100011
110221
10110040
32001100
104020000
11310100
12202000
110110
10200400
210100300
200002003
111103
12010030
121001200
100003102
111000310
122000002
310110100
210020002
121201000
20101111
132010
201010012
1200220
1102102
1011040
10220011
230011000
310210000
200011201
3001
10004101
113010010
30100030
100014100
42010000
200111011
100011040
122011
1003201
2310100
100111120
200020012
31102
12001111
4200010
11200012
200000101
402100
110120011
11102020
10201120
10000132
120013000
101401
2121010
11220010
4200100
1011004
1202011
1002100
231000100
100002103
22201000
111001
21004000
10110121
220002010
101023000
200120110
101040001
2022010
300103000
101401000
102000220
100040110
21010120
20101201
300021010
212010100
40000000
10000402
20211100
201040
211001200
101010112
10012120
11021002
1211011
21100201
230101000
100302100
100200130
23011
11030101
1010023
20001013
301020010
101014000
200400001
1101202
22210000
200200021
13111
31002010
30120010
202200001
3011200
100012003
1114
22010020
12004000
100020031
101010121
130200100
20000401
40100011
3030001
103010110
211003
10200301
120013
12100102
1101004
101001112
411010
400001101
101100130
22012000
20100112
220000003
100013101
11010400
110220100
1021210
110200201
112000000
30102100
101301010
102001012
320100010
111200200
30121
111100210
10310200
302020000
201001030
2111101
300210010
200120002
100002400
3100120
210000211
121101100
200000122
100140100
10130200
101120101
1231000
110210002
230000020
110300011
21010003
140000101
100120003
400020100
21000103
110121001
220020001
120011110
301000210
201001201
11103100
2401
1100020
112010101
33000010
123000001
130100020
2112100
300220
300013
21022000
10230100
2101210
112101001
120130
10320001
130001200
240000010
401001010
31201000
200201200
200101
21021001
1021012
220000000
321001000
310002010
110111200
120010120
2101120
210010003
3210001
120301
101200201
320020000
20200030
102210001
110410000
101000011
1140001
110022010
100000204
10211200
232000000
302010010
14000020
100301101
30310
1014010
10310101
201001
130003000
3031000
102020200
2004010
112100002
22100110
110200012
101010022
10320010
212200000
122020000
102002020
3112000
100101100
100020103
1021021
20301010
31110010
400010020
11010004
100030030
102111100
103110100
301012
101021101
22011001
10121200
302002000
220000030
110003002
101113000
111031000
100021102
4001101
200004010
100022200
11020030
140011
111000013
1100101
110211100
300120100
11011300
40020100
1001011
130012
210021010
101011111
213100
11011102
110201011
10023010
3101110
312010
11111200
10013200
11032000
20410
210111100
310100101
200002030
110000230
20110003
40100101
31012
10030102
2100301
140100100
20000140
3100030
2100013
210002110
101002030
200310010
4000
11202010
12000310
123000100
410001010
101200000
30130
110100031
1203100
101112100
111001003
23001010
30010000
300002110
120000130
110000023
102112000
10022101
11020021
40100200
102010102
410110
20032
2100121
2400001
101200012
311000200
200041000
400111000
11100013
12200020
1021102
23200000
302000110
10010230
10111012
130000030
32010100
1010302
1002400
210022
12002200
20011300
101302000
101140
100030210
10003
11000302
30101110
3020002
102001210
12310000
11201011
121012
1211020
221002
310001020
20110300
401000020
21110101
100030201
11001400
201301
310000030
201120001
20113
10032001
10020301
200110000
1011013
102210100
13101010
1011301
10201030
11012200
322000000
131110000
300102010
210010210
200041
200010310
10020103
123010000
310010002
10014100
3111010
100104001
2102200
221000101
20131000
200000131
202010101
201000103
201120010
1002001
301001200
113100100
3011002
2011102
11200030
1011010
10020004
2040010
21110020
301110010
120000040
212100100
1112020
12000022
102100102
101011210
111030100
11120011
12013
21011110
3013000
1010020
11104
110110210
2002102
130210000
111010030
2023000
101001010
10200040
1020004
3211000
11200111
10000
30013
11101201
13011001
23020000
300010030
22003
200010040
10402
3000121
400102000
200310100
30001012
200001013
111110011
20010211
2031010
100200001
400020010
1013110
12200200
20202001
30010021
100003
1000021
30000100
10111030
120011020
110010130
2300200
100401010
210202
110101030
12103
101022010
21111010
202200100
100210102
3121
12211
1030201
2010031
3022000
30022
1110310
1240
1020130
10021201
210220
102000301
32020
100010401
100010011
21011200
10000024
100101121
210120010
213001000
121000030
301010002
301010011
100104010
203101
3220
12121
22000021
10011202
112001200
101120011
111000022
12000004
100120
110010100
100320100
101113
112010110
10000213
21100102
110001121
40021
230010100
10001140
30110002
200001121
101040100
101202100
122011000
3100
110211001
1020301
40000111
1030000
112110100
111002020
100010110
41010001
301201000
4111000
100012120
11320
13001002
22002001
12301000
1010011
120200020
200013100
200101120
1401100
11140
101130001
22000201
20101021
121002010
1020031
10111120
10010023
230000200
200103001
100100104
11301010
100010101
10222
110011012
100212001
10022020
20040001
2101021
2002201
101022001
300112000
10111
13
10131001
10120102
230110000
201012100
100010302
112110001
20120011
10013110
210201010
102000400
104000101
200001202
211101001
102001
311000011
200110210
110210200
1201300
20210110
12100201
320000011
300211000
2022100
100100131
21012010
30111100
201200200
103000
200100301
11001112
13020001
2201002
202110100
4102000
311002
111210100
22100011
11020102
10121020
21012001
111101110
120010201
201004000
11301100
101110201
400110010
300220000
31120000
101000014
2020
10202110
10004200
210102100
10001110
201002101
100022110
3202000
102002011
2000014
141010
11000113
10210012
200021110
202010200
130300
11210101
2212000
200102002
202300000
300310000
220001002
30101200
3200101
2010400
20002021
12120010
2012011
101001004
10003003
101031010
3110002
200002
21000004
1210120
10030210
120300100
202000201
1012210
2120110
1120210
20012011
23100001
10000420
220020010
130010011
41100100
101111020
11003101
210100120
100420
10130110
11104000
11000002
11001010
110001211
2020300
3000004
1004200
41001001
110022001
203000011
20000020
100000030
20111020
2002030
20020210
110010013
21101011
121001002
111103000
30011200
201020101
201000013
100102102
21010102
1002031
110200120
32000200
20002003
110111020
200220010
1220200
10112200
100101211
20010040
412000000
210002200
130000102
120000022
102400000
101020111
2130010
120000001
310003
111310
11011012
310000000
21310
10231
300010021
101010310
30310000
111310000
120201100
111110110
3102010
100033
10221100
20103100
10101301
20003101
1110100
1031101
102012001
30110020
30000121
201020011
12010300
20210011
110200021
11100004
10001101
311010001
201201100
2030101
3002020
103030
101400100
10000021
110100130
11010130
13000300
20001103
111220000
200202100
100030
111002002
110102101
11001220
121010110
232000
111200110
101210110
100020220
20131
10220110
40011100
11110000
202000102
101302
2210020
401100001
110101201
2100220
100042
31210
11003200
201112000
310000102
110001040
301101100
101000020
101000023
12020002
10110310
401101000
1014100
100310020
11014000
10011310
1000201
120100111
310001101
20112100
200130100
100031101
110120020
11130010
10202101
30013000
130021000
100001113
202100200
3021100
100310200
10030300
140002000
100001203
1103101
1201021
1020121
102111010
10002310
1001014
320200000
3000001
111101101
10121011
100010002
11110012
110200000
210002011
101300200
3101101
230020
300121
1040200
11000203
130300000
301000030
201110011
20101000
3003010
1132000
110311
122020
13012
30001000
301001101
100210210
32110
112300
11012002
132000010
30012100
121100020
300110002
330100
1030012
120100210
113200000
102300010
100201102
101210011
3100210
110001031
10211101
21300100
31111000
200201110
20003110
100010212
100002310
223
20400100
1001212
201202
204001
10301110
210020101
410101000
123100
13010101
2010001
12130
30001210
200000104
101300002
12400000
102101002
401002
303000001
20140000
3004000
1130101
21000202
130002001
202210000
122200
100020301
10200031
121030
100411000
220010011
211012000
102200200
320002
100100230
311010100
32100100
430000000
101011021
10014001
1031020
40100110
32001001
10001002
10040110
401000110
100100110
1
20130010
10030201
40010020
40210000
211100110
101020003
1011400
410100010
23100010
120000031
140001100
102300100
200020210
11110
1212010
22000300
120110200
10402000
310201
1211002
100004101
10211011
20121010
10110112
120001
200102101
300001
410200000
200301010
220000201
30102010
20002210
102001030
11100100
31020001
10020202
121111000
112001110
203000110
20221000
101020300
21120001
320000110
21013000
100003021
12110002
220000111
110001400
210101002
201211
213010000
111010111
11122000
1024000
21101200
111000400
11022100
30020020
2122000
301003
100202110
400020001
11041000
21020101
112001011
210000004
301101010
200001010
100100410
400002010
21000001
112000120
210000100
20000203
141000100
100020310
10302010
40012000
31003
21210100
21000310
21001201
20021002
10011130
20121100
100220011
111003001
1002010
321001
120100102
12002011
12000040
140110000
210021100
21110011
112100110
100204000
100100020
20120002
1021030
211011001
213000001
20401000
103011001
100010113
4120
1420
11011000
11020201
2001202
101001031
121000021
100330000
100020400
111020011
101311
110211010
11101021
200010112
140110
100030111
10004110
200011003
310300
200102011
131002
10102300
110110120
110002003
101000140
100011001
10110022
120112
110010031
10101100
10001302
222000001
130000021
121010020
200010100
102110020
3004
1120201
21010210
42000010
221000020
22001110
204100
400100011
30202
101012011
1000132
101020012
303100000
140010100
1300030
11210020
102210010
1300210
200030020
11140000
101011000
302020
1020100
40000012
120001003
210000001
4020100
100020022
10012021
32101000
30101020
2130100
20101120
200200030
2200111
101011003
223000
32000020
220000210
200201101
1021201
101000122
20100022
20022010
11221000
102020002
10100140
11010103
1012300
10012201
300022000
200002000
121011010
110011210
320110
101120200
10102201
10001023
210002020
101102110
100301002
1012000
10210030
22100002
110013001
310101010
2000410
1222
100110040
22000120
11200102
102013
220012
140001010
3000130
101000002
100302010
10130020
100021120
120002020
140000020
210200200
120201010
30100111
110020300
210020011
110003020
201201010
3001111
4102
10102120
21030100
41000002
100030102
1103020
101010220
2200210
2201200
2201020
310100002
120101002
1040002
110201200
11012110
10020112
220021
200300101
14002000
4001011
40012
12002110
1020310
120002002
100011400
30011101
10002220
312100
1400020
20200111
102010030
11100031
10210
102202
400
111112
12010111
120210001
20203000
210001003
120011101
102000211
31111
11201002
200002210
100320010
1002013
321000010
102101200
100032010
11101111
11100121
10
110031001
200111200
110001013
200001100
202201000
102013000
101310001
100201030
10103020
320001100
120020002
120004000
1303000
3110011
2101111
10031101
200102110
101004100
22111
10040101
311002000
23110000
20020000
41020000
1000003
11200003
2013001
310011010
20113000
2101
11101210
1101103
11000101
201011200
201210001
111000103
111012001
101002102
200103010
100100041
1400101
100011121
121200010
20012020
13111000
201400000
20320
1140010
11120110
101201101
100041100
300002101
200202010
10110400
21120010
23010100
30004000
100001140
40201000
101010013
20020012
122002000
210200110
120111001
1101040
101021002
21011011
112120
30100201
302000002
130100002
200140000
100031110
120000400
4100011
110202001
410000101
200110120
400001200
10123
21111001
121210000
301200001
410200
1141
100101001
21202
101002003
201001003
102004000
220
21101002
2100103
10000000
302100100
1030003
100211002
10020310
10003021
320000101
12004
20002030
20120110
20022001
10021120
110300002
200014
14110
4000120
111130000
400011100
21001012
21100012
211021
13011010
4000210
110000140
2000320
2110030
100013110
301
101021020
110002012
100002001
100113001
22000000
20110111
2020000
211300
410020
23002
2122
10202011
310020100
1020400
11010010
1200100
11120101
4210
230200000
10011400
201010030
2013100
1000303
200113
100122001
12022
1300003
100121200
240010
100121020
400000120
400030000
2003002
1001110
400201000
100300012
31030
1101400
10021012
10011001
30000010
31010020
12220
1303
221020000
110300101
10110202
102121
12111001
201013000
110010400
31101010
204000001
110102011
100120201
101410
100000312
1031002
103010011
100012111
40003
100200121
300010012
211001020
21100120
210010
11001202
101100220
32010010
13001110
200031100
104100010
13100011
100020040
100003210
1104100
12000400
130200001
300101110
200210011
34000
131200
114001
2301001
110210110
10212010
300101020
3030010
202001020
101000230
100010131
2221
122010010
1200103
1001020
113000020
300200020
40100020
110012200
201100102
101201020
301030000
411001
1310101
20130100
21031
102010012
11003020
111010120
100000000
303000010
131000011
221010010
201000001
100040101
11210110
101202010
10110013
110020021
114000100
200221
100110022
112110010
131002000
300300100
200301001
11113
1221010
112002001
220030000
20020111
111120100
20001100
110001202
220100002
130001101
201300100
2020030
1000033
131000200
32000011
120220000
120112000
103210000
10104010
120200110
30012010
2220010
21002200
12000001
2200120
112000021
210110200
20011102
100110211
100042000
121200100
21000010
1100302
1012
221001010
300020002
41000020
20011111
100010041
110103100
11310001
2021101
22012
20041
10100203
103111000
30111001
3020101
100203100
1321000
22300
420001
110200102
30200110
220100101
111101002
1110010
12001012
110031100
21010300
100132000
200012020
1010032
102201001
10011100
100200040
100024000
100012201
22100020
20203
10130011
20004010
10000033
101000131
301300
101400001
100032001
1000321
202102
300012001
1100230
320110000
221011000
20000011
10400002
400100110
100101010
201100201
10200202
10210120
11021101
400200100
110400100
113011000
400000300
201110200
211010002
203010010
104100001
200010130
102101020
101210002
400010011
2031001
1014001
202012
103110001
111031
10100041
10201003
20210101
10000204
12300010
211011100
212100010
100220110
101100103
1111120
101010001
10030030
30000220
110000104
2012110
100041001
311000020
130001011
111011020
200300020
202001002
2000311
14000110
2110111
210001
400000030
300010210
31021
1201111
1001302
202002100
11020111
10032010
210004
11002021
110023
40020001
130201000
111100300
100002220
1011100
100010020
101112001
221000002
102030100
101101030
1120030
2310010
201101101
111010
340000000
320010100
130010020
121100101
4000000
1222000
103102
1023010
201004
100300111
110000320
20001112
12100000
100002100
10004020
11010001
1202020
321010000
200020000
101211100
101210200
21020011
10300210
101020021
102011110
103000210
20002
100004002
310110010
200000113
2000203
1211101
1000024
210121
223000000
221000110
200001130
112200100
1020010
121000210
1302010
100111111
102200110
300021001
12112000
100011022
10013101
1041010
20121001
10031110
120021010
101110300
300110020
240000001
1130020
110010121
2011300
210100201
102100021
3020020
301001020
201101011
11120020
11230
11001130
110100103
1101130
100300300
120030001
210012010
101020030
1012003
1113001
11212
42001000
200001040
201010003
2110300
2011120
4000003
13100002
20101102
21004
30120001
1131001
30200020
300201010
210002101
300101002
101030011
10100200
121020100
101004010
1112011
1011202
110040100
10000030
302200
1101013
100110310
1010212
10300201
1301200
2010202
200000230
301100101
111300100
2200
10310020
201011110
301002010
111000301
110100211
112002100
200004001
2120200
112011100
300200002
3001300
11201110
100031020
100001320
1121020
20110102
10040011
32110000
121000
110210011
20102020
221200000
30040000
101101012
20120200
12220000
42010
400001002
102400
110101012
110004001
3002011
3000013
303010000
13000003
120000220
111110020
301110001
202021000
11131000
100020001
20211010
2100010
301011100
310100110
20010103
201002200
100031011
200010010
2121001
220102000
210000112
101201110
1011103
110102002
1202002
31011010
331000
11004010
12200011
112000102
310
12200101
120001300
1300300
201001210
100312000
401200
200021011
110110201
1122001
301003000
300003010
100000132
10100101
24000100
1100014
10010011
310012000
30020200
210000130
410000020
21110110
100211101
10002121
10010002
10102012
30021010
121100200
103100020
100100200
11101120
10021000
2002021
204010000
10033000
110310010
310010020
400000000
101103100
111001201
1200400
10001410
40101100
1400002
12011101
1001032
22101001
410002000
2100022
20300002
200030002
300001201
1102012
1200010
2110120
20300110
110300110
20030200
200030011
200101210
4111
110101210
12000112
203200000
110401000
102301000
201003010
100202101
114010
100102201
11011
300010000
300001021
2003020
400001020
142
1010113
12001201
11010112
30101002
214000
11031100
11020012
211201000
200011012
120000112
100032100
1101121
10200022
2110102
220210
30220
1001002
121030000
200000320
102010000
400200010
200100040
32011
142000000
122000110
400300
131001001
112020001
110110012
13000030
300010111
301002001
2002120
1013011
20120020
220001110
210030010
2011030
12110020
1200031
1030021
10110220
210010030
200010103
301030
11002030
10103011
21001021
30112000
122110
100010122
11011120
10012102
102022000
201002011
2104
1010131
10211110
31000102
30000202
320200
301201
101014
10000321
21102010
110201110
110000200
403000
4021
111000130
100120120
120020020
110030011
300000130
2021110
11021200
110011
111021010
11112010
3100012
210301
110012011
2202001
110200030
21112000
100000141
101221000
102010003
20102011
200000020
1210111
10003102
20100400
10024000
140020000
22120000
201030100
2000230
14001010
110002
121002100
10101004
20100103
10300021
21100300
131100100
3000040
1122100
201220
100010023
140010010
200410000
120020101
110110030
102201100
3000202
11001031
21010
2140
11001310
121201
121300
100010311
203101000
110003200
210001030
200011300
4030000
101310010
20100130
10012300
