41100030
4113030
1224300
330011130
41103300
31121100
222330000
411033
1110330
2220000
331113000
422100111
31110114
330141
1414110
22311030
11322030
330300300
300111222
30300222
31113030
3030141
11403030
422100
303411000
30031221
122411100
144300
11212113
11102223
141000300
11430030
22231110
11103330
111112140
111001140
222111003
33011130
4224000
11114103
11211
311430000
41322000
3114300
14322000
111111300
11111241
113223
301221003
302331
222003111
330300000
300001440
114014100
4222110
111041103
141003
13331100
330000033
314400000
300330300
34410000
30011241
3311103
14222100
303001410
22241100
122100330
1111413
330011100
300004110
300001410
300002220
30303000
30303300
301413
111012213
23310003
23310
300030300
330222
33300
222001140
12321030
1221030
11111100
302331000
3012321
11114100
311400300
122130300
142410
1133310
114000003
12224100
222000003
233100000
31110
4413
122103300
3233100
411300300
311111130
41430000
30014103
30000144
30002220
4110000
111303003
11101413
111111141
303000033
142110003
3003222
31224
3222
122101140
333000111
304111110
3033000
111311103
111222111
112121103
222000000
111001332
113220
1412220
333000003
303114000
414000030
144001110
30331110
14130003
4141110
111004113
112110303
2331003
111111111
11113320
441111000
122400003
12221103
124320000
222111
3141300
3111300
303030
11400303
12210030
30031410
41241000
31121400
141000003
4413000
11131110
122212110
333000000
300003330
3030111
111300003
122211030
22422000
1333110
303041100
30044100
114000033
30222
222111030
23321100
301121130
311111100
114001140
111030
111012210
141000330
13323
303300300
414000300
30330300
30311130
1113114
222000300
12321003
414111000
31221111
133200003
30141003
111222300
22311
33030030
30012210
3300033
301410
1124211
111411
11411211
11130030
22201140
123240
12211113
23421000
222222
300111141
300122103
30000030
304140
111322200
111003
113220000
33000300
30001113
144
22200111
411300030
301332000
301110222
41222100
303303
411222
1332030
300411003
411300000
141222000
414111
222030111
122430
12210000
303330000
301221030
30011214
112110030
441003000
143220000
4122210
411300
122114100
11100300
303000222
302220030
41130111
30000333
314100
12240300
42210
301132200
4124100
3000111
112410000
122103111
111111033
11100141
411030
23340000
111011241
1122210
3011214
114000000
111333000
22201410
30122400
141011103
3000303
4111140
44103
30011100
114003111
1410303
332220000
414030
344100000
30003114
30111411
141111030
141000000
14101410
1441110
1121133
2220030
1221114
300322200
300003003
311103111
411011130
3300030
3312210
4110003
2223003
111300411
444000000
330303000
300030222
301110000
30314100
3004110
3001143
1140000
222004110
300000414
11132220
2223000
300
312210
11214003
11112321
331140000
300001224
33000030
3331110
3114111
111014211
111011400
1132200
144111000
144111
142221
22314000
1440
300114000
142410000
330001113
300033003
3300000
14130030
14103003
11401410
1421400
301110303
142110111
3222300
4121103
1440003
2231400
30
330001410
411000030
300112113
30003222
3001140
31140
111001413
1113
111000000
112222110
11122311
1233210
11403003
422100000
4221111
1110141
22222200
300003
111312210
11111130
11112210
301113111
31111113
122103000
11100144
11100030
331110003
322200003
114022200
111033030
41322
301110141
31140030
141112110
4113111
1440030
311430
412110
333
112110003
22201113
33000222
30003030
111031113
111030000
122211
333003000
3222000
303011130
141030030
41104110
114112110
1413300
111411000
233100003
414000000
141000
11214111
141
124320
30303030
234210000
22214100
311103003
3033111
4110411
3002220
11401221
141300
11130141
330030300
300003303
300004113
30022311
14430000
3000333
11213220
3422100
11430000
11400030
11141100
11211003
222001221
13431
300144000
300030411
301110111
311403
222003030
30003111
3011211
112140300
111003300
44400000
141031110
30001143
30112110
3333
11101224
11111211
301113000
302220111
30141000
3122400
412113
303001110
300003222
30033300
14104110
122222100
11322111
441000300
300001143
41133000
41100303
41212110
301221
1224000
224220
3011430
3000033
1221141
311400030
1221303
12211140
412110030
33300003
41214
411141000
33041100
33000141
30114300
111031221
111111222
333111000
303222000
411030000
33000000
41130000
112143
112232100
3412110
3003033
4121130
1411110
1141221
301224000
411011100
30300111
30141300
42240000
3014103
331410000
411000411
311211111
301122210
144011100
141002220
3114003
300141111
311211003
11133300
12213003
111222000
4110300
3111411
11111133
30001110
122133000
12213030
11101440
112122210
330111111
301140111
300111033
312210111
300032220
311103030
30414000
13320300
1110300
42321
303030300
411014100
3303003
114030300
3030222
3001413
303141
14130
302220300
111114003
303011103
222301110
22203
303003300
411001410
30222030
1410
111011100
14130300
331410
11103030
12211410
44111100
33000111
30041211
222300300
112410030
11401113
1421100
1110000
33001221
30122130
14400000
313320
144000
122103003
123211110
300011430
41141100
30000114
30222111
3022230
111112221
330003111
412113000
41400030
30114000
43320
3111
22233
12210111
31121103
1141140
111001224
1111221
14401110
3033030
4111113
423210
111031410
301110030
1440000
111000144
22211211
22201221
330003030
111041400
3011403
112410003
2220303
123210
300300141
301110411
41111130
141011211
2234100
22211130
11100003
4110030
330114000
300414000
300300111
31410030
41130003
141030000
3033003
111030114
122241
114000
303003003
30301113
31110030
3031140
303300
122141100
111114030
1443
112113
12210141
300411000
30003411
41211030
3041100
114000303
303330
41241
111022311
22341
330311100
411000033
33300000
30011103
141022200
3002331
111042210
12432
30004113
114300030
11400003
222041100
111022200
30011211
330000003
300303003
300314100
301140300
300141003
30001140
141000222
1113111
330022200
300014103
11400000
14430
112113111
111014100
223140
2331000
411001221
30030033
3111003
300303
11400111
300000003
32220111
122131110
122111130
122100111
111122100
303300030
301411110
300004410
12240003
111011322
22200222
441011100
41131110
31114110
31110003
330030
112110300
12212220
300441000
33011400
3303111
1221330
22202220
14130111
13320000
12232200
300011103
34110300
33000033
3141000
22341000
41103111
3112221
11100330
30300030
41100033
11214030
11222130
123321000
300041100
311100411
3301140
1143300
33141000
111303300
112410111
114411
14214
2220114
233111100
11400114
141111
113220300
330031110
114003300
111411030
112221300
122100000
11130033
222011211
301413000
41101410
3030303
31410
301121400
41400000
30004110
111301110
11433
44103000
3311100
3222111
1110003
22311111
33003000
31113003
14100111
331113
1232130
312210000
144000111
141122100
33000
23310300
22200003
330300
442110000
311101140
33114000
114000330
30111300
41100111
111013320
312210300
300111300
300000111
222300000
111301221
223410
113221110
30001413
31111140
3300411
3223110
333030
222303000
1113030
313320000
301111221
3111000
111004140
112410
222002220
133311000
304110300
300014130
330003
1143
112332000
2221221
311101410
300012210
3300303
14241000
4232100
114011211
11411400
12213300
11212110
141141000
142113000
41100000
222122100
111111030
300303030
411011400
141330000
30112140
311103
1422210
222011400
2231130
303012210
301141110
33030003
30300033
41211003
112411110
1114140
12211221
411003030
301111410
300012213
33000003
22203300
11101143
133201110
330112110
144000000
30312210
4110111
112440
222003
33300300
303114
111300303
223110111
411000000
141030300
14100033
222000111
22322100
330004110
412110111
14111100
34140
13320030
111111114
111111000
1222110
300004140
411111000
33030000
30001410
330030030
303111111
11430003
1432200
122430000
1140300
11100414
303001140
411012210
4440000
4113300
3122211
31413000
141003111
14403000
2220033
341103000
311133000
41100330
111300141
122130030
12324000
301332
222000330
223110000
222111300
300003033
422111100
30012240
30000003
333003
1413030
1140330
11100033
23340
1121322
314101110
300003030
114011130
111411003
33030
23313000
111414
1113411
302221110
301121100
141003003
41100411
32231100
3411003
11141400
122100030
330111300
330222000
300011403
311100114
301222110
413220
11130222
3301110
222031110
111123210
303001221
300141030
3031110
1410033
1141410
1222140
301221111
3141003
114000111
4112220
441003
122100411
303111030
300422100
41411100
1140141
22200141
13320111
303311100
303030111
412410
2331030
311401110
111304110
301110
1232400
112110033
222011130
112110141
111111003
300000303
141303000
30301110
4114110
3114000
11411103
111303
331221000
3030300
12213000
111111330
122130
111003003
330041100
331110111
314211000
311131110
44100300
33001113
141041100
300112140
111330030
223140000
112113300
11144100
330411000
303000330
303011100
311100330
300113220
3011322
11400222
141411
11131113
30300003
3111111
111112113
30411003
122400000
30144
32223
1121403
1221411
112140
233211
330002220
301114110
31411110
411000111
22200033
30011430
1232211
303303000
30300411
111300300
312213
11402220
11103114
300141000
300111303
303411
11114130
2221410
133200000
300222111
30111030
11422200
12210222
441000030
300112110
31112220
11400141
1140030
300000411
411001140
30022230
1411410
111011130
411114000
30030000
311214
1410111
144003
11241030
112121400
311130030
30300141
14100003
112110411
303011211
3303300
112114110
1132230
1221003
111012321
312210030
30003003
31224000
111033300
322200000
300441
112124100
11100333
411000222
30330000
114300000
4140030
1410114
31332
111014130
123210300
112111221
301410111
31111221
11241000
11241
233211000
1111332
330111030
311104110
14103300
3112410
34221
30033
1124103
3030030
11100111
30003033
1140111
222000141
414000003
14112210
111011103
11214300
422103000
311100000
41130300
3034110
311322
111030300
41130
23310000
341130000
300300003
30012213
111311130
22211100
300003411
30411000
3303000
111141030
112221003
111001110
300034110
311112210
31110303
3014211
142140
11104410
342210000
300222000
30411300
41111400
30014130
31232100
30223110
11111430
222011100
2231100
24420
311111103
3004410
300033
41211
32220003
114011100
33141
11130003
123210030
11222103
112121100
300000000
330011211
141300000
30000414
222022200
33411000
411114
1114110
2220330
224220000
304110030
30031140
31122210
14100300
3122130
141030
111122130
22204110
300303000
300030030
142110300
30000411
142110030
11412210
11130111
1343100
300112410
30003330
3030003
11430111
111141003
222114
111222
30301140
141003300
4143000
122400111
11430
112224
301111140
30311400
31113
111114300
300000330
301110003
33411
112332
1221033
301440000
300033030
311100303
141030003
3330030
14400111
11401140
11142210
303022200
412410000
300002223
41114100
32331000
111441000
1413111
122100222
2220111
33011211
141012210
41112210
411303000
34113000
11441100
411003
112110330
222030
300031140
411003111
300012321
3411000
3112110
133230000
1224030
12211110
341101110
30011400
114330000
3012240
330030003
41102220
1222221
300300030
30111111
4140111
330003300
303000114
311211300
30041103
300411300
300142110
3111330
22200114
11122200
300233100
33030111
412221
30411
11130114
123240000
411030300
422130000
300022203
330111
222112110
122322
411011103
311101110
33022200
330114
34110
2231211
341100003
300031110
141000030
4221300
111411111
12221400
11211030
301410300
3004113
4110330
12210303
1232100
122100
303111003
311103300
30141030
2334000
12210114
2224110
330030000
303030000
411330000
311130111
3030033
114003003
1124400
112221030
11101113
113331000
300303111
312210003
300111003
3033300
4110033
2223111
223110030
30341100
11101410
1121130
411000303
30011133
111030222
2223300
111000303
11100114
141300111
330033
122400030
111032220
133203
1221222
3041130
14111400
122214000
30322200
30033000
3300111
3142110
14212110
111000141
11100
331110000
11430300
133211100
22200000
1141110
4440
330003000
122403
300330000
311400111
301421100
3000300
114222000
111300114
34113
300311100
42211110
31121211
3311130
122130111
304140000
14131110
3001110
114300
111111411
114
1223220
303000000
311211030
4111110
222030000
11102220
1121100
2442
300111030
3300003
111000330
22200330
2242200
1221
30000222
41403
3000
111033
111030003
330003003
411001113
112440000
1440111
302223
111031140
11131140
3300
13321110
304110111
300031410
30144000
442110
311211
111122103
300301110
33111111
141000111
33111
11114400
11103003
122100141
330000111
413220000
114303000
4410300
12240111
111011211
300300033
1440300
1110303
222011103
330001110
300301221
33011100
142140000
344100
122130003
111011214
11101221
441300000
304110000
41403000
4140300
30414
1140114
122102220
13320
12332100
301121103
34110003
30412110
141001410
30222300
311400
114114
12241110
341100000
303141000
300000033
3023310
1413003
300144
111412110
33003003
30122103
3330000
111411300
222411000
111422100
123321
303000411
300303300
411030003
411041100
4110114
1113330
11122203
300042210
300114030
14100330
33114
44211
11222400
12321
34221000
31222110
3141030
30030
11211033
311102220
30031113
30004221
1410030
1140222
22200030
311111211
30033003
4221003
222311100
300111
111122400
1111143
1122240
300011100
30301221
141111111
3330300
3031410
14101110
111034110
11214
112221111
334110000
4410003
114001410
3000411
30141
244200000
31110141
3114030
11111403
1232103
12221100
113223000
112110
111300111
112413
300003000
33330000
41101110
11241111
111003330
1111410
114000030
444
1122213
341111100
3414000
1141113
30030411
112413000
422130
112140111
233100300
111300
411300111
301140003
311222100
30042210
3011241
4132200
301143
300030141
12243000
22230000
141114000
30000141
3111303
3000003
301224
23421
300411
303112110
301113300
141300300
41211000
3031221
14100114
441030
31440
114303
4143
223221
311100111
30030003
141014100
11103411
14322
11403300
301440
31140003
43320000
114300003
114330
12210330
233100030
300011241
30133200
111330000
11130330
2332110
30003300
11130300
223110003
333030000
300330003
141003000
4332
441
314100030
300300300
14211000
11103300
1113003
300022230
300112221
3003114
11112240
41100300
30022200
14100000
111302220
122103
14211003
122400300
11133030
14103
111222030
1221000
441000111
300223110
111002220
1112331
111301410
411002220
44101110
30000300
30111141
41211111
14141100
114122100
222141000
1114410
30300114
141011130
30001332
444000
32220
12210300
11211222
222222000
4113000
111144000
1122321
301110033
300012240
422100003
3000114
112410300
300222
122211111
300041103
30030330
4113003
222001113
314100111
44100000
3311211
1410222
2221140
111000003
112110000
1132311
414000111
411022200
311212110
30142110
14400003
114111003
111330300
3001410
114001110
30000033
111330003
312213000
3003141
3014100
223113000
11101140
11130
422101110
31110033
141001113
3000030
112111140
300003114
141300030
41214000
41111211
114031110
114114000
222033000
11100411
333000030
311103000
141033000
42213000
3003330
1411221
11242110
113220003
302231100
31110000
411
11322000
300301140
22203030
1121400
411000300
422100030
3000441
334110
1421130
14211
12322110
3003303
3001221
41400
3
30303111
142110000
11411130
222003000
1121430
1110033
111000
331111110
300111114
323310000
30300330
111001143
311130003
30301410
3000000
114300300
3030000
122104110
22311003
33003300
31143
2442000
330111003
311122200
30114111
3001224
322200
112113003
122111100
44100030
3111114
414
11111214
22212210
30222000
41100
11103141
330011103
314100000
42221100
111030303
3141
300411030
44100111
44100
11103303
233400
114222
300004221
30114003
30222003
30002223
14211030
414000
3003
2232210
32220300
31111110
111300000
122211300
304221000
3330003
4140000
3000330
3114
1111224
300330030
300041211
30330003
41101221
222030300
1221300
123210000
3003003
222141
23310111
1410000
301110330
141000033
30011130
3301113
114011400
341211
1410330
12321111
2220
33222
341100300
302223000
300001413
33001140
30111114
30122100
114000300
12243
111022230
111023310
133311
300001110
14214000
111300222
223111110
112121211
12210
311411100
33000330
30003141
41211300
111003111
1121211
11133
304410000
300331110
411001110
41400111
14122200
314103
300141
303003000
33300111
1410003
30114
141003030
111303111
11133003
111014103
12214110
300030003
144000300
111112410
222000033
22200
300022311
31221003
311241
2331300
300000333
301121211
14100411
33033
111004221
2220300
303111300
41103
111031110
22230111
111003141
122122200
1243200
300000114
31110330
330330
411111
111141111
31221
222000030
11101332
330033000
3032220
3111141
411303
11130303
133230
122112210
11100000
331121100
302220000
301111110
31110411
14100030
11211411
222033
303004110
114003030
114000222
412140
122133
11111103
330300111
30023310
333300
11141103
4224
22311300
11400
1110111
300333000
300300330
411222000
33311100
34110111
41100003
1224
30000000
141311100
14100141
111030411
14241
22203003
11211330
412121100
3411030
133200
11400300
300031221
300011130
411000003
31421100
30011403
114111000
14102220
141114
111001440
322200300
30014211
3111033
11400330
33330
141011400
33003030
33111003
44211000
114030030
411000
12432000
33002220
4110141
111030330
11131410
1110411
341100111
222030003
2223
111111
41103000
111030111
142110
222411
134310000
1121103
142111110
3011100
3022311
3000222
4113
1110414
223110300
11212221
111011430
303003030
300000141
3300330
3012213
331110
141033
3030
12210003
300302220
300030114
30001440
42210300
14400300
3041400
111003000
441030000
311141100
411004110
301221000
300122211
1410141
300041400
411003003
3341100
114003000
42240
22422
34110000
141000141
4411110
114111
11403
12321300
11222100
111030033
341400000
414030000
300044100
300122400
300000222
3001332
300030
12213
30303
330301110
311211000
33303000
30011322
3003411
14101221
222300111
11130000
11211303
123210003
11111322
331110030
303300003
300033000
11400411
222003003
233100111
22311000
13323000
304110003
300030033
3013320
11322300
1332111
300222003
114111111
114002220
3414
222000303
11112213
1111110
300311211
300300222
111303000
300330
222300
111113220
2342100
1112220
33111030
141001140
441111
112140030
122101410
22211400
1123320
22203000
300222300
322211100
41400003
41122200
3300300
1424100
1140033
1121241
414011100
42210030
114000411
111000333
122111103
2231103
303000141
41103003
331140
41430
3144
311241000
223221000
333011100
300222030
3330111
3113220
4110
330
11244000
11223210
330300030
300014400
300123210
300013320
30000111
122101110
112221000
300030111
322203000
300001113
300133200
111300030
112110114
222001110
112110222
14100222
330014100
303000300
411112110
30111330
3441000
3003300
3014400
112140000
13431000
111000114
330030111
314100003
301111113
322201110
33300030
233400000
1113033
11322
330000303
30030303
141000114
330122100
411111300
14101140
1143111
122101113
111223110
11211111
111033000
30004140
141111300
30001224
30233100
114301110
3041211
33003
22230003
233100
422211000
30030030
22230030
314111100
300114300
144000030
141030111
3301410
4410000
11414100
11212410
11323110
303030003
301113003
311101113
3123210
111033111
11131221
113220030
3003000
222300030
143220
2220141
2334
311214000
33301110
3022203
223410000
222
333001110
4221000
304410
1421211
12213111
111
30003303
30022203
122130000
111011133
411111030
111000030
233130
300014100
31143000
3001440
114011103
4121100
300000441
222012210
30300300
31221030
41111100
2220411
133200111
11233200
41400300
31410111
300300
114141
222303
122100300
331110300
3044100
111000033
12210033
133200030
300014211
411111003
1410411
312240
1411113
312240000
411111111
300023310
114041100
333000
111141000
113231100
1140
303000303
300003111
411000114
30311211
30003000
3112113
1332300
11211114
11401110
111041211
11103222
122400
1112223
30111003
32220000
111003411
222000222
234210
41130030
333000300
303014100
141301110
31110222
3333000
3022200
14400
30030222
33111300
31113111
111114000
303033000
300003141
30330030
3112140
332220
1113300
30333
300114003
30000330
3300141
114111030
1413000
301140
422211
30111
1110
330000000
322200111
312211110
311100222
114004110
330411
122100303
30000
314103000
44130000
31440000
30311103
141111003
14111211
441000
11141211
3411
114300111
114001113
111001113
2222220
411003000
411122100
141004110
30012321
114030111
12240030
112112220
300033300
33000114
30123210
330000
303222
111003033
111441
303000111
122322000
111112110
22312110
2331111
33112110
3222030
323310
122103030
111233100
411030111
44100003
30033111
112143000
2220222
303300111
111311400
222000114
142113
300001140
300022200
30300000
30333000
30111033
3001113
11133111
1332000
333300000
14101113
111311211
122211000
314100300
412111110
33033000
341130
314211
111041130
233103000
11104113
414001110
301410030
33011103
30030111
114033000
3014130
433200
111004110
412110003
114111300
114012210
11400033
30441
411311100
411011211
4111410
12210411
1222410
341211000
3304110
2220003
300011322
30030141
32221110
111331110
222014100
244200
330000411
300330111
300412110
12324
144030000
31410300
31221300
30002331
1143030
22230300
311400000
41100114
1143000
30330
1111113
23311110
300111330
300001332
33003111
111311100
1140003
111122211
111002331
33031110
30112410
3301221
114000114
111301113
11214000
222330
300111000
41101113
300414
330001221
304113
411411
3300222
3030411
3003030
111003030
2223030
4140
111114
30304110
3000141
114001221
141330
111022203
23313
1113222
300311103
30000303
114030003
1410300
111142110
1224003
1114113
11100441
223113
301410003
422400000
322230000
1411140
44130
1140303
4410
1111440
22200411
12221211
24420000
142221000
31332000
3002223
3330
3033
112111410
111000411
123221100
311100033
4121211
1443000
111341100
411330
41133
1142220
11123310
3300114
114141000
1111140
12240
12321000
330000330
311114100
30141111
30114030
141001110
111030030
32331
433200000
144030
12240000
112111113
303000030
322311000
3411111
3031113
3111222
301113
1140411
111141
303002220
311400003
312321000
114411000
3222003
112121130
23310030
122100003
222111111
412140000
4221030
22230
330000222
33004110
31113000
41111103
111303030
111300033
30411111
42210000
14411100
111000300
122111400
300312210
300141300
33001410
144000003
11403000
312321
22203111
11322003
441001110
111222003
113220111
30030300
3041103
331221
223121100
112132200
300411111
322200030
142121100
422103
222003300
1113000
2221113
14114100
311101221
300002331
33111000
30300303
30004410
141011100
14130000
11211000
411000330
11103111
11211141
330011400
300300411
30041100
111314100
422400
111114111
303300000
300011400
33001110
30014400
233103
11103
3411300
14133000
3004140
14211300
3011400
414300
122403000
30303003
304110
341100
112141110
222001410
22201110
1332
33122100
30034110
44400
30014100
32220030
311130
3030330
3011133
34410
1113303
311130300
42321000
122101221
303003111
300031113
30111222
303003
322230
33303
301110300
3144000
303033
112113000
11111400
112110111
414300000
300030330
30112221
330303
11141130
1124130
300041130
411031110
300000144
30041400
41100141
31221000
30003
134310
30032220
322311
3441
300300000
31410003
14103030
300300114
411411000
301140000
412110300
30311100
42213
11100222
411003300
300333
141303
114033
33
12222210
303000003
333111
303000
11103033
11103000
111000441
411300003
141111000
111300330
31413
111003114
304113000
11433000
111111303
1413
311100030
4121400
3011130
112221
303001113
301143000
30030114
11211300
111000111
31124100
300114
441000000
3003111
14111130
22233000
122100114
1132203
301410000
311130000
33000303
4410030
3303
222000
3000144
330012210
411030030
311111400
300011133
411000141
301232100
30111303
112140003
4221
111144
11102331
31140111
31111410
111003303
1110441
330111000
34110030
141411000
31121130
222030030
1224111
1110144
31132200
11133000
11122230
1222113
111133200
30441000
111004410
222114000
122211003
303111000
33012210
31110300
3311400
11104110
22211103
14400030
441300
414003
222111000
414003000
114030000
3141111
114030
1113141
301124100
422100300
300001221
33222000
42210111
14103111
14133
22200303
11244
122111211
112111110
30300
111003222
300300303
301221300
3042210
300030303
144003000
3314100
341400
311100
11241300
111000414
303030030
311100300
30033030
30000441
114003
14100
303
123210111
141000303
30001221
4110303
4111221
122401110
300304110
311100141
30302220
114000141
11241003
300111411
32223000
30113220
3111030
311133
11411100
411301110
33030300
4140003
303111
222300003
11222211
111011403
300011214
423210000
412110000
144300000
41101140
30122211
314400
1332003
223110
314130000
34111110
141001221
1221111
300301410
300003300
301113030
300000030
4410111
233130000
122214
330000030
301140030
14103000
111301140
411141
141141
141222
303122100
300030000
31110111
304221
11104140
11212140
113331
31113300
3011103
300114111
141300003
30111000
111030141
303301110
11404110
1143003
111141300
111041100
111001410
111000222
411033000
34140000
111333
22314
111001221
11101110
11130411
303031110
311403000
302220003
141000411
30112113
3122103
3012210
1110333
342210
111012240
12221130
233101110
31140000
341100030
301110114
312221100
300122100
300011211
30422100
31140300
14211111
111330111
111414000
112421100
1110114
11333100
300301113
31410000
22200300
2221110
330000114
41401110
3004221
300000
322203
30411030
30013320
11134110
1144110
112113030
123213000
11114211
330001140
301112220
33000411
34121100
30330111
31141110
3322200
123213
3122100
122241000
2331
1121214
330000141
412221000
1421103
111033003
112224000
133200300
111002223
3000414
111014400
330330000
300311400
311322000
114311100
11431110
302220
111044100
300341100
30041130
3302220
3030114
330300003
330000300
304121100
300311130
30031110
41103030
1124100
311100003
300122130
4421100
14403
1114221
111330
300033111
42210003
14111103
3133200
11104221
441000003
303011400
300111111
14100303
4110222
133203000
1110222
13320003
300000300
41100222
3303030
314130
11403111
222000411
122100033
330141000
33014100
4332000
341103
11100303
1110030
