11013000
100003110
1000140
111111000
31001100
20200002
20211000
10032000
1000221
101010012
11210010
11030100
12011010
30001110
411000
20000004
40000101
10001010
100101003
1110
100400001
230000100
300100110
110003001
110000400
100000020
110202
202000011
10002030
101110020
1101003
101102010
30010101
100200021
10002201
330000
4020000
1210011
11000400
101011011
101013
112000110
300000102
110001102
100000104
11011110
10000023
11030010
30011100
20022000
1300110
400100100
111102
110040000
101110011
1000113
12000012
100002201
1001001
31101000
110300100
200100030
200001012
201002001
100130001
1040001
202010100
200030001
300110001
101000310
1101000
101100111
200010201
11200200
120000012
111020100
20010210
102100101
120300
210100020
140001000
4011000
11001
1200210
20130000
110200110
2100003
2100201
201000210
123000
130020
201011100
300000210
3200100
3200010
101002101
10100031
1301001
12003
10010010
110201010
210100101
3110001
102110001
203001
10000320
400101000
2030001
210030000
22011000
220001010
110211000
200020011
101000103
1011102
101400
100010022
22100010
11100
101102100
32100
320001000
102000030
101040000
200003001
210000120
211001001
201102000
1002210
201102
10201011
10010211
102101001
200301
402000000
103000110
200200200
20002002
200000400
11001030
11003010
12001002
110100030
321000
211101
101120001
1200021
100200111
200040000
100000200
1101
212010
210000030
112010100
110000220
101110101
1003110
103000101
30010011
10110111
100310010
201111
12030000
301000200
20300010
100300011
201
20100102
411000000
201010200
2013000
104001000
2120001
101000301
31000200
10002111
10001130
11220000
110012010
100110003
1012200
1014
113001000
111102000
30001101
303
110101020
1101210
110011020
11111010
1004010
10121010
10040001
103011000
20000202
202110
100013001
4002
120000
11200011
21000
3030000
310000110
2201010
102010002
201011001
21300
101020110
100202100
20202
113100000
300010110
10011210
102100002
2022000
10410
213000
111001002
1020201
222000000
100000401
201000102
102000021
1111011
2100102
1020021
10010103
2101101
1122
2120010
1000023
100200201
23010
31000110
120010101
102200010
101200101
2000211
310200000
20010030
210002100
1211001
31001001
1111200
1000032
2110002
123000000
21030000
211001100
300001200
3012000
210300
1110102
1200120
20300100
20001111
201020001
211200
101100120
10101012
300300000
11310000
20010300
10000101
2001012
1100040
1202010
10300020
11100000
201010011
2103
112002
20031
12010200
101100021
22001001
3001011
4110000
200100300
41000001
110110002
200111001
130001001
101000202
102
111101010
14000001
100103100
1012002
4011
401000100
110011002
201020100
121000002
3111000
310000011
20201100
20000130
2020110
100010400
11010003
1023000
23000001
114000000
300100002
120100011
10000203
202010010
2004000
103002
104010
10010121
10010400
10400100
100102020
22002
30100002
120000102
300000201
110101002
101000001
121100100
20010
12010101
110022
10100112
110202000
3210000
201001101
210003
100011021
11001021
220100100
201002100
2001111
2110020
11100201
130200000
130100010
20300001
100120101
10104
200020200
10000410
110000031
1101111
100021101
1010202
10001202
31000002
10041000
110004000
21100020
100211001
10200030
200002002
20000001
1020003
100100004
11100210
1010301
301000110
300010020
110110200
201300
200211
320001
200120001
301010100
31000101
10030110
100000140
2200110
21300000
102100110
1011030
121010001
100100112
100101
12000201
100100013
11100012
1101201
220020000
201003000
210000012
201201000
220110
14100000
100230000
400011000
2001201
400110
1103001
21011001
10010031
210100011
140010000
100011000
221010
100021020
1021002
20010021
310010100
210012000
102000210
10131
101010021
102201
10200210
110111100
10031100
12102000
1012020
10202010
10000122
2010120
102111000
10023000
20010120
101010111
200110011
100100121
100122
22011
111120000
20001300
102200100
104000010
200103
30102
14001
102012
1031001
100004001
300011100
110000310
401000001
2010000
4000110
2200020
1010400
101012010
210011100
210010200
40002000
10111020
20101011
11300010
110001
22000020
3001101
100040010
11001300
100311000
11010300
10112100
101001111
22110
1100013
10020210
30200100
200003010
40000020
1040100
310200
21001110
101110110
1311000
2031000
140010
13110000
100000221
10210200
10211010
2012010
131000001
30010200
10140000
100000014
3011001
210100200
300101001
10001112
220002
10110
10320000
200210010
401010
101100102
110020011
20012100
10000104
10000110
100110120
30100110
111300
102010011
111000120
3000201
1020012
21002100
12001011
2020020
3010110
12200001
300001002
110002101
100000311
200000121
101111010
13200
20103
300021000
1002111
1011120
200013
1220100
102020001
21002001
1032
120000111
101112000
10111011
100010100
20001021
112001001
1113000
10010130
1112100
200310
1210002
201000000
213
11000301
112010001
102000003
200101200
110001201
3100101
2000310
222000
1031100
2001000
12300000
221100000
120100200
310100100
200020110
10101
2011101
101000004
1001010
100100130
10203
310000200
200011011
11020200
30110001
13110
1100004
102000000
23010000
301000101
200400000
100002003
10040010
101201001
221000010
210000111
110100111
210000021
110010
310001100
300101100
10001040
1011210
100103010
102001110
3001002
11101011
110130000
2310000
1200300
2120100
1101102
102001020
11300100
11200101
20010000
20013000
120020010
200110200
31100010
11020011
2040
302100
11001000
11100021
200101110
111011010
10101111
1032000
3110010
100111011
100010301
302100000
200100003
4110
10011300
30000021
3020010
2000220
101001210
300201
10120020
1120011
31020000
20030010
300001020
21010200
200101020
101120100
1001130
100210011
300020100
130010010
210010011
200112000
200012100
100100040
311001
30012
210
24
42000000
30000120
1410
100001130
1003101
210300000
102001200
201001011
20001
110102001
11000130
120000000
210120000
1221000
201001002
1210200
10200102
301011
20013
130000011
301000011
100200300
3111
201100110
1010004
220101000
100001121
101201100
100301001
200102001
200010030
210010110
20100021
20120001
30030000
300030
200200110
30010110
10003200
300100200
10011111
420000
2101110
400011
20002101
201011010
301020
211020
1010310
13000011
120001101
111100110
102111
14010
410000010
2110200
100100001
22010100
120101010
10300101
20000301
111010200
1102101
10001031
330000000
111001110
110020200
10100211
121001001
101112
20121000
200102100
10112010
112100001
410100
1220010
10210110
32010000
120200010
310010001
300
13100010
30011010
230100
100202001
113010000
300000300
302000100
103010100
20100111
100020120
400001100
103011
101301
111000012
100110012
10101021
100002030
100003002
41001000
110111010
201210
1111020
101000112
301002
30101010
31100001
100011111
101031000
201000012
12120
300020001
111201000
2100111
301001001
20004
112001010
30000201
20100
11000031
111021
20102001
130000020
12000111
200010111
1301010
102010020
400101
1040010
40110
12003000
13000110
211000110
220000101
20011200
12200100
10210020
121110000
130101000
20200110
100000023
2220000
131001
103200000
10200111
110001000
110002020
400000200
11000022
20201001
21000000
10040100
210001200
121010010
220020
101110002
100201020
2301
20110110
3020001
100031001
102000111
30111
200002200
10014000
120000021
1302
131010000
11103000
20110011
310002
11210100
21201
1102002
13020000
100020030
20003001
10004010
200120010
211011
10010220
130100100
20000040
110000112
400110000
100104
210100002
3002100
200100102
20301
10130001
21020010
302001000
210111000
201100200
3000102
1011012
140001
10021002
10011021
210021000
10003020
11121000
2000013
23001
1001202
311000010
3000111
20040000
3300
201010020
210000300
11211000
100101210
10022010
311010000
210110100
110010003
210000210
111000
101010201
1110201
3300000
121020000
221010000
21000300
3
210010020
10110000
41010
1120020
2210001
10100004
30201000
120101100
41000010
103100010
200100012
211010010
200000004
111010101
203010000
121002000
200022000
20020200
220010010
4001100
1130100
3120
2202
11111001
121200000
301101000
102210000
10221000
100010121
21200001
110210001
100300110
1001310
101000031
1001211
1000011
101010210
200012001
22001010
300001110
100000302
100011003
400010100
120201000
10013100
100003011
101101002
100002
102101010
4000200
12101100
1100001
1012011
100010004
100002102
110100201
220110000
30020100
40011000
200100
111020010
2100210
200211000
14001000
10041
203100
120201
203000100
202001100
100030101
200000211
101000010
200110002
200121
200112
202000200
103001100
110031000
120011010
121100010
12030
11011020
30020010
30002100
20002011
301100100
300012
201000201
112100100
211002
100401000
100011300
1020000
101004000
2002011
13020
102021
1000101
12200010
10020120
20000112
201100101
2200200
101000013
2111001
10122
12010002
40020000
100041000
20020011
110000130
21102
122000100
100310100
111110010
201200100
100111110
1001121
10101102
300111000
10030002
110020002
100113000
110000121
10012101
2030100
101002110
21000003
100211100
10000311
100001103
1020300
101300100
13010001
203001000
210000003
110200020
200100111
300001011
101111001
21003000
100200030
11101110
101202000
102001101
200202000
201000021
1103100
112011
11011002
30210000
100300101
3110100
2020101
21210
111011001
0
100002300
11020110
1112001
11011200
111101001
111000201
101022
101110200
20011020
10000014
101220000
101022000
1001022
31000011
130110
23100
120003000
103101000
300020010
21010020
12010110
201120
11002011
111000111
210100110
31010001
20001012
12120000
113000001
420000000
200000220
21010002
10100013
1021200
1012101
110121
112000002
300000120
110010210
100000101
1030020
10010310
20002020
10011120
3000120
2000004
11030001
11012100
110100300
300200100
10001100
2000301
103110
20210001
321000000
20200011
30001200
1400001
10130100
10003101
111010002
10111110
110010201
1112010
101211000
10102110
104000100
1101012
130100001
100111200
200010210
11310
2020011
1000320
131010
131000010
30111000
300201000
110002002
110000001
102030
2100021
1100103
202000101
20000220
3010101
100202010
10221
300120
1200
10100040
122000001
120210000
20001210
101300010
1111002
100302000
300002001
111000210
21000210
10102200
231000000
20000400
1011300
310101
1120110
100010220
100002021
111000102
1110003
301010001
102021000
210111
100021002
101100210
11010102
11001201
31010100
110001003
1111110
100120020
100010310
103110000
1003011
100130100
30120
1103010
212010000
210200100
111003
11021100
20001102
102011010
2101200
112002000
110210100
110010300
20001003
11103
2110011
101100
11001102
110004
12000210
31011
400010001
1011
31011000
10211100
1020111
2000202
101121
11112
11012010
200002011
100110030
100010130
101002200
3001020
100011201
102201000
11000004
13011000
301001100
120001002
21110001
200102010
1020102
101031
21000021
110022000
20000031
1300011
230001
103020
120000003
400002000
40001100
2001210
11210001
211000101
1010130
1012110
10022001
110001120
12110001
211001010
300200001
110010030
120000201
120110010
100200
12000
230100000
22101000
1014000
2012100
100210200
21020001
41010000
20021100
3021000
1210101
1201020
30000030
2010111
1200102
110010021
110020110
100014000
1104000
101000121
21003
4002000
100120200
2210010
201300000
100023000
111110100
20000211
10212000
400100001
300000
21120000
101021010
2111010
100210020
10001022
10004001
121000110
300002010
200040
10032
11000202
20101200
100000131
100000002
23000010
130000110
121000101
20310000
20011110
100001202
1010211
310002000
110002200
33
102001011
1000410
1010031
100030110
200001120
111200100
32001
1041
201000300
202000002
100001010
102110100
1000131
210201000
120100020
110100003
100201101
201021
101000100
42
23100000
200130000
111100200
111010110
10001211
10220010
14010000
411
111100002
2100030
212001
1310001
10220100
22020000
110200002
20210100
100221000
2111100
11301
211020000
10101300
102020010
100201200
100010010
401100
110100021
111003000
112001100
110010000
401010000
100102011
120011100
121001010
200101002
104000001
312000
110013
121002
120012000
300010002
20020110
1001100
21111
201110001
103100001
2020002
101000022
10120110
20200200
300100011
10030101
202100100
101001021
103020000
3011100
10000113
200010021
10200003
210110010
100011102
100101120
40020
20002110
200000103
12102
103002000
211002000
211011000
111011100
211010100
201000030
110100102
10010004
10004100
101010003
20101101
1201200
12021000
101010
100020210
200010012
3003000
113000100
300011001
10022100
310011
101102001
110301
2102001
102200001
120012
11001003
120111000
100020003
11110200
2002110
201003
202101000
20103000
101002002
30021
1022010
312000000
10201110
11211
120030
10200
3030
400001010
100002120
122010
300210000
100200003
210000102
102300
120120
120200100
10101030
100000110
2000130
10110120
221100
402
101001
21102000
10104000
110001021
103100100
1101030
20021001
110300001
120010011
21021000
101020200
100012011
1010112
1022001
3000
101001300
123
10100022
10100001
102000
31101
100020021
3000000
32000100
210000201
2100000
101101101
11002110
22010001
21001200
11040
10002012
410010000
20102010
10011201
112200
100040001
4100100
200202
100020201
103000011
10000302
111200010
10023
2000010
2000112
100102200
300110100
11130000
110001111
101100030
20110101
201012
140100
10001004
2201001
122001000
30300
12210000
21011010
1230000
201101100
101121000
30001002
21101100
1121100
10010112
2100120
3000003
110000004
2000001
100230
100010112
110201001
10310001
13101000
20000010
200001102
201100011
2010210
12000102
200001210
101200002
101001120
402000
100012101
11101200
12001020
10003011
110000103
10002120
1001040
2110110
10012200
10001220
3012
20100120
211101000
100004100
10000032
103010001
200100201
2110101
11102010
11002002
210200010
11010030
1203000
101210100
2002200
4200000
12201000
201000
23001000
130002000
220000200
30000111
100011210
100400100
113100
11000310
311100000
102011100
210001011
100101030
302001
111210
20220
20022
11040000
141
110110011
2011002
100210101
11121
101012001
202110000
110101110
30003
2000022
1201101
210101001
11111100
11200020
11200002
10120011
11101020
22110000
31001010
1320000
2003100
100210110
120010020
200021010
2300100
1121010
12111
31200000
122000010
111030
1020030
210030
1002120
110011110
201010002
101100000
110101011
1001103
13101
10020
220000020
110200101
1300101
14000100
200022
100100211
10102002
11000103
230000010
10300200
121200
21
40001010
101101020
200001
220100001
400020000
20021010
100003200
100101300
111002001
320000010
20000103
200000031
2010102
204000
200220
11004
13001010
300120000
110001300
102002100
1000311
2001120
11020002
21000012
401001000
30000210
100112100
2030010
102110010
2012001
220010100
40000200
1320
21001020
101310
100200012
221000100
310000002
100040100
10100400
300010101
31100100
100110000
1100100
1101120
120010002
1021110
2002002
100220100
401001
1110012
301200000
114000
11110011
2011110
100100310
1100310
10311000
30000012
400000101
20211
111020001
311001000
4100001
310110
311010
111001101
3001200
1020120
13002000
30000003
130001100
1113
2021010
120010200
1200111
100010202
2100
312
110100012
10011012
3200001
101012100
202020000
311000100
32000010
140000001
11010000
140100000
200120100
1110021
1120101
10010001
202002000
100140000
10021110
111012000
100410
3201
21002010
131001000
12000030
120001110
101001012
1310010
300000012
2010300
2011011
210000
2002020
1212000
4200
11010012
2010012
3100002
2001102
10014
220000002
10002003
201100020
10011030
3120000
1401
10102020
10021011
100300200
100001310
202010001
100121010
110211
310100001
100011
10202100
102001002
21030
110040
10210101
20100201
20100012
10021101
201030000
13001100
310010010
100111020
110110110
10200201
112110000
100000113
2001021
101040
13011
1203
10010301
20000310
301100010
200000001
111120
111200001
110012100
1004001
101011200
1000110
203100000
120020100
1140000
100003101
1201110
3020100
210021
13000002
301001010
30001011
120001011
101200200
102002001
2130
11102100
211200000
11400000
101013000
10001103
201020010
101001003
11100102
100110021
10230000
100030002
210010101
200011200
1041000
1101021
11002101
13200000
212001000
130110000
100031100
10120101
23000100
200001000
120001020
202100010
103101
2000040
300021
11000211
210210000
210001002
10000230
111110001
21201000
10012110
100012200
2011200
1100211
12000003
201111000
200011110
121110
12010011
200201001
100100100
10002
200200101
100004010
20000100
20120100
101001102
221001
120102
12011001
10012020
1002012
202011
100023
31200
200021100
110010102
102100200
1300002
320100
10113
10311
310020000
220000011
100001013
3002001
11200110
300102
10100130
11031
200031000
100002111
40100100
400000110
1030002
10101000
10120200
2010
303000000
211000020
100030200
200002101
100000203
110010012
200004000
12110100
110112
10200120
20200101
101010300
201101010
4000002
22101
410001
10121001
210101100
22200
1401000
201001020
400200
40000110
101021100
100220001
22000200
130000200
200200002
21012000
41000100
10210002
112000101
2001030
101000400
110120001
211100100
20102100
111001200
10010040
120000300
330
20110020
1002000
200400
120003
100121001
22000002
20111100
10111200
11110020
10000140
10301100
1212
202001010
30110100
10010100
102000102
41001
202200000
10300002
200020020
100111101
11010120
10101003
21020100
101101200
102102
1001301
100030020
21110100
40100001
302010000
221001000
112000011
111210000
200013000
1011003
1000104
100301100
100002000
200003100
400100010
112020
10301010
210001020
2003001
102000012
1122000
100310001
100041
11300001
320000100
410000100
3101010
1000020
310020
10130010
1013001
11004000
1100010
22100100
20100000
110200200
10030020
120111
100200210
10120002
230001000
200002110
200001021
130101
101210001
220200000
1000302
210120
100001022
120300000
212100000
30030
101200110
101201010
21000201
211000002
102020100
2310
4101
2004
1023
13010100
21011100
2130000
2101011
10230
30000000
2300001
2040000
200004
100110201
212000010
12001110
120100002
3100200
200100120
30102000
201110100
12020100
10020012
110000100
40010100
21100101
22200000
213000000
31000020
220001100
220001001
1030200
103001001
1120002
200300100
40000011
100001220
101020011
100220010
31002000
120010110
1110300
100000011
10103010
10200021
20010003
110110101
3201000
1031010
210102
10200012
100000320
111010011
10400001
11120010
110031
3010020
102000120
4010100
100030011
100001400
101010030
200110020
100012110
100210002
1210020
132
11001210
12000021
211000200
101030001
13100001
11000001
1021101
1201011
310110000
110301000
30200001
110013000
2400
21100110
10002210
101020020
100100103
1021011
120011001
111021000
4010001
22010010
100010013
1013010
122010000
212000001
200010003
110102010
10001121
2112
420
21200100
300000000
220011000
114
12100101
100200120
30003000
112101000
111100020
100012002
10103100
120200001
100201110
21010011
131100000
21000111
303000
110300010
100300002
212100
21120
10113000
4000011
12101010
113000010
302000001
300011010
20002200
30002010
1002102
2112000
100400010
40200
10112001
141000000
10203000
100301010
200103000
2010030
100100010
1220001
140000010
1110030
2100300
100110102
102210
32001000
22000011
2210100
3100110
12100110
3000021
32000001
10310100
3003
10003002
110011011
300300
30002001
101103000
111010020
1200003
211100001
102010200
3010011
320100000
210011010
20010111
20004000
21100200
301101
20310
10110201
21001101
10012002
102030000
20001120
400000002
20111001
30201
121000200
120002001
200001111
1200030
101030100
210000000
102120000
122100
110310
200111100
110112000
100010211
20130
2010021
203000001
3010200
100201002
100101012
100010001
2010201
1010121
1202001
10300011
200030100
20020101
301100001
2220
11022000
10100220
11011011
111000300
22000110
103200
100102101
100100400
102100011
101020002
130200
310000020
310011000
20220000
30021000
101301000
200310000
1013100
1010022
30100011
10000041
102010101
104100
12300
21021
21200010
110100000
211100010
1002300
101002020
100022001
30010020
200100021
13002
10211001
10013010
21012
12020001
202000020
1221
2201100
100101201
20112
201001200
10100100
12
30000300
110220000
10300110
210020001
110000022
1021020
110021001
13000200
1140
203010
100311
10100121
10140
110220
11001120
120002100
110011200
200001201
201000120
12100200
10002102
220002000
2200011
102010110
220011
400020
12012000
301002000
110400000
200210100
11110110
2102100
320000001
1311
101111100
100211010
10020111
100001040
4100010
100010040
11021010
240
204
11012001
120110100
110030001
101001030
10302
11220
10110012
20001000
4000101
1100301
12110010
10220001
111100101
200110101
2000100
112011000
130010100
211000011
101100300
30
13100100
220101
101210010
11201100
10201002
10122000
1010100
30011001
201002010
21000120
10012011
2200002
1301100
1003200
10410000
210101010
11100300
110001012
102100020
2101002
3101001
21210000
200000013
100212000
31002
1230
200002020
1131000
101130
1102200
2021001
3000300
200030010
120110001
100101111
2000031
41100000
300102000
301000002
300000111
121020
2100012
120002010
200000301
20101002
100020012
10110102
11202000
11101101
120
200010300
11130
201021000
100122000
211110
321
101021001
101004
10002021
10001001
100320000
20110002
1302000
2301000
1400100
10010022
2021100
121011
10103001
1100202
10202001
11000013
12100002
13010010
12002100
221000001
204000000
100000230
10011003
112110
12000120
40010010
100200102
11031000
11002020
102003000
300101010
20112000
110000301
101002011
210210
201201
2022
210102000
10110300
11400
201110010
101003001
13001001
2400000
102000300
10020000
130010001
110021010
21010110
21101010
1003002
201030
12000000
130020000
202011000
201001110
110101200
100221
20040
21001011
1001031
400200000
100021110
112100010
10011
10100202
210001101
200000112
100201011
12001101
200000100
400000020
102011001
12000300
301000020
300100101
110003100
40101000
11020020
11003100
11102001
12020010
10010013
20202000
311100
300000021
1100022
11000121
113010
10020201
201000003
30020001
2101020
101103
3210
1400010
10100010
12012
120100110
10031010
200000022
1110000
102002010
101200011
102012000
3011010
102000201
1110120
300010200
1003020
3000012
22020
100001004
203000010
1110111
201101001
3021
100001001
1020210
200000040
1000041
131100
2013
113001
20003100
120001200
2103000
100000122
101030010
4010010
32100000
30100200
200200020
401100000
100020300
1120200
10310010
1010220
10000200
101101110
100102002
100100301
11000220
131000100
200020002
110002110
110102100
10013001
120120000
20011101
3000210
2102010
1010001
202101
110130
1100031
310101000
300002100
210002010
10000020
202020
100200000
110200011
1001112
100021011
122001
112000200
230000001
103010010
1020
1011000
100320
4001001
40200000
110121000
200101011
3101100
2010003
22000101
121000011
100131
12001200
21000102
11100030
10000212
110400
100212
1000002
101010102
31020
13000020
121000020
30012000
21110010
21010101
230010000
103001010
100110
121101
10020102
111101100
100010031
12011100
110310000
300100020
100110300
110110020
200220000
20011002
110111001
100000212
22100001
10201101
22001100
300111
210020100
110002011
101020101
100112010
10000221
3102000
12201
10020021
11000040
1200012
33000000
111030000
200010
210201
2211
20301000
110021100
1002003
11201010
10101210
200201100
111300000
201000111
1102020
20210010
10101201
12002001
30101100
20030001
220010001
240000
200130
111002100
20031000
120000210
11110101
201200010
1010103
2121
300030000
103000200
110000010
20101020
400010010
301110000
20111010
14000010
10201200
10001301
120000120
201200001
11002200
11101002
200021001
101100201
11000112
111000030
311000001
301011000
11120100
2001003
210012
30120000
201012000
110010120
210011001
3102
100002210
1011111
40101
310001010
201210000
200201010
200000310
10111101
11001111
12101001
1002201
100031010
101200020
2211000
101011002
10400010
211110000
110030010
30001020
101101011
100002012
1200201
21000030
121011000
100003020
10111002
20400
3000030
300110010
100011012
11001012
202000110
110000013
1002030
100022010
200300001
301110
100104000
100110210
10100310
2031
100112001
111000000
300000003
220100010
20101110
10000011
10200300
3100011
130001010
1022100
1111101
11202
10002000
2001300
200210001
10100301
1030011
1000212
300000030
302000010
200300010
410100000
21100011
110000040
101010120
101000040
31110000
100013010
1110210
101100012
20000121
30101001
3100020
1000122
20012001
1002021
1001004
121001100
110020020
201120000
100101021
10210011
2003010
101000211
100203
112020000
10030011
100000032
201010101
2121000
100302
100100202
100014
1011021
10020003
100020111
231000
24000
1100220
1101300
101001201
220200
132000000
110020101
101100003
120101001
101003100
101120010
1002
110103
11100120
30300000
200001300
20012010
100001100
100120110
111
1100130
20200020
120021000
110003010
210110001
10001013
10110210
300200010
10000131
1211100
1004100
12010020
130011
101202
1100400
104100000
210001110
110103000
1000200
2000103
20100300
200011002
104001
110012001
1000401
111002010
130011000
110001030
10011102
20010102
100101000
1202100
20010012
100020000
20020002
110101101
410010
1010040
102300000
130000101
101001000
4000020
212000100
21111000
1131
10110021
110100120
13000101
200020101
31010010
1211010
11003001
111012
111000003
30200010
20100003
101010000
231
20121
12021
122100000
100032000
10000401
10121100
20010201
1100112
10010202
101400000
101130000
320010
112010010
110210010
300003000
120000030
120020001
100021200
1210110
11013
130000002
200001030
10001400
200000010
100120002
120102000
30100101
101000220
100113
1121001
20201010
101011020
110100210
1010010
11011101
100300020
20020020
41100
10320
11010210
11010021
103000020
103000002
300001101
1200000
1011201
10020300
1010013
1100121
100001112
1300020
1000203
220000110
101310000
110201100
120100101
200111010
111201
111111
200101101
101003010
111000021
30210
4020
10301001
10030200
210020010
1310100
202002
10011000
2020200
40011
112000020
110010111
110000211
110011101
11100111
10212
2001
1104
120021
102120
401000010
20001201
202100001
12100020
100100220
1201002
11201001
12002010
30110010
100111002
110120100
100001211
222
21101001
100011030
200031
1130001
121010100
3001110
300003
20400000
210002001
100001301
11000010
200301000
33000
410000001
3002010
10031001
200100000
300010011
200011020
20011011
12210
12100011
100101102
42000
120210
101220
112101
10200000
301010010
202001001
1000014
301200
320010000
30010002
10003110
101300001
2000121
10110030
110100
20000022
211010001
100032
110120010
3010002
20120010
302010
11120001
110030100
141000
20110200
102102000
1000230
4001010
300210
11010
301020000
104010000
210200001
11110002
102101100
130002
11301000
11000100
10131000
100131000
11100003
201100002
101000130
12111000
200200011
310001001
101011110
100012020
10401000
40100010
1001013
102003
40001001
1030110
1001400
40010001
100000041
1030101
202200
100203000
100410000
30000
200001003
100011120
100001031
111001020
100102110
2200101
2000400
112200000
24000000
200010000
100013100
100121100
230010
200100210
11022
11021001
120030000
200010120
40000002
100022100
200011101
2300010
100100022
10021020
2202000
2002101
11020101
121101000
310100010
1410000
10000002
11010111
400001001
1102011
10102101
10021200
20003010
11112000
110000202
100000410
400000011
121100001
4101000
1102110
101211
1130010
20100030
210010002
111100011
100020
20100210
10001310
1300200
100103001
400002
10100103
100020102
40002
111001011
22002000
240000000
10020030
140000100
100120011
10102011
10101120
20030100
20000013
32010
30100020
100110111
30000102
21100002
2011020
40110000
200121000
31110
20001030
14100
1001220
100100031
10401
10201020
10302000
200000202
21001002
100010103
200010102
200110110
210003000
300012000
10002300
110001210
10110003
132000
100130010
11010201
310000101
200000130
200012010
100401
100140
410001000
201010110
101011101
