20000002
20011000
1001110
101010001
10210
202000000
101110000
1120000
10120
12000001
101000110
120100
101000011
10100011
100001200
2002000
110000011
100100101
100001101
10101001
301000
10001011
20002000
1000003
1110010
1010002
300000001
400000
10010011
11020000
30000100
3000010
10020010
40000000
30100000
201010000
2000200
10000030
200000110
2110
100110010
11000200
200110
1000300
101101000
2000110
13
112000000
300010000
20000200
12000010
20010100
10000111
202
10000012
20000011
13000
10003
1012
120000001
110001001
12001
12100000
220000
100101100
100000102
1
1010101
10100020
31
100120000
210100
300100000
110000200
1300
3001
200000200
11000011
100000
101100001
10102
1002100
100001020
2010100
110010010
10101100
100100011
100012000
10030
10002100
100002010
10110001
30100
1012000
10201000
201010
2002
11100100
101001001
100000300
110000002
30010
21010
2020
100
110110
11010100
301000000
300000010
201000001
101001010
100210000
20101
100001002
20001010
200100100
110100001
102001
21100000
2000020
10000210
100000012
110000020
31000
1030
10002001
20001001
101020
1001002
100102
10000102
121000
111100000
100201000
100200100
10010101
1011010
1000021
120010
100021
20020000
210000100
1020100
2010001
110200000
30001000
1011100
100030
100110100
1100200
11101000
100011100
100010002
2001001
21001000
210000010
101000002
101010100
200010010
201001
100003
1001200
100111000
211000
10011010
1201
120001000
110101000
30001
20200000
2020000
10030000
21100
121
100012
3100000
200110000
100001110
11001001
11000110
21010000
10000300
2101000
200002
40000
1100011
2100001
110000101
300100
20100100
100020010
101000020
10010110
102100
102010
1001020
110100010
10020100
10200001
100010020
10
1100101
1020001
210010000
30000001
101011000
10300
2200
1200010
12000100
11000101
100300
2011
11100001
11000002
200101
31000000
1000
1102
10300000
3010000
200000101
100111
112000
103
111001
12001000
110100100
10010020
20010010
1021
100200010
11002
101101
130000000
21000001
130000
11100010
101020000
10001110
2000101
100010110
10001002
11010001
100000030
102000001
300010
1010110
200011000
1210000
10000003
10100002
100100110
11011
10201
210010
1000012
220000000
20010001
1100002
12010
111001000
11001100
1000201
21000100
100020100
102010000
1003
11101
210001
200101000
110020
4
20100010
111100
10020001
200001100
10001200
101010010
1111000
2000011
100102000
100010101
100300000
201100000
210001000
20101000
10010200
10001101
1002010
120010000
100000111
1200100
201000100
100100020
200100010
1200001
300001000
120000100
2101
2011000
20000110
220
400
100011001
10021
110001010
20011
1102000
100001011
22
101100010
200200000
1003000
10003000
200000002
4000000
200100001
10010002
110011000
101200
1010020
1101001
20001100
202000
201100
10000
11200
12010000
210000001
100020001
100000120
3010
2200000
210100000
100200001
11110
1111
1020010
120001
111010000
100003000
100100200
110010001
40
1011001
22000000
30010000
110020000
200002000
100000003
10100101
301
100000201
10000021
101011
101000200
21000010
2001100
101110
200011
1010200
2100100
11011000
110010100
22000
101100100
1110100
100210
100201
3001000
1120
11001010
1000000
400000000
10110100
100011010
100030000
102000010
10011100
10021000
310
11010010
10000000
101200000
101001100
110000110
20000101
200000011
1100110
20110
111000100
111000010
2001010
100000210
103000000
10110010
112
30000010
200000020
1002001
200001010
10210000
100002100
110002
100120
13000000
100101010
12100
2100010
200010100
200020
20100001
1000210
1030000
300001
211
1110001
101002
1000120
1000102
310000000
120000010
3000001
10120000
10100110
200010001
4000
10000120
1000111
10200100
10012000
10111
100000021
1101010
21001
201000010
10001020
11020
1021000
101002000
110002000
102000100
111010
3000100
2000002
200200
1201000
110101
20000020
3100
110011
10012
11000020
20110000
101000101
310000
130
1100020
100101001
11200000
10200010
100010011
200020000
100100002
100021000
20200
200001001
1101100
1001011
1300000
120100000
201001000
11110000
110001100
100010200
102001000
1000030
110110000
10011001
1001101
100000000
102100000
121000000
111000001
10000201
2010010
10111000
10102000
300000100
110200
100110001
10100200
10101010
20020
10002010
11002000
100002001
211000000
2110000
103000
1210
1010011
20002
