211100
1020020
102001001
2000012
102010100
210100001
10201100
100001021
2200010
14000000
20001002
100101011
1030100
100200110
200101010
200201
112001
211000010
11100200
11100101
1002020
13000100
112000100
103000010
201020000
110200001
40010000
110002010
110021
121010000
100211000
200002100
40000010
11100020
2100002
20000000
220010000
210000002
200020001
100010102
221000
1111010
102110
102100010
110100110
110000210
10110101
12002
100111001
110100002
20010200
110020001
200010110
30001001
3101
100001111
40010
102000020
100301000
2003
40000001
201200000
12020000
110010002
20010101
100110002
12011000
100121000
110030
100111010
10000121
101200100
101001011
1011020
11020001
210002000
2100110
101101001
1021001
300000011
20200100
20100110
200020010
10040000
101111
10001021
31010000
310000100
20010020
20000012
110101001
121100
122000
110120
41000000
110101010
11102000
200011001
100100201
111000200
100000400
101100110
2100020
111200000
21011000
20011100
2000
1103
100001102
100011101
1300001
1201100
1101101
30101000
101001110
201000110
100020002
10021001
110020010
100011020
10120100
200012
21020
201000002
21100001
100310
210200000
103010000
301100
100100111
2000111
200001200
1112
11210
1003010
2011001
30100001
2020010
11000102
1100012
100200002
10020101
2300
23
10004
4001
212000000
200000111
110011010
11012000
212
100012001
100020200
10000310
20000021
100001120
11001011
20000111
23000
10013000
10000010
20110010
120110
201020
30002000
201000011
200201000
11110010
1010000
10121
20020100
11201000
100110110
103010
100010021
101210
30000020
3000002
200000003
2111000
200210000
100040000
1000103
100010030
110000120
100110200
20200001
200010002
110002100
101000012
310001
1120010
111001100
10112000
20000201
100110011
3200000
10200200
41
101
1000130
211000001
30110000
201001010
1013
212000
12110
2101010
301001
100001
20100002
101002010
20100011
100010003
110010110
1013000
100000004
2021000
300002000
21101000
302000
200300
1102001
102010001
20000030
21010100
200200100
20110100
3002
1400
2120000
22001
20300000
130000100
1100
13010000
120020000
120010100
100031000
30020
10000130
11021000
10100
201101
10300001
10100111
110003
1011200
111101000
100310000
400100000
10010000
1002101
310000010
200012000
210010001
21000200
30010010
11010002
100102100
130010
400000001
2001002
1000031
120002
200030
200100011
2020100
10310
20102
130000010
10010120
1001102
130001000
10000400
210000011
11003
1121
101002001
11000
103001000
202001000
211001000
12000020
20001200
100000301
1040
103001
100100120
10010003
201010100
10101110
200000210
10000202
3100001
102101000
10000100
100301
20030000
300010001
10102100
11200001
300000200
3001100
20020010
10003001
10002011
100010120
1000121
10001201
111000101
100102010
221000000
110000300
12000101
101110010
10130
2000120
101000201
12001010
310100
20101001
101100101
1000013
300001100
10110002
1201010
210002
410000000
300020
10010102
12011
310001000
12110000
1100300
11
10210010
201001100
10002110
400000100
101201000
100103
1201001
300020000
300110
10110200
111002
2002100
202100
1210001
113000000
100200200
2210000
101020001
2110001
12002000
30001100
10200110
10000211
101110001
100101002
1000022
102100100
11000300
31000010
111010100
100201010
100012100
100000211
200110010
12020
410000
1130000
1310
11120
101101100
101200001
21200000
3020000
120001001
101000
12000200
210011000
120100001
110001020
100220
1010021
110100020
100001000
21002
10013
1001
11000000
302
1002011
30000110
120001010
110201000
200110100
400010000
40001000
2000030
111001010
10003100
2
100011011
1012100
100010
120011000
10010210
1010
2010200
102200
1010012
11000003
102110000
1111100
3100100
13100000
110003000
11000030
100020110
3010001
1020110
1001120
101000000
120110000
120100010
30011
11011001
10020002
101000102
110000000
210020000
1022000
10100012
10000001
10100003
200010020
110010011
100003001
100002110
100001210
200000021
21011
12010001
110000021
100112
102000101
1020200
1000400
10040
11012
10021010
10110020
101100011
1001300
10010021
200021
110100011
110012000
10003010
100000100
101001020
1101011
2000300
200000
100201100
1103000
100000040
1200002
1000112
121100000
100210100
201100100
2001101
301100000
21010010
103100000
111000110
110000111
20001011
311
112100
1210010
211000100
200010101
10000220
2012
202100000
20100101
1100111
101002100
21101
3000200
121000010
100030010
20000210
201010001
120020
100100021
1001012
2000000
31100
100020101
101100200
2210
101000120
2000021
120000002
300100100
10121000
100001300
20011001
11020100
1101002
100102001
111020000
300011
10101200
100000031
10011002
101101010
121010
1004
3002000
20012000
200000120
100000022
201001001
100211
111001001
111002000
11011100
10021100
1003001
3000101
200011010
211100000
210001100
10020020
302000000
310000001
300011000
10001030
100101200
10012001
20000300
10010300
100010111
101110100
101003
120101
12000011
20021000
110020100
100000013
1031000
1004000
31100000
110200100
200100110
10030010
2010002
2000210
400001
30110
100101020
111100001
1021010
1111001
101111000
300001010
120100100
10211000
100013000
110000201
210011
112010000
20003000
112001000
100200020
100011002
211010
100010012
20210
200100020
100111100
30010001
100002200
10000103
1011011
11200010
30100010
40000100
10110110
1030010
200210
100400000
10111010
10001120
100100102
11001020
100003010
110000
2001020
20201
22100000
41000
101010200
10031
10103000
200200010
130010000
21000020
10030100
10020110
30101
210001001
10100021
200001110
200100200
111100010
101010002
1010210
200000000
10300010
101010011
110000030
210101000
200111
110010020
11110100
2101100
202010000
100000202
110
2020001
101102
120000020
104000000
110101100
201000101
20010110
111110
1200101
1000100
101000111
100300001
101010020
10001102
1101200
110030000
210000101
100103000
401000
3011
111100100
11010200
111000002
12010100
10101101
1200200
20012
100101110
100020020
100010201
11021
30200000
202000001
320000
1001210
4000010
220010
110210
30020000
3011000
31010
111010010
2110100
200102000
200000201
211010000
210010010
4010
113
1100000
2010110
101201
300110000
301010
100021010
10001300
100002011
400000010
100013
103000100
101000030
21000011
101210000
20010002
4000001
10210001
112000001
210001010
11000111
1001003
10012100
101003000
13000010
301000010
13000001
203000
100300010
10030001
1021100
201002
102011
2102
11002010
110100200
40100
10101002
1300100
202010
11000012
30010100
210100100
100002101
1031
32000000
110001011
10103
2010020
1020101
12100001
31001000
20201000
10100030
200020100
101030
104
1220
10301000
1001201
110102
10102001
100021100
2030
12200000
121000100
21000002
10022000
100012010
2100200
220001000
101001002
201000200
20000003
100002020
1011110
2002001
10012010
30000200
30000011
20003
10011020
10101020
100000112
1121000
1012010
113000
1211000
2000102
2201
310010000
111000020
110000003
100001030
200001101
10000022
210200
301000001
200110001
101010101
100210001
10112
100004
10301
11001200
2001110
200100002
30200
120010010
200002010
13001
1301
201110000
20101100
100200011
3110
100000130
111020
1100102
20002001
10000301
1110200
2010101
1002200
1010102
2300000
221
2012000
1001000
1002110
1000004
10002020
200001020
10001111
101020100
120200
1100210
12001001
230000000
1000310
2000201
100120010
201002000
200111000
10010030
1110110
202001
200120
202000100
120000110
120010001
10001012
10022
20000
10020200
1003100
220001
110201
100003100
100120001
1200020
121001000
22000100
103000001
300000101
300010010
1040000
101100002
1010120
10120001
3000020
3101000
102001100
210010100
200002001
11010110
3001001
102200000
102002000
101012000
110111
3010010
11101001
220000010
12101000
200200001
20002100
12100010
1102100
320000000
300002
1022
11300000
102000200
200000300
201101000
300000110
100100030
131
110111000
200010200
2111
1200011
102002
100100210
2011100
11011010
101120
1120001
10100201
20300
100110101
1020002
1000040
1011002
20021
110102000
102020000
20001110
120000101
100100300
410
10211
1300010
300000002
210100010
100022000
10020011
400001000
1010111
11000021
2000003
11111000
10100300
10031000
11300
100201001
100100000
300200
10002002
2110010
12010010
301000100
102000011
10111100
110300
1000010
10100210
200000030
4010000
200010011
101021000
1120100
11000210
401000000
1010003
130001
100121
21110000
21000110
20111
220100
100400
100020011
20
200300000
110001200
1101020
310010
31001
1012001
11000201
311000
32000
21110
110002001
110110010
210110
10001
10202000
10011110
31000100
201000020
11030
11100110
10200020
10210100
300101
131000
100004000
21200
100130
300200000
11030000
22010000
20111000
20210000
100200101
14
120000200
300000020
120001100
100130000
20020001
10001003
101000210
111011000
12000110
20100200
20030
100001003
200
200000102
1000220
11001002
110000102
110011001
100210010
103100
30000101
201100001
110012
11003000
210000110
10400000
320
10000031
30011000
21001010
230
20000102
11101010
101012
104000
2003000
30000002
3001010
10310000
20200010
110110100
11120000
10011200
10001210
140
10102010
2102000
11001101
301001000
21001100
200001011
1130
100001201
100100
2200100
40100000
110010200
21100100
111200
100000001
10000112
2201000
2100101
1002002
300010100
100000103
1110020
210020
100100003
1310000
1110011
12100100
12101
3110000
110001002
100110020
101020010
1030001
210000200
220000001
201110
1001021
1110002
11100011
102010010
40001
2120
310100000
301010000
20100020
300100001
200101100
110021000
11101100
102101
100021001
20102000
100010000
10400
12200
1301000
1010201
10220
20120
200003000
200003
10200101
200000012
110110001
1000211
101011001
21001001
130100000
22001000
10000004
1020011
111000011
10220000
1112000
100010210
101030000
31000001
230000
20101010
300001001
10002101
100101101
122
1200110
400010
2021
21020000
4100
201010010
101010110
220100000
200100101
201100010
1220000
10101011
101001200
210101
101300000
100010300
20001101
201011
112100000
3200
1000301
101000021
400100
1400000
100030001
10001000
1010030
1101110
10010012
102001010
21100010
101001101
1202
311000000
30002
200001002
1100030
21010001
211001
11000120
120200000
210000020
110210000
100030100
100002002
30001010
2001200
100031
110200010
11102
21002000
10110011
10011011
10010
131000000
20000120
10100000
10201010
2200001
11110001
10111001
101011010
10100120
10100102
1011101
23000000
200030000
120002000
11210000
100000310
112010
4001000
1100120
101000003
3000110
100300100
111011
201200
10120010
3000011
100000121
100001012
2010011
100011200
11111
1210100
100202
4100000
100220000
100120100
11201
3100010
1001111
11001110
140000
20011010
100112000
102100001
10202
11002001
13010
121000001
130000001
100011110
101102000
10000040
2100011
100022
220000100
12000002
120101000
4000100
100100012
22010
10201001
22000010
300100010
101300
1100201
10002200
2030000
14000
110011100
110001110
10200011
100000010
130100
110300000
210110000
30100100
20001020
32
110000012
140000000
12001100
3020
203
10011101
11010101
11020010
100202000
101120000
10000013
200101001
1102010
102020
101021
201011000
3010100
11100002
1000001
120011
11200100
100040
13001000
102000110
20002010
1001030
11002100
122000000
110100101
200021000
11010020
111010001
11010011
1202000
1100021
203000000
102000002
200120000
1010300
1110101
2001011
121001
202000010
100000220
20110001
200102
101011100
200011100
110010101
13100
110001101
101100020
10010201
22000001
21000101
110120000
20010011
10004000
1100003
111101
2101001
1211
101200010
1000202
20120000
101000300
112000010
111110000
102011000
300101000
120000011
10130000
10200002
10010111
401
22100
10300100
2011010
2002010
