10240000
1
4
210010120
120021001
10
311001100
13
221200
120021010
12001300
22
110002201
131101
31
110010400
310100002
131110
220201000
41001001
41002
310100011
20013100
2302000
41001010
41011
310100020
11010103
41020
101032000
2220100
14000200
100221001
210100300
112001101
2130001
210002002
112001110
120103000
210010201
2130010
210002011
111100000
210010210
111100003
210002020
103
200401000
21201001
213100
102310000
21201010
111100021
121
110002300
111100030
131200
114000001
130
310100101
114000010
41001100
41101
310100110
11002000
310010002
11002003
41110
100303000
11010202
310010011
11002012
2212000
40100002
11010211
310010020
11002021
411001000
1401001
40100011
100221100
11002030
112001200
1401010
40100020
210002101
100131001
210010300
210002110
43000000
2040001
100131010
111100102
120013000
202
21201100
111100111
111010000
111010003
214
200311000
21111001
123100
223
102220000
20300002
114000100
111010021
310100200
33001
20300011
111010030
41200
241
212001010
20300020
310010101
11002102
11010301
310010110
11002111
23200000
100000003
40100101
11010310
100213000
10101001
1401100
40100110
2122000
10101010
100000021
210002200
1311001
40010011
100131100
100000030
410100001
1311010
2040100
10101031
141001000
100041001
410100010
301
304
100041010
13001011
310
313
21111100
111010111
3400000
322
20300101
200221000
21021001
331
33100
20300110
102130000
310002001
21021010
340
310010200
11002201
310002010
20210011
11010400
211100002
20210020
100000102
40100200
211100011
10101100
100000111
23110000
100000114
211100020
40010101
100123000
10011001
100000123
1311100
40010110
214000000
10101121
10011010
410100100
10011013
1221001
10101130
100041100
100000141
10011022
400
410010001
410002
403
13001110
10011031
21103000
111010201
410010010
410011
412
12100000
140100001
111010210
12100003
410020
421
101401000
140100010
21021100
430
3310000
310002100
20210101
200131000
11002300
12100030
102040000
20120002
211100101
100000201
20120011
100000204
211100110
40002001
211010002
20120020
100000213
1303000
40002010
211010011
10011100
100000222
10011103
23020000
120300001
211010020
100000231
312001000
120300010
1221100
100000240
10011121
410010100
410101
1131001
10011130
111010300
410110
320002
140100100
12100102
110101000
200000011
200000014
12100111
12010000
140010001
12010003
200000020
200000023
101311000
140010010
12010012
110101021
3220000
20120101
110101030
211100200
200000041
100000300
12010030
100000303
113001010
40002100
211010101
10003000
20030011
211010110
1000000
100000321
10011202
1000003
120300100
1213000
100000330
10011211
1000012
10003021
410002000
120210001
10011220
1000021
10003030
410200
402010
1131100
1000030
1000033
320101
200000104
1041001
311100010
320110
200000113
230002
140010100
12010102
110101111
110011000
200000122
230011
12010111
110101120
20112001
200000131
230020
101221000
20112010
113001100
110011021
3130000
100410001
100000402
20030101
110011030
211010200
100410010
100000411
20030110
240100000
112100002
100000420
10011301
1000102
10003111
22201000
112100011
10011310
1000111
10003120
1000114
112100020
1123000
1000123
120120001
311100100
320200
312010
200000203
12100300
1000141
140002000
311010001
12002002
200000212
230101
12010201
311010010
12002011
200000221
230110
220300000
41100001
140002
20112100
200000230
110011111
2401000
41100010
140011
110011120
20022001
140020
20030200
20022010
3040000
100320001
300000004
112100101
10011400
1000201
300000010
1000204
300000013
112100110
240010000
112010002
210101011
1000213
300000022
22111000
112010011
210101020
1000222
300000031
21300001
312100
1000231
1033000
21300010
200000302
1000240
120030001
311010100
12002101
200000311
230200
110003002
12010300
12002110
200000320
110011201
101000002
110003011
41100100
140101
11101000
110011210
101000011
110003020
101000014
100402000
41010001
20022100
101000023
2311000
41010010
11101021
101000032
100320100
11101030
300000103
112100200
101000041
1000300
210101101
1000303
300000112
100230001
14001010
112010101
210101110
1000312
300000121
100230010
112010110
120112000
30000001
300000130
210011011
30000004
22021000
1000330
210011020
30000013
200410000
200000401
222100
30000022
12002200
200000410
110003101
30000031
212100001
110011300
101000101
110003110
101000104
212100010
101000110
20014000
101000113
41010100
11101111
11011000
101000122
11011003
100312000
10200001
101000131
10200004
2221000
300000202
101000140
10200013
210101200
1410001
1000402
300000211
100230100
11011030
112010200
1410010
1000411
300000220
210011101
10200031
141100000
100140001
13100002
30000100
210011110
30000103
1000
100140010
13100011
30000112
13100020
30000121
1021
200320000
21120001
30000130
400000003
212100100
1030
101000200
310101001
21120010
101000203
400000012
41002000
212010001
310101010
101000212
400000021
42010
101000221
400000030
121300000
10200100
101000230
11011111
300000301
100222000
10110001
1410100
300000310
2131000
210003001
10110010
10110013
210011200
201000001
210003010
201000004
13100101
10110022
201000010
201000013
13100110
10110031
141010000
13010002
30000211
201000022
1111
10110040
1114
13010011
30000220
201000031
124000
1123
21120100
400000102
114001000
310101100
101000302
400000111
200230000
21030001
42100
1141
101000311
400000120
310011001
11003002
101000320
11011201
2000002
130000003
40101001
11011210
2000011
130000012
2000014
1402000
40101010
10200211
2000020
130000021
2000023
210003100
130000030
312100000
10020001
1320100
201000103
13100200
2000041
10020010
30000301
201000112
1201
10110130
1204
13010101
111101110
201000121
1210
1213
13010110
10020031
21112000
201000130
110200003
1222
10020040
400000201
111011020
1231
212002000
101000401
20301010
21030100
110200021
1240
101000410
310011100
11003101
110200030
200140000
113100001
11011300
2000101
130000102
2000104
113100010
40101100
10200301
2000110
130000111
10102000
2000113
10102003
100001014
130000120
40011001
2000122
100001020
100001023
1312000
40011010
2000131
10020100
10102021
10020103
410101000
201000202
2000140
10102030
312010000
100001041
201000211
1300
1303
13010200
10020121
13002010
201000220
111011101
42100000
1140001
10020130
111011110
1321
1140010
20301100
110200111
110110000
1330
110110003
310003000
20211001
110110012
101320000
20211010
301000003
113100100
110110021
2000200
130000201
2000203
301000012
100001101
110110030
100001104
113010001
211101010
2000212
301000021
100001110
100001113
113010010
40011100
2000221
301000030
10102111
22300000
100001122
10012003
2000230
10102120
10020202
100001131
10012012
201000301
1222000
10020211
100001140
10012021
201000310
410011000
411001
1402
10020220
10012030
111011200
102000001
411010
1411
102000004
140101000
110200201
102000010
230000011
1420
102000013
42010000
110200210
12101011
230000020
102000022
20211100
110110111
110020000
110020003
301000102
102000040
20121001
211101100
2000302
301000111
101230000
20121010
100001203
113010100
110020021
2000311
301000120
211011001
100001212
110020030
2000320
211011010
31000003
100001221
10012102
120301000
210200011
31000012
10020301
100001230
10012111
201000400
210200020
31000021
10020310
10012120
411100
31000030
213100000
102000100
230000101
102000103
200001001
110200300
12101101
230000110
102000112
321010
200001013
12101110
20203000
102000121
12011002
110102011
200001022
11200000
102000130
11200003
110102020
110020102
200001031
301000201
20121100
110020111
200001040
2000401
301000210
11200021
100001302
110020120
20031001
2000410
211011100
11200030
100001311
101140000
14100001
20031010
210200101
31000102
100001320
10012201
14100010
10004011
210200110
31000111
10020400
10012210
1001011
10004020
1001014
403000
210110011
1001020
1001023
22120000
401000002
210110020
230000200
102000202
401000011
321100
200001103
213010000
1001041
102000211
401000020
110102101
200001112
231001
102000220
12011101
110102110
200001121
231010
12011110
20113000
110020201
200001130
110012011
301000300
11200111
11110000
110020210
11110003
110012020
211003000
100001401
20031100
202000000
330000001
100001410
202000003
14100100
10004101
210200200
31000201
330000010
202000012
1001101
11110030
1001104
14010001
112101010
202000021
1001110
1001113
14010010
210110110
100000
210020002
100003
401000101
120121000
210020011
100012
102000301
401000110
22030000
200001202
1001140
100021
102000310
311011000
12003001
200001211
231100
100030
12011200
100033
131000002
3000004
110012101
41101000
141001
3000010
131000011
110020300
3000013
110012110
141010
131000020
3000022
20023000
3000031
11020000
11020003
330000100
202000102
3000040
300001003
112101100
202000111
2230000
210102001
1001203
14010100
11020021
202000120
112011001
210102010
1001212
300001021
11020030
111200002
1001221
300001030
401000200
111200011
210020110
100111
102000400
100114
10003
111200020
200001301
223000
100123
12003100
200001310
114100000
110004001
3000100
131000101
3000103
110012200
101001001
110004010
141100
100141
131000110
3000112
310110001
101001010
101001013
41011000
3000121
310110010
11102011
101001022
40200001
3000130
11102020
11020102
101001031
202000201
40200010
300001102
11020111
101001040
202000210
210102100
1001302
300001111
100231000
112011100
1001311
2140000
210012001
111200101
30001000
100201
210012010
30001003
100204
111200110
111110002
30001012
100213
10102
21211000
111110011
30001021
100222
10111
430000000
20400001
302000002
111110020
30001030
100231
212101000
3000202
302000011
101001100
101001103
114010000
3000211
302000020
11102101
101001112
11110300
10141
11102110
101001121
100100002
40200100
10201000
11020201
101001130
100100011
202000300
100100014
300001201
11020210
100100020
100100023
1411000
1001401
300001210
10201021
103000000
231000001
1001410
103000003
210012100
10201030
111200200
100100041
231000010
103000012
30001102
100303
13101010
111110101
30001111
100312
10201
2011
10204
111110110
30001120
100321
111020002
2020
302000101
2023
21121000
100330
111020011
3000301
302000110
310102000
20310001
101001202
400001011
111020020
3000310
10231
212011000
2041
20310010
101001211
400001020
10240
211200001
32000002
101001220
100100101
100100104
211200010
32000011
11020300
100100110
100100113
100010002
300001300
10201111
10111000
100100122
10111003
100010014
210004000
40020001
100100131
231000100
103000102
100010023
201001000
40020010
201001003
13101100
10111021
103000111
410110000
30001201
100402
201001012
2101
10111030
103000120
100010041
30001210
100411
10300
201001021
2110
10303
140200000
2113
12200002
100420
111020101
201001030
302000200
2122
12200011
400001101
111020110
3000400
10321
2131
20310100
101001301
400001110
21031000
10330
2140
101001310
310012000
20220001
211200100
32000101
100100200
2001001
130001002
100100203
2001004
32000110
40102000
211110001
2001010
130001011
100100212
2001013
100010104
211110010
130001020
100100221
100010110
120400000
402000001
40020100
100100230
10111111
10021000
103000201
402000010
10021003
201001102
2001040
103000210
100010131
30001300
201001111
1231000
2203
13011100
10021021
410020000
200100001
10402
200100004
12200101
10021030
111020200
200100010
10411
200100013
12200110
400001200
12110002
110201011
10420
200100022
101001400
12110011
110201020
200100031
331000000
203000002
11004100
32000200
203000011
2001100
130001101
100100302
2001103
100002001
203000020
130001110
100100311
2001112
100002010
100010203
100002013
100100320
2001121
1100002
10103011
402000100
100002022
2001130
1100011
103000300
100010221
1100014
100002031
120310000
201001201
1100020
100010230
1100023
13003000
201001210
2302
311200000
132000001
4000003
200100100
200100103
1141000
1100041
132000010
4000012
110201101
200100112
330001
200010004
12110101
110201110
200100121
330010
200010013
4000030
20212000
200100130
110111011
203000101
200010022
301001002
12020011
110111020
203000110
200010031
211102000
100100401
2001202
301001011
100002100
100002103
113011000
100100410
2001211
301001020
10103101
100010302
100002112
112200001
10111300
1100101
10103110
100010311
1100104
100002121
112200010
1100110
100010320
1100113
100002130
10013011
201001300
1100122
1010011
10013020
1010014
120220000
2401
1100131
132000100
4000102
1010023
102001000
230001001
200100202
102001003
1100140
4000111
311110000
12102001
230001010
200100211
330100
200010103
12110200
1010041
12102010
200100220
110111101
41200000
240001
12020101
102001030
203000200
200010121
110021002
301001101
12020110
20122000
200010130
110021011
2001301
301001110
100002202
110021020
2001310
300100000
100010401
300100003
20040100
1100200
210201001
100010410
1100203
100002220
10013101
112110001
210201010
31001011
1100212
300100021
10013110
1010104
112110010
31001020
1100221
300100030
21400000
303000001
1100230
4000201
303000010
230001100
200100301
102001102
200002000
4000210
200002003
12102100
200100310
102001111
110103001
200010202
200002012
311020000
101100001
110103010
200010211
240100
200002021
12020200
101100010
200010220
101100013
200002030
41110000
11201011
110021110
2001400
11201020
100002301
101100031
20032000
104000002
300100102
14101000
104000011
210201100
31001101
1100302
300100111
300010000
1002001
300010003
112110100
31001110
1100311
300100120
210111001
1002010
1010203
300010012
1002013
30100000
112020001
210111010
30100003
303000100
300010021
1002022
401001001
112020010
4000300
1010221
300010030
1002031
21310000
102001201
401001010
30100021
200002102
1002040
102001210
110103100
200010301
30100030
200002111
120040000
33000001
101100100
200010310
101100103
200002120
110013001
33000010
11201101
110021200
101010001
110013010
101010004
11201110
101100121
101010010
101010013
10300000
101100130
10300003
104000101
101010022
330001000
300100201
202001002
11111020
104000110
101010031
112102000
1100401
300100210
202001011
1002100
10300021
300010102
1002103
14011000
1100410
202001020
10300030
300010111
100240000
13200001
112020100
30100102
1010311
300010120
210021001
101002
401001100
30100111
30010000
210021010
30010003
102001300
101014
30100120
200002201
101020
101023
21220000
200002210
33000100
30010021
3001000
131001001
101100202
3001003
110013100
30010030
212110000
101041
131001010
101100211
400100020
101010103
101100220
3001021
403000000
3001030
104000200
101010121
11021002
300100300
202001101
10300111
10210000
101010130
10210003
202001110
210103000
300010201
1002202
300002011
11021020
201100000
1010401
300010210
201100003
300002020
10210021
111201001
1010410
210021100
101101
10210030
101104
13110001
111201010
201100021
30010102
101113
11002
200002300
201100030
30010111
204000001
101122
11011
400100101
11014
30010120
204000010
101131
131001100
101100301
400100110
11023
101002000
400010002
101002003
101140
101100310
3001111
310111000
11103001
101010202
400010011
101002012
212020000
11041
130100002
101010211
400010020
101002021
40201000
10300201
2100010
130100011
101010220
11021101
101002030
202001200
10300210
130100020
300002101
11021110
300010300
1002301
300002110
10210111
133000000
10120003
201100102
210013000
30100300
201100111
1330000
30002002
201010003
13110100
10120021
201100120
30010201
30002011
201010012
11101
10120030
11104
13020001
111111010
30002020
101221
11110
400100200
302001001
13020010
110300011
201010030
101100400
3001201
302001010
110300020
400010101
101002102
3001210
11131
11103100
101010301
400010110
101002111
113200000
11140
130100101
101010310
2100103
310021000
100101001
10300300
130100110
11021200
2010001
130010002
2010004
100101013
300002200
10210201
2010010
130010011
2010013
100101022
1002400
10210210
130010020
10120102
100101031
231001000
201100201
103001002
10120111
10030000
201100210
10030003
30002101
201010102
10120120
3001
111111100
30002110
201010111
1240000
3010
11203
13020100
110300101
201010120
111021001
302001100
110300110
400002001
111021010
3001300
11221
3031
20311000
101002201
400002010
110210011
11230
101010400
301100002
110210020
211201000
32001001
2100202
301100011
100101100
100101103
113110000
32001010
2100211
301100020
130010101
2010103
100101112
100011001
10210300
130010110
304000000
100101121
100011010
100011013
40021000
10120201
100101130
10112011
201100300
103001101
100011022
201002002
10112020
103001110
100011031
111103000
201010201
201002011
3100
10030111
102100000
230100001
201010210
102100003
201002020
11302
110300200
12201001
230100010
111021100
11311
3121
12201010
400002100
110210101
11320
3130
101002300
102100030
110120002
301100101
20221000
110120011
32001100
2100301
301100110
2002000
130002001
301010002
2002003
110120020
2100310
130010200
130002010
301010011
100011100
100011103
113020000
210300001
31100002
2010211
301010020
10112101
402001000
210300010
31100011
10120300
10112110
103001200
100011121
10022002
31100020
201002101
10030201
100011130
10022011
201010300
201002110
34000000
3202
230100100
102100102
111013000
11401
200101003
12201100
102100111
102010000
230010001
11410
102010003
200101012
110210200
12111001
230010010
102010012
200101021
11300002
110120101
200101030
301100200
203001001
11300011
102010030
2100400
110030002
130002100
301010101
2002102
20131000
100003003
2010301
301010110
2002111
14200000
10104001
100011202
110030020
31100101
2010310
211021000
1101001
10104010
100011211
1101004
100003021
31100110
210210001
31010002
100011220
1101013
100003030
201002200
210210010
31010011
10030300
10022110
401100001
31010020
3301
1101031
132001000
102100201
401100010
200101102
1101040
102100210
4001011
230010100
102010102
200101111
200011000
200011003
12111100
102010111
200101120
110112001
20000002
200011012
11300101
102010120
12021001
110112010
20000011
203001100
200011021
20000014
301002001
11210002
20000020
110030101
200011030
20000023
301010200
2002201
301002010
11210011
110030110
20000032
202100002
10104100
100011301
100003111
20041000
20000041
202100011
1101100
100011310
1101103
14110000
10014001
210210100
31010101
10022200
1011001
10014010
1011004
31010110
210120001
200002
401100100
1011013
3400
210120010
200011
102100300
4001101
200014
230002000
401010001
102002002
200020
4001110
200023
12103000
102010201
401010010
102002011
200011102
310300000
131100001
102010210
3100003
110112100
20000101
200011111
20000104
200041
131100010
12021100
20000110
200011120
20000113
301002100
11210101
110030200
20000122
2002300
3100030
100003201
11120002
20000131
202100101
100011400
300101002
11120011
20000140
202100110
210202000
31002001
202010002
300101011
10014100
31010200
31002010
202010011
300101020
1011103
14020000
111300001
202010020
200101
303001000
111300010
200110
4001200
210030001
110002
200101300
102002101
210030010
110011
102010300
102002110
110104000
200011201
200003011
131100100
3100102
110023
101101000
200011210
20000203
200003020
3100111
310210000
131010001
3010003
110022100
11210200
110041
131010010
3010012
20000221
40300000
100003300
11120101
20000230
202100200
104001001
300101101
3010030
104001010
31002100
202010101
300101110
1003000
300011002
1003003
202010110
210112000
120000001
1011202
300011011
120000004
200200
30101002
1011211
300011020
120000013
401002000
111210001
30101011
210030100
110101
120000022
102002200
111210010
30101020
200003101
110110
120000031
302100001
20002
200011300
200003110
120000040
3100201
302100010
20011
20000302
110014000
3100210
110131
131010100
3010102
20000311
101011000
101011003
110140
3010111
20000320
100200001
100200004
3010120
20041
100200010
104001100
100200013
40210000
202002001
10301011
11030101
101011030
202010200
202002010
10301020
300011101
11030110
100200031
231100000
103100002
120000100
1011301
300011110
120000103
13201000
103100011
30101101
200302
120000112
102001
103100020
30101110
200311
110200
120000121
30011002
110203
102013
200003200
111120001
120000130
30011011
302100100
20101
102022
20104
400101001
111120010
30011020
110221
20110
102031
131002000
20000401
400101010
110230
102040
3010201
20000410
3002011
101011102
211300000
32100001
3010210
20131
3002020
101011111
32100010
20140
10301101
310030000
100110001
202002100
10301110
11030200
300003001
100110010
100110013
40120000
1003201
300003010
10211011
103100101
100110022
1011400
120000202
10211020
103100110
100110031
30101200
200401
103010002
120000211
102100
102103
13111000
200410
103010011
120000220
30011101
110302
102112
12300001
111120100
30011110
110311
204001000
102121
12010
20203
400101100
12013
110320
111030001
102130
302010100
3002101
12022
400011001
101003002
3010300
20221
3002110
12031
220000000
101011201
400011010
220000003
32100100
20230
2101000
130101001
101011210
2101003
220000012
211210000
32010001
130101010
100200211
100110100
220000021
100110103
32010010
300003100
10211101
220000030
402100000
100020001
1003300
2101030
103100200
100110121
100020010
120000301
40030000
100110130
10121011
103010101
120000310
30003001
201011002
10121020
103010110
100020031
111112000
110401
30003010
200200003
12100
12103
100020040
110301001
110410
201011020
21000013
20302
302002000
12210001
110301010
111030100
200200021
21000022
20311
3002200
12121
12210010
400011100
101003101
200200030
21000031
20320
203100001
12130
101011300
220000102
21000040
203100010
130101100
100200301
2101102
220000111
20230000
100102003
32010100
100200310
2101111
220000120
130011001
100110202
2011003
100102012
10210012
12010021
211120000
1200001
130011010
100110211
100020100
100102021
12012001
100020103
20113
11001004
1200010
100211200
100110220
10121101
100102030
201012010
402010000
103002001
121030000
131110000
11004001
10120012
2011030
1120021
103010200
100020121
103002010
1120012
30003100
201011101
11020012
1200031
132100000
10024
4100002
4003
21000100
10021
201011110
21000103
1200040
10012
12202
4100011
110301100
10042
203200
200200111
200110000
20401
11022001
200110003
4100020
4021
11022010
12004
400003000
110211001
20410
40110010
12220
12001
4030
22021
101003200
12120001
110211010
22012
203100100
200110021
2100121
21022
100204000
220000201
12120010
13012
24001
40021
200110030
40012
32002000
203010001
220000210
42001
1210021
1210012
100102102
11200012
100024
100042
203010010
11200201
130011100
100110301
2011102
100102111
112300000
11200102
100102
100012003
1200100
11200210
100110310
2011111
100102120
10113001
100020202
11200120
100012012
100132
100240
100210
211030000
1110001
10113010
100020211
103002100
100012021
100120
130102
11202001
201003001
1110010
201004
100020220
1110013
100012030
102004
201011200
1001002
201003010
202021
202012
4100101
10031110
1003210
230101000
200200201
102101002
320000011
201022
12301
4100110
4111
132010000
3100120
4010002
102101011
320000020
103012
200110102
202201
4120
202102
201301
4010011
102101020
201202
103201
200110111
200020000
103102
102301
200020003
4010020
102202
204001
11020
200110120
110121001
11000014
211012
301101100
210112
121012
120112
210004
12030001
110121010
120004
2101300
200020021
10020004
120001
130003000
301011001
2003002
210121
21210010
120100210
200020030
100210012
121000000
2011201
300200002
2003011
10312000
100120012
100012102
110102002
210301000
31101001
2011210
300200011
2003020
100020301
310012
100012111
112210000
220021
31101010
1200211
300200020
121000021
100020310
1110103
100012120
10023001
220012
100300012
201003100
210022
121000030
210013
303100000
1020001
10023010
130021
1020004
320000101
130012
10031020
4100200
4201
1020010
120022
200200300
102101101
320000110
120013
12400
20020012
4210
120040
10011040
4010101
102101110
120010
110203000
200110201
102011002
200102011
101010100
220102
4010110
1020031
101200000
20100400
200110210
102011011
200102020
210202
200020102
301110010
1020040
11301001
20120200
120001210
102011020
220210
220120
200020111
203002000
10202101
11301010
210220
12030100
101200021
30112
130120
200020120
110031001
20400100
10203001
100102300
2003101
101200030
321001
312001
104100001
110031010
213001
2011300
300200101
2003110
132001
123001
100012201
104100010
100004011
31101100
1200301
300200110
121000111
100020400
240010
300110002
1102003
100004020
2221
1200310
400012
210211000
31011001
1110202
300110011
10023100
111102010
400102
100012210
112120000
400120
30200002
1110211
300110020
1102021
402001
1020103
320000200
420001
420010
30200011
4300
1012021
1102030
1102201
102101200
4002001
1102012
1002121
30200020
200102101
1002112
1212001
4010200
1020121
4002010
100200100
200110300
102011101
200102110
1101022
33100000
1011031
200012002
1011022
2110021
2110012
102011110
12100021
110113000
200020201
12100012
200012011
11301100
1000024
1000042
101200111
101110000
1101301
200020210
101110003
200012020
20001013
1101202
12100201
301003000
11211001
12100210
12100120
110031100
1000321
20001022
1000132
2003200
420000001
10400002
1000210
104100100
100004101
1000120
20001031
300200200
202101001
420000010
10400011
100012300
1000420
100004110
1001122
20001040
104010001
202101010
2021020
10400020
300110101
1102102
3010021
1104001
1014001
104010010
200101210
31011100
1110301
300110110
1102111
13300000
14001001
300020002
1012003
101001004
30200101
1110310
1002004
210121000
201001
1020202
300020011
1012012
1001131
30200110
2002021
112030000
2002012
201010
1020211
300020020
201013
2001031
2001022
200102200
102003001
1003021
30110011
1020220
1003012
1012030
1001032
102011200
400200001
102003010
1002211
30110020
200012101
1003102
201031
131101000
101200201
3101002
221000011
200020300
1003120
200012110
20001103
201040
1002310
101200210
3101011
221000020
1002130
101110102
1001320
20001112
1001230
1001200
1004101
11211100
1004011
101004001
101110111
101020000
20001121
2004001
101020003
420000100
10400101
1004002
1004020
100004200
11121001
20001130
1004200
202101100
2011021
10400110
10021120
2011012
300102001
11121010
2010112
104010100
101020021
1021012
1020112
31003000
202011001
300102010
10310011
100020022
2010121
101020030
102010021
22000000
101020012
202011010
22000003
10310020
300020101
1012102
2020021
111301000
2020012
2010031
201200011
201100
1020301
300020110
201103
13210000
2010022
1030021
1030012
201200020
30110101
1020310
1020022
210031000
111001
1020013
2010040
102003100
10000312
22000030
10212001
204100000
201121
30020002
2010202
400200100
221000101
11112010
1230100
200012200
10000132
200004010
30020011
101200300
3101101
221000110
2020120
2010220
400110001
101102002
110202100
30020020
1030120
3101110
111031
131011000
101110201
3011002
20001211
121002100
2021011
200200120
2012011
2200000
130200001
101110210
3011011
20001220
201200002
101020102
1031011
10400200
301110001
130200010
1022011
3011020
102211
1003111
101020111
104002000
30030010
101022001
110101012
300102100
10310101
102301000
101410000
101020120
11031001
102000031
2013001
202011100
10110220
2200030
1032001
142000
300012001
11031010
200000032
111012010
201200101
22000102
2022010
120001000
1012201
300012010
120001003
2013010
2012020
201200110
22000111
1020400
30102001
1012210
1032010
120001012
1031020
1023010
1022020
30110200
2040010
30102010
201211
111100
120001021
2101021
111103
13120000
110400001
10001212
10102201
200004100
30020101
120001030
2101201
221000200
21001
110400010
1201201
21004
113000020
30020110
2101012
3101200
111121
21010
2100112
400110100
21013
1201012
1200112
101202001
1210102
111130
1201102
101110300
3011101
101102110
120120100
2100004
400020001
101012002
1200004
130200100
2100001
3011110
21031
100201000
101020201
400020010
100201003
1200121
2110120
2101120
2200111
21040
130110001
101020210
2110003
100201012
1210120
1201120
102100021
202003000
102100012
130110010
101200012
11031100
100201021
3100021
3100012
2200021
321000001
2200012
2100031
300012100
10220101
100201030
2100022
201200200
103101001
321000010
2100013
1012300
1300021
2110030
1300012
1200022
1200013
10130002
2100040
30102100
201110101
2101210
120001111
103000
1201210
101200102
10130011
11011021
2200102
201310
12001030
120001120
30012001
201020002
1300102
10130020
1200202
1200103
102100120
111121000
101200120
30012010
111211
21100
103021
102201001
21103
400102000
110310001
2200120
2100220
201020020
2100130
103030
1300210
302011000
3003001
110310010
1300120
1200220
1200130
1200400
2100100
3011200
301200001
3003010
100023001
400020100
101012101
10302100
21100201
32101000
2200201
301200010
122000011
101020300
111000130
100201102
10101400
1202101
1202011
2200210
102102001
122000020
101301001
2110102
100201111
100111000
101101021
3102001
100111003
300000400
2202001
2201002
2110111
2020000
130020001
10111210
2020003
321000100
31100200
1302001
1301002
10220200
1203001
130020010
1202002
103101100
100111021
2202010
2201020
2103010
120001201
2102020
1302010
1301020
10130101
100111030
1203010
201400
103011001
201102010
1202020
2202100
2201200
2020030
22012000
230200000
2102200
103011010
1302100
30012100
201020101
1301200
103111
13000
1203100
1202200
102200011
100311100
2311
201020110
400100002
103120
1320001
21202
1230001
102200020
200001004
113200
3001120
111031000
1320010
1230010
21211
3003100
13021
2400010
2400100
400012000
110220001
10001014
200102002
301200100
122000101
13030
4000021
101012200
4000120
220001002
4001002
2200300
4001020
122000110
4002100
130102000
100201201
2102002
220001011
31020010
12001120
12011020
13000210
32011000
2110201
100201210
2102011
220001020
10120210
100111102
11021011
210400000
31200001
2110210
10102012
130020100
10102102
2020102
100111111
100021000
10310002
31200010
100021003
11011012
11010112
10110112
2020111
100111120
10122001
120031000
202100020
201102100
10101004
10011004
11010004
10130200
10110004
10122010
11010121
103011100
100021021
10110121
11020120
30004000
201012001
11220010
330100000
10111012
102200101
100021030
10101022
201020200
111010012
200201002
21001003
101131000
13000021
102200110
11112100
110302000
11003011
102110002
200201011
21001012
21301
11110021
13111
12211000
11110012
310120000
102110011
200201020
21001021
21310
200003002
421000000
11400001
13000030
20400010
101004100
21100012
21001030
10000024
122000200
112000120
11400010
301300
40110100
220001101
10000042
10101301
10101202
110130001
10110301
10110202
100201300
2102101
220001110
220
10000204
12300010
110130010
12003010
2110300
11010220
2102110
10110310
130012000
100111201
2012002
100103011
31200100
21100210
21100120
10000321
1201000
2020201
100111210
1201003
100103020
310200001
100021102
10000213
210310000
31110001
2020210
10000123
10122100
10000240
10000210
100021111
103003000
10000120
31110010
1111201
10000420
1201021
10001122
1204000
401200000
222000001
420100000
11012101
201012100
11012011
1201030
10001104
102200200
4101001
222000010
10002112
111012001
200201101
21001102
21012001
11112001
13201
4101010
11013001
11012002
102110101
200201110
21001111
21400
10112002
200111002
30000400
110001004
20001004
102110110
10002004
110212000
20100001
102020002
200111011
11400100
100001032
20001001
300112
12121000
10001002
20100010
102020011
200111020
20100013
100200220
14002
301102000
11310001
100
11013010
102020020
11012020
20100022
3001102
203011000
110002012
11310010
1030300
110001022
100103101
10031200
20100031
20122
202200001
23000002
10003012
301020100
2012101
100103110
10041100
20100040
100101310
202200010
23000011
2020300
10001032
2012110
100000312
10114000
100021201
100101040
100013011
23000020
203020000
200300002
1201111
1111000
10002211
100021210
1111003
100013020
100010011
400200010
110002102
210220000
300001
10114
103101010
300004
20002201
10210120
20001301
20001202
320001001
300010
10003201
4101100
300013
10003102
1011130
401110000
21001201
320001010
10002202
13300
210400
300022
111002200
102110200
4011001
102102010
10003210
10002310
200111101
30011200
300031
131200000
10001320
3200002
122020000
20100100
102020101
200111110
20100103
300040
112111000
200021002
3200011
101410
10001200
102020110
31012
110122000
20010001
10004002
200021011
11310100
10004200
10010212
10010122
12031000
20100121
20010010
31000000
200021020
20010013
400000210
10420000
100103200
11220001
20100130
120100300
202200100
23000101
20010022
10021201
2012200
300201001
2004010
10010104
10010014
100013101
23000110
20010031
31102000
202110001
300201010
121001011
100021300
110011012
100013110
110010112
20010040
101300002
202110010
20010112
121001020
10021012
1111102
10020112
111400000
10011112
10010113
10021102
300100
111002002
10121002
300103
1021000
12000220
11040001
1021003
320001100
10140001
110010004
20010004
210130000
210001
1400020
100010200
102102100
100220011
10021210
100102210
201011011
300121
210010
100030000
4011100
1021021
11040010
10140010
401020000
102012001
300130
201010000
10201102
3200101
1021030
120010012
102020200
110020012
102012010
202300000
310020001
200021101
3200110
210031
11302000
30010012
3110002
101201011
20010100
101013010
200021110
20010103
210040
10030021
10030012
3110011
101201020
10020022
10020013
10010032
322000000
100022110
110010040
110010010
3110020
10010020
100320010
200200210
104101000
20010121
110111110
120200200
300201100
121001101
101212000
20020201
100013200
11130001
20010130
104200
202110100
20010301
121001110
20010202
10030102
300111001
11130010
310020100
200030200
211111000
120110110
20020210
120100000
202020001
300111010
120100003
213001000
20010310
20010220
10030210
10030120
30201001
300202
10010320
1103020
310200100
1021102
10010200
111310000
110021101
30201010
300211
210100
120100021
20021101
210103
4003000
20011300
200000101
4000
300220
10031101
120100030
10031011
302200000
123000001
10022101
10021111
102012100
300000100
110022001
110012002
3200200
200013001
123000010
110320000
320011
101201101
3010000
11121100
20002000
10032001
200013010
20002003
10031002
3110101
101201110
10013002
110022010
211020100
101111002
121012000
20002012
10032010
3110110
120031
131020000
10022020
3020002
101111011
10032100
20002021
10021300
10013200
420001000
10401001
10012300
3020011
101111020
10024000
20002030
10012000
202102000
10040101
10401010
10040011
3020020
100300021
10041010
10040110
104011000
110040001
20040001
10040002
300111100
1103101
100300030
110040010
20040010
103200001
10040020
10040200
1111300
10042000
1103110
1010101
20110201
300021001
103200010
20101201
30201100
300301
10201201
120100111
120010000
1021201
300021010
120010003
20110210
20101012
300310
20100112
120100120
30111001
1021210
10201012
1013020
10200112
20110102
20101102
111220000
10210102
30111010
210211
123000100
120010021
30100201
120103
400201000
221001001
21210001
10410001
200013100
20100004
202030
10200121
302110000
30001
221001010
20110120
30004
30130
20002102
10201120
3110200
120121
3102010
10410010
120100012
101111101
110200012
20002111
32200000
30100012
120130
200001220
20200012
3020101
100300102
10300012
20002120
10200022
101021002
10200040
10401100
10200010
3020110
100300111
100210000
20100211
20101210
100210003
10201210
120100201
120100102
110200102
100300120
10311001
11102002
20200102
101021020
20100301
20100202
10300102
202012000
10200202
10311010
10200103
103200100
100210021
110200120
30100210
20200210
201201001
22001002
20200120
300021100
1013101
100210030
20100310
300400
103110001
201201010
22001011
1021300
20100220
120010102
10300120
10200310
10200220
103110010
10200130
30111100
210301
10200400
202111
12400000
222001000
3100000
112003
2320
202210
210310
10202011
202120
30021001
120202
110202001
221001100
20301001
20202001
20201002
111130000
112201000
30021010
120211
3102100
112021
20102002
30103
400111000
101103001
10302001
10301002
120220
10202002
112030
20202010
302020000
3012001
20002210
3001012
100024000
10302010
10203010
10202020
3020200
100300201
3012010
220100011
20202100
101021101
20201200
201004000
32110000
20102200
100300210
2201011
220100020
10301200
100210102
10203100
10202200
10220011
20210110
20120110
10311100
10310110
10221010
100210111
223000000
10220110
2121010
100120003
1202110
20210002
20130001
10320001
100210120
10221001
100111300
10220002
201201100
22001101
120210010
120120010
1013200
110220010
120002002
10100212
103110100
100120021
22001110
20220010
30103000
201111001
20130010
120002011
10320010
10230010
100120030
10220020
21100000
103020001
120010210
21100003
120002020
20220100
112102
20210200
110401000
20130100
103020010
200300011
30021100
120301
10320100
112111
22000
10310200
10230100
22003
200300020
21100021
120310
12001021
112120
21010201
30202
302101000
20002300
21010210
21100030
12010210
111040000
24000001
21200200
30211
3012100
220100101
101010040
21011011
400021000
101013001
24000010
12011011
100300300
2201101
220100110
21012010
101021200
12012010
100202002
10303000
21000112
12001012
2201110
12000112
130111000
100210201
2111002
220010011
1012111
142
2002210
121101001
32020000
201040000
100210210
2111011
100202020
112101001
100120102
201110011
321001000
1121110
21101002
111301
2111020
13101001
13011001
100120111
103102000
12101002
133000
100030003
21000004
120002101
12000004
21000001
100120120
10131001
21000121
12000121
201111100
21010120
1300030
21001120
12010120
4200001
10131010
21130000
103020100
200300101
21100102
12101020
30013000
201021001
4200010
104011
102211000
13110010
100030030
21100111
21010000
121000012
200210002
21010003
104020
112000021
22102
112000012
110311000
22000021
22000012
200210011
21010012
30301
20020
22111
12220000
12000031
301011010
11101003
200210020
21010021
30310
21000010
301201000
122001001
122110000
21000211
101013100
12000211
21010030
21001210
203110000
12001210
122001010
21101200
21011200
100202101
12101200
121000201
121000102
300101200
101400010
22000201
100210300
2111101
100202110
21000301
10000000
21000202
100112002
10000003
200001010
101400100
2111110
100220110
130021000
100120201
2021002
100112011
10000012
121000210
121000120
1300111
1210000
112000210
100120210
1210003
100112020
10000021
100030102
31000210
201103000
31000120
22000210
22000120
10131100
21000310
10000030
100030111
103012000
10000033
21000220
21000130
4200100
104101
13000120
103003
200300200
10041001
320100010
12000130
201021100
21000400
104110
1120000
202000
4110001
102201010
20320000
40010200
200210101
21010102
13001101
101101111
22201
4110010
14011
10210
21012100
200210110
21010111
30400
12012100
200120002
212001001
14020
10101211
121001002
113001001
110221000
112002001
112001002
200120011
122001100
31001002
23001001
300011200
12130000
220002001
211002001
101201002
200120020
13002001
13001002
140110000
220010200
2103001
220002010
112002010
112001020
11000140
22001020
21003010
2111200
300300001
121100002
140200
13001020
100112101
10000102
12002020
31201000
1300201
300300010
121100011
100120300
2021101
100112110
10000111
121001200
112002100
10000114
31001200
121100020
201100012
2021110
22001200
10123000
100030201
401101000
100022011
21002200
21001300
13002100
1210111
124000000
13001200
100030210
1120003
320100100
21004000
12004000
21001000
201013000
210000040
10101103
101010112
21100300
10000141
100032010
200111200
22011010
200202001
21002002
33010
4110100
14101
13011010
12021010
200210200
102111001
200202010
21002011
22300
204010
14110
31020001
12112000
4020001
102111010
212002
21002020
200120101
12020002
100111012
11401000
121020010
4020010
101300011
21202000
101104000
200120110
22010020
21030010
302011
200030002
13010020
101300020
12030010
12020020
22020100
110131000
22010200
21020200
200030011
2103100
21022000
13021000
13012000
104200000
100104001
12022000
1010320
200030020
121100101
111100120
13200010
301021000
10000201
100104010
111012100
1300300
21300100
121100110
13200100
2021200
300210001
121010002
12300100
24000100
100022101
24001000
40110001
31111000
1210201
300210010
121010011
100030300
40000021
10000222
10101310
1104100
30300001
1210210
40000210
121010020
40000120
1120102
10000231
10033000
200122
30300010
302002
130000300
40001020
40001200
1120111
4102000
40010002
40010020
1030003
320010100
21002101
40012000
310120
14200
1310020
10402000
42001000
102111100
10312
21002110
101212
101011
200112001
110000002
102010
4020100
101300101
100102201
112201
20101000
102021001
200112010
20101003
103210
212101
101300110
212011
100011112
213010
102021010
123010
110000020
200030101
1010212
110000023
11311000
1010122
110212
101210011
110122
20101021
200030110
101011021
110000032
1111021
1011121
1012120
100104100
1011220
20101030
1011010
202201000
110000041
1010110
1032100
10000300
121201
211000012
10000303
104110000
100014001
23001010
121210
300210100
121010101
2002120
1020100
100022200
120100
100014010
101021011
1210300
1121011
121010110
1021111
4012000
300120001
1112002
221011
30300100
101022010
1122010
1022110
31021000
1120201
10000330
301003
101110012
1220020
100101220
1220011
320002000
30210001
1120210
1220110
301012
2130100
1030102
11000212
102103000
11000122
30210010
10100122
110100004
301021
110100112
1030111
400300000
221100001
100030120
100020013
200112100
110000101
301030
32002
101300200
3201001
221100010
11001121
102021100
11000221
110000110
200101000
1101121
110000113
3201010
11002120
11001220
101210101
10101220
20101111
20011000
1102120
110000122
20011003
1101220
100302001
101210110
1120
20101120
1101010
101120002
110000131
20011012
110110201
110101201
101101201
11221000
11110201
11101201
101120011
110000140
20011021
10111201
10110211
300202000
121002001
10000402
1101211
100014100
110110210
20011030
11110210
121010200
11002210
121002010
10000411
10102210
1102210
11012200
10121200
104020000
201300001
22100002
10112200
300120100
1112101
11010100
201120010
10110100
111011011
201300010
22100011
1120300
11111011
1112110
1102000
1211011
300030001
1022002
110202010
30210100
101202010
11202010
301111
211000
1030201
300030010
211003
11012110
10212010
10202110
1212010
200104000
30120001
1030210
101202100
221100100
11202100
11022100
10212100
110000200
1212100
30120010
110000203
3201100
211021
10101112
112011010
400210000
221010001
110210110
12111010
110000212
12110110
211030
11210110
101210200
3111001
221010010
10211110
2211010
110000221
20011102
1021120
130300000
110220100
3111010
12120100
11220100
101120101
110000230
20011111
10221100
112021000
10321000
2300011
10213
301020010
101120110
12040000
20011120
204010000
101030002
100122001
2300020
30000010
22110100
110120110
11131000
21210100
21301000
101030011
12301000
12310000
1024
1012
300112000
210000001
112
11212
101030020
22100101
1102
112012
202021000
12112
120101002
40120
100212001
210000013
22100110
222001
30202000
201210001
22010002
120101011
300030100
1022101
210000022
110104
110014
101011012
301210
22010011
120101020
100110112
211102
210000031
1111012
1110112
1011112
1010113
30120100
111112
110113
211111
123001000
111003010
200101201
121003
121111000
104002
110000302
221002
211120
30030001
100000033
100100032
221010100
320110000
1221010
110000311
1220002
1010002
20003002
11000104
3111100
121021
10100104
10100014
400120000
20011201
11000002
20003011
111001012
2300101
121030
111000112
101120200
3021001
101112010
11000011
20003020
101101012
2300110
101100112
130210000
11101012
3021010
100301011
11000020
101030101
11100112
11000023
11001112
3000001
222010
2210011
100301020
10101013
101030110
110200000
321100000
1101112
111010102
100101211
210000100
110110102
110101102
210000103
103201000
11000041
101101102
11111101
11110102
120101101
11101102
11011102
300022000
10230001
10111102
10110103
201210100
22010101
120101110
111111001
1022200
210000121
120011002
111011002
110201002
20001010
22010110
11201002
30112000
211201
210000130
120011011
11111002
10211002
10201003
11000230
110210002
111040
211210
2210002
120011020
100110004
121102
420010000
110410000
110000401
10410100
101100022
30030100
120010300
14001100
121111
3103000
120022000
110000410
31003
100101004
20003101
100011004
111004
301300000
122100001
1110004
111000004
101112100
11000101
20003110
101100004
2300200
210111100
122100010
10120
3021100
100301101
11000110
12040
400030000
11000113
212020
122020
111010
2210101
100301110
1110121
101030200
1010131
100211002
1011040
1010140
1120120
2210110
1020130
130120000
121120
2120002
100211011
111102001
2011000
111100201
101220010
200021200
2120020
210000202
2120011
100211020
1010020
110020
111000121
201202000
22002001
11100121
210000211
1014100
11000131
100300003
30010
103111000
11030002
22002010
10101040
210000220
120011101
202020100
111010120
111001120
102300001
110110120
101101120
211300
11110120
120011110
11101120
11011120
11010130
102300010
11001130
10111120
1111120
1101130
11211010
30022000
201030001
1110400
113011
212010010
112010020
102210010
12110020
11210020
2210020
201030010
202020010
113020
100200130
31102
22100020
310000000
100410100
12200020
310000003
122100100
10100032
402100
31111
3013000
220101001
121003000
11000203
310000012
30022
124
1042
301210000
122010001
220101010
11122
101022100
310000021
10132
10123
2210200
1132
122010010
111022
111013
100211101
310000030
101032
31300000
11032
201010021
200110012
101110021
2120101
100211110
1110031
1110022
1010032
100121002
110032
11212000
210000301
2120110
310000
130030000
210100012
2030002
100121011
22002100
111100012
210000310
40
111000022
120003001
111000013
2030011
100121020
11300110
220100200
201021010
201112000
111000001
120003010
101101030
2030020
11100022
40111000
11000032
103021000
200301001
111000010
20032
1100032
113101
100000024
34
100000012
102210001
200301010
21101011
201030100
100110040
113110
1110040
102400
110100040
23002
101100040
21101020
100000042
43
111000031
211
31201
101401
23011
101311
102310
310000102
12310
111000040
101200
31210
11200
220101100
1111210
11000302
310000111
110230000
1011310
120400
1121200
122010100
11101210
200100040
11000311
310000120
220011001
1110100
1010200
100001011
203020
11100211
11100301
301120000
2112001
220011010
40000003
301111000
220002100
110101210
101101210
2120200
31000
2112010
101230
40000012
100121101
232000
1101310
31210000
420100
10110400
1301011
1101400
2030101
100121110
110201200
101201200
11201200
100031002
11111200
120003100
10211200
2030110
10201300
222100000
1211200
1201300
100031011
111000100
12210100
220100002
111000103
4201000
112200100
100220020
22100200
200301100
21101101
12200200
201130
201022000
103010020
11000200
10100200
102210100
1312
21101110
100101301
100101202
200211001
21011002
111202
101302
23101
101203
1010302
20200000
102120001
200211010
20200003
31300
100310002
23110
30010210
201000040
310000201
102120010
10102300
21011020
40000000
302200
201210010
11410000
11000401
310000210
11100202
102013000
20200021
100042000
111310
111220
101320
11000410
101110120
220011100
1110220
20200030
1110130
110140000
23100001
1010230
30110002
2112100
211000120
40000102
201110020
111100210
100113001
23100010
320000002
111000220
1301101
40000030
40000111
301030000
2022001
100113010
10001011
11100310
11100220
1301110
11100130
2030200
11000320
1211002
10100320
10001020
100031101
1100320
10001023
31120000
100000132
410000002
400003
232
133
100031110
100000210
320101000
100000120
111000202
410000011
1211020
2001220
13102000
11100400
222010000
10001041
2212
111000211
410000020
400021
13210
12211
4111000
101012011
1112011
1013011
200211100
21011101
400030
1014010
23200
3300001
1013110
11040100
102120100
1024000
21011110
1012000
112000
200121001
3300010
221002000
310000300
11320000
111101101
20200111
20110000
102030001
200121010
20110003
111101011
111002101
111002011
112210
220003000
101102101
102030010
101102011
20110012
1103011
111002110
11004010
2104000
11003110
1104010
211000003
23100100
20110021
11013100
10113100
300301000
40000201
11014000
10204000
100113100
10001101
20110030
112012000
202210000
23010001
121101010
12013000
2022100
211000021
10001110
10213000
232000000
10001113
23010010
12202000
32110
1211101
211000030
2104
100031200
2014
100023010
4012
3112
410000101
1211110
13102
4102
322000
1121002
10001131
101112001
111000301
410000110
400111
31030000
1013002
113002
310003
10001140
102400000
111000310
211101001
200203000
21003001
201130000
201102001
1121020
111101002
111003001
110211100
102112000
12000001
140000002
110002210
3300100
310021
1042000
2230
4021000
20200201
12000010
140000011
200121100
12000013
310030
203010100
10103002
3210001
101301010
1103002
102030100
313000000
12000022
121000003
101102020
200031001
3210010
100002004
3004
102220
100203100
20110111
20020000
100001002
200031010
20020003
2002
1003
211000102
111022000
12000040
100300
111300100
100202011
121101100
13120
120021100
211000111
2014000
2013100
110000011
10001203
23010100
20020021
230011000
101012020
300211000
121011001
101200003
111201100
100023100
1113010
20020030
1112020
202120000
110121100
121011010
110102200
210020020
10001221
211002010
220111000
410000200
400201
111101020
120200011
301011100
1121101
10001230
111002020
111000400
101103010
400210
11103010
120200020
100022002
310102
11003020
10103020
31011010
1031002
210000400
21003100
201001120
3002002
310111
123100000
303010000
100003012
220003
12000100
140000101
304000
12000103
200113000
110001001
101003020
3022
101301100
3013
140000110
21111010
102022000
2032
110001010
311200
3210100
110001013
1033
100002040
3040
101211001
100002211
20102011
200031100
100000000
220030
3211
220021000
3120001
100400002
101110030
20102020
2410
20020102
110001031
1112200
211000201
3120010
100400011
112300
211002100
200010400
20020111
23002000
111102100
211000210
111101200
100400020
111003100
10001302
401011000
20020120
101122000
221000002
101103100
121011100
101102200
11102200
10001311
103300000
212001100
11101300
33010000
11003200
120200101
100001200
10103200
300121000
1113001
1103200
1102300
400300
3101020
120200110
121201000
202030000
20302000
120110002
121000300
100003102
241000
300110200
40000
30211000
310201
2032000
120110011
3103
1031101
200010001
201020011
30200200
11032000
311000002
100003210
120110020
111100300
1031110
100003120
140000200
100002310
12000202
311000011
110001100
30110110
3310
110001103
123010000
3220
20300200
130003
311000020
20102101
100002400
1002220
200023000
400110010
2200
100212100
101211100
2200003
20102110
111004000
11104000
110001121
20012002
200004001
3120100
100400101
100004002
110000320
211012000
101121001
110001130
20012011
211000300
200020012
100400110
100010212
100010122
3030001
101121010
20212
20012020
100033000
10222
100010101
10411000
10001401
3030010
100310011
101121100
201110002
33001000
200202100
112000000
240000001
10001410
112000003
100310020
101203000
111211000
130100200
201301000
22101001
240000010
200000002
1113100
21013000
31021
110101003
103210000
21121
22101010
102002020
22120
120110101
21220
20001310
300031000
1023001
11113000
202111000
310300
2110000
112000030
20030002
1031200
3202000
120020002
10003003
22210
311000101
1041010
20030020
30121000
220201
1004110
120020011
121021000
12000301
311000110
120001102
110000104
132100
110001202
132010
120020020
23001100
12000310
30040
221011000
201110110
121000
110001211
311100001
20000200
110400100
130111
3112000
220200001
41000002
40003
110001220
20012101
201121000
30020200
100400200
2301001
220200010
41000011
20020300
200000110
20012110
13030000
140110
100200400
2301010
20001400
41000020
100310101
110011003
100202200
122000002
101031001
200000140
11030011
101012110
210130
100310110
11120110
130110100
100411000
101031010
400000300
240000100
300004000
112000102
103001020
210001000
203011
22000300
210001003
22101100
120210100
200041000
112000111
201110200
120102001
10130110
10121110
210001012
1131010
102200002
210120100
120110200
22011001
120102010
200000200
1023100
210001021
1041100
10140100
103120000
200400001
21200002
11041000
110310100
120020101
210001030
100103002
311000200
11203000
200400010
21200011
220300
110011102
120020110
10120000
12000400
102001012
122002
20014
21200020
110001301
200010112
100021012
30031000
130201
100020112
122011
3004000
300000001
110001310
100010113
24100000
20004001
130210
21112
220200100
41000101
40102
210101002
101113000
11001001
20004010
120202000
2301100
11113
41000110
40111
3022000
220110001
11001010
120001300
200120200
11001013
201112
110030011
100310200
2211001
220110010
300000040
101031100
301120
11001022
211020001
201120001
411000001
1400002
230110000
110101300
100220101
10003300
11001031
120030010
112000201
411000010
1400011
20104000
200320
210001102
203101000
11001040
301102
100130002
220210000
120102100
301110100
200022010
210001111
10231000
100020004
100013002
100130011
22011100
411100000
301020001
120000010
210001120
120012001
100200202
101041000
200400100
21200101
201310000
210011002
120020200
30121
120012010
204000100
100011040
100010140
21200110
203200000
103030000
200310001
21110002
100021120
311002000
122101
120030100
31120
110001400
21130
200310010
21110011
130300
2000032
122110
230020000
340000000
131020
212000002
30000040
20004100
220001200
100032001
1040020
41000200
40201
211020010
212000011
11001100
111030010
220120000
11001103
24010000
310110100
40210
101120020
220110100
411010000
11120020
31110100
101023000
11030020
2320000
3000220
2211100
1130020
1120030
222000100
100140100
220020001
10100002
100030021
411000100
1400101
100030012
1111030
100220200
2121001
220020010
10100011
112000300
100010032
1400110
400000000
11200300
210001201
1310002
30031
10100020
100130101
30013
10100023
22003000
3200020
210001210
1310011
20023
10033
100130110
200010040
13000000
141000001
100040002
13000003
120012100
200010010
301012000
100010020
10141000
10100041
141000010
100040011
13000012
110040100
10030
210040000
4210000
114001
220030000
202003
200310100
21110101
100120000
200014000
201031000
31020100
114010
1111111
121300
30000202
21110110
1140100
210020200
200220001
21020002
120010120
110130100
212000101
200103001
110120200
400100011
11130100
310001002
21020011
40300
11120200
212000110
200103010
220102000
3030100
11001202
310001011
21020020
212010100
20140000
110032000
122011000
310011010
2004100
11001211
310001020
303100
101211010
23000200
300400000
121200001
110001112
121210000
220020100
10100101
31012000
201000100
1400200
2041000
121200010
100020130
2121100
30220
10100110
30000310
200103100
10100113
10010002
30100
210001300
1310101
20200
20401000
100130200
2031001
100122010
10010011
100220002
32101
1310110
32011
120004000
100300000
2031010
10100131
141000100
100040101
13000102
10010023
111001000
130000210
121120000
111001003
10100140
20410000
100040110
13000111
200302000
21102001
11122000
11023000
114100
10132000
1132000
200022001
21110200
10010041
21102010
120010030
300001012
111001021
102001021
13003
4120000
101400001
301000000
101111110
200220100
21020101
111001030
100031020
212000200
100022020
24010
300103000
410200000
310001101
21020110
32020
31030
200130001
23020
22030
100032100
11001301
310001110
32200
100200121
120010111
200130010
230000002
34000
100012000
11001310
102201100
220012000
10004110
302010010
100040020
121200100
40030
100101010
4000000
2113000
130201000
40001002
10100203
43000
10000
101021110
40003000
300310000
121110001
200212
40001011
100122100
10010101
200200012
210200002
1310200
201120100
121110010
300013000
2031100
10100221
10010110
22210000
30400000
312000001
111400
200221
120010201
1220101
10100230
201220
100040200
13000201
312000010
101110
140011000
310210
111001102
301201
113002000
220010002
1130002
10010131
21102100
1300003
220010020
111001111
100121200
100112200
212200
1130011
10010140
122200
210110002
120211000
200212000
110100001
201211000
120002110
24100
303001
100212010
212110
102121000
311101000
110100010
200001100
200300110
110100013
203101
200032
310001200
101310001
113101000
20201011
200130100
110110300
110100022
1321000
11001400
101210020
101310010
220010101
20201020
220010110
103000021
110100031
241000000
200040001
113000002
111210100
210110101
120002200
202000030
320100001
23101000
200104
200040010
113000011
100200112
40001101
10100302
21110020
100114000
10002001
310200010
200113
121110100
201300100
40001110
10100311
2023000
11110111
10002010
10010203
300001000
10002013
31000300
110003200
300220000
121020001
210110200
101210002
312000100
210020101
10002022
320010001
1220200
410001001
401002
20012200
13000300
10010221
320010010
10002031
30310000
111001201
410001010
401011
200131
1130101
10010230
4300000
10002040
100100140
111001210
200140
401020
100201120
1130110
300300100
221200000
42000001
1040002
14002000
110100100
100203010
300001120
110100103
3301000
120130000
42000010
1040011
1210030
20201101
1030000
11300020
200122000
110010001
130000000
200001400
101310100
300100012
20201110
21010300
102031000
110100121
20111002
100302010
110004100
110010013
131000200
100200022
110000014
101220001
110100130
20111011
200040100
113000101
110010022
100200040
203002
110041000
211001002
310020010
20111020
112003000
113000110
110010031
121102000
10100401
100141000
211001011
10002100
100110400
100101400
10002103
23011000
103000030
10100410
400001002
211001020
11300200
10010302
200200102
201400000
22200001
100200103
32000020
121020100
200203
201101011
10010311
400000
10002121
22200010
111110200
410001100
401101
200230
200100400
300130000
1122001
10002130
200022100
111001300
302101
401110
2300002
1130200
302110
311002
203110
204100
214000
210000004
210000010
30220000
412000
111202000
311011
42000100
1040101
100301002
100203001
12001000
140001001
110100202
12001003
311020
20101300
1040110
303010
221110000
302020
140001010
110100211
110010100
200201200
100302100
110010103
3211000
100301200
20011210
211110100
110100220
20111101
202300
103300
200032000
2400001
100102000
301000
101220100
210000112
20111110
220000300
113000200
110010121
20021002
220111
20010211
211001101
100221010
110111002
140020000
101130001
110010130
20021011
121100200
130001200
211001110
421000
20001100
11230000
101130010
1420000
20021020
321010000
300120010
200220010
210100000
10010401
102004000
210100003
22200100
100130020
320020
200010100
130030
120201001
10010410
100321000
10002220
100132000
331000
313000
401200
22110001
120201010
340000
1122100
210100021
220000
130000
10222000
301001200
22110010
110002000
120011200
311101
210100030
102300100
300040000
213000001
100420000
430000
101002120
110111200
311110
122101000
1040200
4030000
213000010
101002210
140001100
110100301
12001102
2010100
30130000
100330000
1011100
110002003
104000020
201101101
110100310
12001111
300002002
20103001
110010202
212200000
221020
4011010
122002000
231010000
221020000
11100001
20103010
110010211
11100004
110002021
301101001
201101002
3121000
100401001
11100010
101101003
110010220
11100013
110002030
20111200
211001200
2310001
100401010
310201000
101130100
102001120
20021110
211000000
101011120
11111110
2310010
2011120
2010130
10002301
201101020
11100031
142000000
101040001
14000002
102110020
120101200
320011000
210100102
101000020
11100040
140000020
101040010
14000011
120201100
101003011
2002030
210100111
210010000
2010400
201101200
210010003
14000020
40000300
101111200
101101300
210100120
120111001
120200002
30301000
210010012
110300002
20200300
103001011
201220000
22020001
120111010
21040000
213000100
210010021
101004010
101003110
110001040
311001001
22020010
101014000
1114000
221101
210010030
11140000
110100400
12001201
311001010
30010300
221101000
10030030
221110
400010200
20110300
1003030
131002
30040000
20103100
110010301
30002200
110002111
122200000
302010001
20003200
131011
11100100
1030030
110010310
11100103
110002120
20013001
203001010
100003000
100401100
2203000
210300100
2410000
20021200
11010001
20013010
3100300
2310100
102202000
101302000
212000020
3031000
100311001
11010010
1300000
320200000
11010013
20000212
330010000
10002400
2220001
100311010
401010100
101040100
14000101
11010022
201111010
240001000
210100201
2220010
110023000
320020000
412000000
14000110
11010031
22102000
41020000
210100210
112001011
210022000
301101010
210010102
201101110
11010040
300020200
20010400
200200000
120111100
10330000
120000400
210010111
