320000
2
3200003
3030020
3030023
3000332
3020303
3030032
20
33302
23
2303000
30233
2303003
3200030
20000
320033
20003
203300
203303
33320
3020330
233003
32300
32303
2303030
2003000
2003003
330302
20033
203330
233030
32330
330320
2003030
2003033
3303002
3230300
30302
303200
303203
3303020
200303
230000
3302003
3323000
3003002
30332
2300030
2000000
2300033
2000003
200330
3003020
200333
230030
3003023
3002000
230033
3002003
2033300
3003032
3023003
2000030
2000033
3300002
300200
300203
3002030
3002033
3300020
3023030
3300023
3030200
3030203
2330300
3320000
3000002
3320003
303302
200
300233
333002
203
3000020
3030230
3000023
303320
2030300
3320030
2030303
3000032
3020003
3203300
3302
3233000
233
33002
3032300
203000
2030330
203003
33020
3020030
33023
32000
3020033
32003
23300
23303
33032
300302
330002
203030
203033
2330
2333
32030
300320
32033
23330
300323
330020
330023
320300
302
320303
3230000
30002
3230003
200000
3003203
2303300
30023
2333000
320330
20300
3230030
20303
30032
233300
3003230
200033
2003300
2003303
2033000
20330
2033003
20333
32
332
323
320
230
3002
3300200
3032
230300
333020
2300003
2030
3203
2303
3332
3323
3233
3320
3230
2003330
3200
2300
200300
3300230
30020
3000200
3200000
20030
3000203
2300300
3000323
323300
2300303
2330000
303230
30323
2330003
3020300
3033200
30320
30230
302003
333200
303002
200003
3302300
2300330
3030302
230303
3332000
23003
3303200
3200033
3020000
233000
3003302
302300
3200300
3000233
3033002
3200303
2000300
3030320
2330030
2000303
2030000
23030
33203
2030003
33230
33200
3003200
23000
3003320
3200330
230330
3203003
3002300
3000230
300032
3002303
3032000
300230
3023000
3032003
3023300
200030
303023
300332
230003
2300000
2000330
320003
3020
2000333
2030030
3023
2000
2030033
3330002
2003
3300203
303032
3203030
3302000
330200
302033
3002330
330203
303020
302030
3032030
323000
3300320
302303
300002
302330
3330020
2033030
302000
3302030
330032
320030
3330200
3000320
3320300
323030
3000302
332003
323003
2033
3030002
332030
300020
3033020
330230
300023
30200
23033
332300
30203
332000
3300302
3203000
3300032
