3200001
3
4100100
1110021
2010120
3200010
12300
1110030
42000
4010001
302100
21
1023000
4010010
131100
30
2004000
33
1112100
11301
3111
220200
41001
42
301101
11310
1201200
1022001
41010
2100
130101
301110
2103
1030200
2003001
1022010
10302
2011200
40002
211011
300102
10311
2301000
1200201
1021002
40011
2100300
1101
300111
2130000
1200210
210003
40020
1110102
300120
2010201
2002011
1021020
1020000
2300001
2010210
1020003
3200100
210021
102
2001000
2300010
2001003
1020012
210030
111
3110001
114
4010100
1020021
123000
3110010
123
2001021
1020030
1104000
2000001
2000004
2001030
11400
2000010
41100
2000013
301200
122001
1022100
2000022
130200
1103001
2202
2003100
211101
2000031
420000
10401
1103010
2211
40101
211110
2000040
300201
121002
1200300
1021101
40110
1230000
300210
1203
2002101
210102
2211000
1110201
1102011
2010300
2002110
210111
120000
1400001
1110210
120003
1102020
1221
1020102
1101000
201
1400010
1101003
204
220011
1230
1020111
4002000
2210001
210
1001220
3110100
213
203010
2001111
1020120
1200120
2210010
11112
202020
1101021
120030
1211100
204000
1100001
1320
200004
2000100
101112
1101030
2000103
33000
4001001
3020010
120111
110040
1100013
110121
201012
1014000
121011
4001010
2011011
122100
111021
1100022
111012
141
203001
14010
101130
1103100
2301
100131
1100031
211200
32001
4000002
121110
100101
110001
2310
111120
1100040
1013001
32010
4000011
300300
121101
411
1014
330000
1011
202002
1041
4000020
1102101
1302
1104
2002200
210201
31002
202011
1110300
120021
1102110
1311
1140000
1001211
1012002
31011
1400100
310110
120102
1001112
2121000
1020201
2121
201003
300
2112
1101102
303
3102000
1310001
1020210
30003
2210100
1212
1131
1122
1011000
1113
1310010
1011003
30012
201021
1140
1110
1101120
2120001
10212
1410
1100100
30021
201030
1100103
1102002
3101001
330
4101
4001100
200013
30030
4110
114000
1010001
3101010
2000211
1010004
1000410
200022
120
10041
1100121
1010010
10032
203100
1010013
1320000
200031
2400
2010111
3100002
101100
32100
4000101
1010022
2011110
200040
113001
1010112
3100011
1013100
12021
4000110
1010031
121200
140010
113010
111030
3100020
202101
1002000
2020200
1102200
1401
10131
1010202
210300
31101
202110
201300
240000
10140
112002
210000
10410
1012101
31110
11004
1221000
120201
410100
112011
1020300
1021011
201102
1012011
2202000
410001
402
1011021
1310100
1011012
30102
201111
2031000
320100
410010
111003
21012
211020
1011102
30111
3012000
1220001
12012
222
2120100
11022
11013
200103
30120
2201001
1220010
11040
3101100
2000301
11010
2011101
200112
2030001
2201010
1100211
1010100
1011201
2000310
1010103
201120
3011001
2030010
3210
1100220
110013
1120011
1001022
24000
1100010
2200002
1001202
11202
3100101
110022
213000
4000200
1010121
1021110
2200011
113100
1012110
3100110
110031
1011210
1011120
3010002
3021000
2200020
121020
120012
3020100
202200
23001
3011010
3010011
12120
11220
11130
1001400
31200
1004001
23010
14001
3010020
112101
14100
100014
321000
100011
1004010
1211010
120300
100104
112110
40200
1302000
201201
22002
1200111
1101300
1100112
200211
200121
1131000
30201
1003002
22011
1010040
100212
111102
240
2112000
320001
30210
1003011
1220100
321
100140
100110
21000
1301001
200202
21003
1003020
1100301
100401
100410
2000400
1130001
1301010
1002003
2030100
101004
1100310
110103
101001
2111001
1130010
312
3011100
21021
1101012
100032
110112
20001
1300002
1010211
20004
2200101
21030
102021
3100200
1001001
20010
1300011
1010220
20013
2200110
102012
210120
101022
2110002
101013
1300020
3010101
20022
101040
101010
1002030
1201101
2110011
23100
1101201
3010110
20031
4200000
104001
1000002
31020
2110020
3030000
22020
1001031
20040
2040000
104010
1000011
101202
112200
1000014
2003010
402000
1201110
1101210
201210
1000020
22101
1031010
1000023
231000
2001201
103002
102120
30300
1003101
22110
1004100
1212000
111201
101400
103011
1011300
104100
1003110
110004
1041000
1000041
111210
110202
103020
200301
21102
1110012
102000
230001
401010
102003
1130100
411000
200310
21111
3003000
1211001
230010
210012
2111100
1010301
130011
1002111
21120
1040001
400002
110211
20100
1300101
1010310
20103
2200200
2021001
1040010
400011
1001100
110010
1300110
1001103
20112
3002001
2021010
1002102
400020
2110101
310101
3300
3010200
20121
3002010
1210011
1120110
1210110
2110110
1110120
3300000
1001121
100002
220110
1210020
1000101
210210
101031
1000104
130110
3001002
2020011
120210
120120
1000110
1002120
4110000
1000113
110220
3001011
100020
110130
110400
100023
22200
110100
1000122
311100
3001020
103101
1111002
311001
312000
3102
212001
3000003
111300
211002
103110
2111010
141000
100041
13002
1121010
3000012
1112010
1111020
311010
200400
21201
212010
13011
230100
3000021
102102
122010
2103000
1002201
21210
112020
13020
110301
3000030
102111
12000
140001
1002210
12003
1040100
400101
110310
1111200
1300200
1121001
20202
2020020
2021100
212100
400110
101103
111000
2102001
310002
20211
3002100
1210101
401001
401100
2110200
11001
2102010
310011
20220
24
12030
12
2400000
101121
1120002
2000121
310020
2020101
2000112
3111000
1000200
1000401
2101002
1000203
1000212
3001101
2020110
1000131
3210000
100113
10002
2101011
1120020
231
3001110
11031
132
1000140
100122
10011
2101020
1000221
10014
420
4020000
1001004
2100000
2100003
10020
200001
1000230
10023
1100202
2001012
1002021
1002012
2100012
13101
1001013
3000111
222000
3012
1100130
2022
21300
2100021
13110
1032
1203000
102201
1001040
2040
1002300
1001010
2100030
200010
1032000
2101200
102210
2001102
140100
2220
12102
3201
400200
221001
2001210
2001120
1121100
20301
4020
12111
1001130
1202001
221010
3120
2102100
1001301
20310
2130
1210200
1031001
1202010
101211
11100
1200
1001310
11103
320010
2012001
220002
2201100
101220
1120101
4200
100320
100200
200220
1201002
100203
2010012
2101101
1000302
200100
3001200
11121
1030002
1201011
220020
10101
2101110
1000311
10104
1000032
2011002
1030011
1201020
100221
10110
2002002
3120000
10113
2010102
1200003
1030020
103200
100230
3000000
4101000
3000201
10122
300000
1200012
1301100
2022000
2100111
2010000
3000102
3000210
2010003
1010130
1200021
102030
1210002
303000
20130
10320
3000120
102300
1010400
1200030
2020002
132000
4100001
4002
300012
1122000
2010021
1401000
30000
1113000
12201
4100010
4011
221100
201000
2010030
1021200
20400
302001
12210
2012010
1202100
101301
2011020
2300100
3000
131001
302010
3003
1031100
1013010
101310
1012020
1011030
1112001
131010
3020001
2012100
220101
2000130
1012200
1120200
13200
301002
11211
1100004
3021
100302
1311000
1410000
2001
130002
301011
2004
1030101
3030
100311
10200
2000220
2010
10203
301020
2013
1030110
2013000
2220000
2120010
1200000
300003
130020
2100102
1200102
2000202
3201000
2100201
1002
2100120
3000300
10221
2310000
2031
1110000
1000320
2100210
1110003
200130
300021
10230
1100400
4011000
2001300
2002020
310200
1020
1003200
300030
1023
