1
3000322
4
10
3000331
3033100
13
3000334
3033103
3000340
43030
3000343
43033
303130
2230300
303133
2230303
340000
34
340003
40
3033130
43
2302000
2302003
3330100
3330103
2003002
10300
340030
10303
340033
223300
223303
2003020
2302030
2003023
3000400
2302033
3330130
3000403
2003032
10330
10333
2300002
100
103
3332200
3000430
3000433
3033202
303220
303223
2300032
130
3203203
3033220
133
3322000
3322003
4303000
3023002
2203
1030300
3203230
1030303
3330220
3322030
3023023
334000
334003
133300
4303030
133303
3023032
2233
1030330
1030333
3320002
303301
303304
202
4300
334030
4303
303313
133330
3320020
3033301
3320023
303322
430300
3033310
430303
3320032
332002
303331
3203302
232
33001
4330
303340
4333
33010
332020
33013
301303
3203320
203002
3330301
2302
4000000
3232003
3031300
3330310
3031303
33034
203020
203023
2320
330001
301330
2323
330004
301333
203032
330010
3103003
2332
330013
2003230
2003233
3031330
43300
330022
43303
2300200
2300203
301
330031
304
3230002
31030
3033400
31033
330043
3400000
43330
3400003
3230020
2300230
3230023
2300233
2333002
331
340300
334
340303
3230032
340
343
2333020
3400030
2302303
3023200
3400033
3023203
2003302
340330
33133
330100
330103
2003320
2302330
2003323
3023230
2032000
2032003
2003332
3320200
3013003
2300302
400
330130
403
330133
2032030
2300320
2032033
2300323
3013030
332200
3013033
332203
2300332
430
3310000
433
2030002
3310003
3322300
2200000
2200003
2030020
332230
2030023
3310030
322000
3310033
322003
3023320
23002
1303003
334300
203230
203233
4033000
4033003
23020
322030
23023
322033
1303030
23032
1303033
3230203
3320320
320002
4033030
332302
2333200
4330003
320020
33301
3230230
320023
33304
33310
320032
33313
3220003
203302
3433000
33322
4000300
4330030
4000303
33331
203320
2323003
33340
330301
3220030
1000000
3220033
1000003
3103300
330310
3103303
330313
4000330
4000333
330322
2323030
103000
103003
232030
1000033
3103330
330340
31333
3400300
3400303
3230320
230002
103030
2030200
103033
2030203
3003004
400000
3003010
400003
230020
3003013
230023
3400330
3003022
230032
3130003
2030230
3003031
3343000
2030233
3003034
400030
2020000
400033
2020003
3300004
3001000
3300010
2233003
2032300
3300013
3130030
2032303
3130033
3013300
3300022
3013303
2020030
3300031
2020033
3300034
2233030
320200
3001033
2032330
320203
3013330
3310300
2030302
3310303
320230
320233
2200300
2200303
310000
2030323
3310330
2030332
3003133
322303
3040000
3040003
1303300
23302
1303303
2200330
2200333
310030
310033
4033300
23320
322330
23323
3040030
3040033
1303330
23332
3300133
1033000
1033003
320302
230200
230203
4330300
320320
3003202
320323
1033030
1033033
3220300
3220303
1330000
1330003
3003220
3302230
3003223
230233
220000
220003
2323300
433000
3220330
433003
1000300
1330030
232303
1330033
3300220
220030
3300223
304000
220033
304003
103300
433030
103303
3300232
3333001
232330
1000333
3034000
3333010
3034003
230302
304033
103330
103333
3003304
400300
3034030
400303
230320
3003313
302002
230323
3331000
3001
3003322
3331003
3130300
3130303
3032002
3003331
302020
3013
302023
400330
2020300
400333
3022
2020303
130000
3202003
2233300
3331030
3032023
343000
3300313
3130330
343003
3032032
300001
3300322
3043
300004
1000
2020330
1003
3333100
2020333
3202030
3202033
3001330
13300
3001333
343030
13303
3030010
3030013
300031
3200002
1030
3003400
1033
3003403
3030031
13330
3200020
13333
3200023
3030040
2303002
3030043
310300
310303
3200032
3003430
3040300
3040303
3300400
3300403
2303032
310330
310333
40000
40003
300100
300103
3040330
3300430
2002000
2002003
3030100
3030103
40030
40033
300130
300133
2002030
2002033
3030130
3030133
302200
3323002
302203
1330300
1330303
2000002
3032200
3032203
3323020
220303
2000020
302230
2000023
302233
1330330
2000032
3032230
220330
304300
220333
304303
3022000
3022003
4003000
3030202
4003003
3034300
300223
3200200
333001
304330
3200203
3030220
3022030
3030223
34000
3022033
333010
34003
333013
4003030
3030232
4003033
302302
2303200
3020002
2303203
3331300
3301
3200230
333031
3304
3200233
3233002
34030
302320
34033
302323
3020020
3020023
331000
3322
331003
130300
4300030
130303
3020032
4300033
32002
3331
343300
3334
3340
300301
3343
202000
202003
1300
331030
1303
331033
130330
130333
32032
300322
3030310
3030313
300331
333100
202030
333103
202033
1330
300340
1333
300343
30010
3030331
30013
3323200
200002
3200323
3030340
2303302
2000200
333130
2000203
3200332
30031
30034
200020
200023
2303320
30043
200032
3100003
2000230
3313000
2000233
2033002
3313003
40300
40303
300400
300403
2203000
2203003
2033020
2332030
2002303
3030400
3100033
3030403
3313030
2033032
40330
40333
300430
300433
2330002
30100
2203030
30103
2203033
2002330
2002333
3030430
2330020
2330023
3020200
3020203
2000302
3233200
30130
31
3004
30133
3034
3031
30004
30304
323002
30334
2230
30301
33004
33031
2000320
30001
300034
2000323
300304
300334
3020230
303004
4333000
3020233
303034
32203
2000332
303031
130003
323023
3010000
330034
330304
3010003
330331
333004
3003310
33403
323032
303400
303430
3223003
3022300
3000304
3000301
3022303
3003301
3003001
3030004
3030034
4003300
3030304
32230
4003303
3030301
32233
3033004
3334000
3033001
3030001
3010030
3300304
22000
3010033
3300331
22003
3300301
333301
3223030
23230
1003000
13033
3022330
1003003
34300
3303001
333310
34303
3330004
1000030
4003330
3330001
3300001
3000001
22
322
200200
313
310
200203
4300300
3040
22030
4300303
3313
22033
3310
3010
30022
30040
1003030
3330022
30232
1003033
34330
3300043
3232
3304003
30310
33022
1300000
33043
20002
3020323
3403300
33040
200230
331303
300022
200233
4300330
300013
3020332
300043
32302
300040
2033200
300313
300310
2033203
20020
3302023
203332
20023
403000
3304000
3304030
403003
233020
303310
1300030
233023
20032
1300033
331330
32323
303010
330040
333022
333040
3133000
300010
3000022
3133003
32332
2300020
2033230
3000043
3000040
4030033
3000313
3000310
3003043
3003040
403030
3003340
2330200
403033
202330
2023003
3303004
202333
3030022
3030322
3004000
3033022
3303010
3004003
3302302
3303013
3133030
3033040
3302020
30313
3300040
3300340
3300310
3303022
200302
3303040
3430000
3303310
30322
3430003
3330040
203323
2330230
3303031
3340300
2023033
31330
30331
223
2230000
3004030
220
200320
3004033
3100030
2320003
30340
3202
3103
30343
3301000
2303020
3223
3301003
200332
3133
3430030
3100303
2303023
3220
3002002
3130
3313300
1333300
2033302
3403
3433
3430
2230330
3400
3100
30202
2320030
31300
100000
2320033
3001300
100003
2203300
30223
3301030
2203303
313000
3301033
3100330
313003
30220
3100333
1033300
1033303
3002032
323020
303403
3230200
33202
33103
223330
33232
3043000
33223
33220
3043003
3303100
33130
100030
3303103
30400
100033
2203330
30403
3000004
33430
313030
33400
33100
313033
3000010
1033330
300202
3000013
2300023
300232
2330320
333202
300220
3203200
32320
2200
3043030
303202
220300
4030030
3303130
303232
433300
4303003
30430
3000031
3340000
30433
3000034
3340003
3223000
330202
323302
31003
20200
330232
330223
20203
32200
330220
3023020
330403
233200
330430
330400
233203
333220
333400
4030
3020302
323320
3000103
2330302
3000133
3010300
3000220
3340030
3010303
4300000
3000130
4300003
3032302
3223300
3003103
20230
3003232
1333000
20233
430330
1333003
3403003
3233020
233230
3003130
10000
2230033
2303230
10003
3202303
3232000
4000003
3003100
223000
32020
3010330
223003
22300
3010333
3403030
22303
32023
3103000
3303202
3202330
1003300
3232030
1333030
1003303
4000033
3300202
3300103
3200302
3300130
3103030
10030
3103033
1300003
10033
322300
13000
3303220
3200320
223030
3330202
3330400
223033
22330
2302300
3300100
22333
3000100
2002
3203023
2332000
1003330
2020
3100000
1003333
2332003
203200
2002300
2033023
332023
31303
1300300
3302032
20302
1300303
3320203
3302200
31000
3320230
302032
3403000
233302
2330032
3002200
302332
301300
3002203
4030300
2233000
304030
4030303
20320
4303300
3023302
20323
403300
332032
2030032
403303
233320
23200
1300330
332320
20332
1300333
1303000
2332300
1030000
2200030
2200033
1030003
3133300
331300
3002230
3320302
13003
3002233
4030330
3001003
4030000
3002023
3002020
3001030
2023000
3001303
403330
4030003
2023300
3303301
3100300
2023303
133000
2230030
3000202
133003
3004300
4330000
1030030
3004303
130033
1030033
203203
3220000
2003200
233002
3232300
4000030
3032020
303001
3032320
3130000
3430300
202300
202303
3000223
4000
232000
2023330
4003
232003
303013
133030
3031000
3000232
133033
3004330
3302002
2320300
233032
303022
2320303
430000
23233
3033010
430003
3332020
3033013
3302203
3301303
230230
2330203
3203002
3302320
3230302
232033
3002302
3301300
303040
4033
3304300
303043
3332002
232300
2003203
3033031
301000
2023030
2320330
301003
3203020
2320000
430030
100303
3002320
430033
3301330
3002323
313300
13030
23203
313303
3203032
2033320
3330010
3031003
3002332
3330013
3202300
310003
320332
323203
323230
323200
3043300
2030320
301030
2023
3303400
301033
100330
3020320
3013000
100333
2323000
3330031
2032
200323
313330
1000303
100300
1000330
3031030
130030
43000
3031033
230332
43003
303100
2230003
3202000
303103
