3200001
3
4100100
4101
2010120
3200010
12300
1110030
42000
4010001
302100
21
1023000
4010010
131100
30
2004000
33
11301
3111
220200
41001
42
301101
11310
1201200
1022001
41010
2100
130101
301110
2103
1030200
2003001
1022010
10302
2011200
2003010
300102
10311
2301000
1200201
1021002
40011
2100300
1101
300111
2130000
1200210
210003
40020
1110
3111000
2010201
2002011
1021020
1020000
2300001
2010210
1020003
3200100
210021
102
2001000
2300010
2001003
1020012
210030
111
3110001
114
4010100
1020021
123000
3110010
123
2001021
1020030
1104000
2000001
2000004
2001030
11400
2000010
41100
2000013
301200
122001
1022100
2000022
130200
1103001
2202
2003100
2000031
420000
10401
1103010
2211
40101
1401000
300201
121002
1200300
40110
1230000
300210
1203
2002101
210102
2211000
2010300
2002110
2040000
1400001
120003
1102020
1221
1020102
1101000
201
1400010
1101003
204
1230
4002000
2210001
210
3110100
213
1020120
2210010
120030
204000
1100001
1100004
1101030
2000103
33000
4001001
1100010
1100013
1014000
4001010
122100
1100022
203001
1103100
2301
1100031
211200
32001
4000002
2310
1100040
1013001
32010
4000011
300300
330000
202002
4000020
1302
2002200
210201
31002
202011
1110300
1311
1140000
1012002
31011
202020
120102
2121000
1020201
201003
300
303
3102000
1310001
1020210
30003
2210100
1011000
1310010
1011003
30012
201021
2120001
1100100
30021
201030
1100103
3101001
2120010
4001100
200013
30030
114000
1010001
3101010
2000211
1010004
200022
1010010
203100
1010013
200031
2400
3100002
32100
4000101
1010022
200040
113001
3100011
1013100
4000110
1010031
121200
113010
3100020
202101
1102200
1401
210300
31101
202110
240000
112002
31110
1221000
120201
1020300
201102
2202000
410001
402
1310100
30102
2031000
410010
111003
30111
3012000
1220001
2120100
200103
30120
2201001
1220010
3101100
2000301
141
200112
2030001
2201010
411
1010100
1014
2000310
1010103
1011
3011001
2030010
1041
1100220
110013
1104
2121
24000
2112
2200002
1212
1131
3100101
110022
1122
4000200
1113
1140
2200011
113100
1410
3100110
110031
2000040
4110
3010002
1000410
2200020
120
10041
1320000
202200
23001
203010
3010011
140010
101400
2001201
3020100
31200
1004001
23010
10212
3010020
10131
310200
210000
321000
10140
1004010
300120
120300
10410
11004
410100
1302000
201201
22002
1002102
1101300
1110000
21012
311010
1131000
30201
1003002
22011
12012
222
11022
11013
2112000
320001
30210
1003011
22020
11040
11010
100140
21000
1301001
200202
21003
2201100
1100301
211002
1031010
2000400
1130001
1301010
1002003
2030100
1001022
1100310
110103
100320
1001202
1010202
11202
3011100
21021
101004
211020
201210
20001
1300002
100200
20004
2200101
21030
2020020
3100200
1001001
20010
1300011
1010220
20013
2200110
12120
11220
11130
2110002
1001400
1300020
3010101
20022
14001
14010
14100
100014
100011
23100
110400
3010110
20031
4200000
104001
1000002
100104
2110020
100101
200211
1001031
20040
200121
104010
1000011
2100000
10032
1000014
100212
402000
100131
240
321
201300
22101
100110
1000023
231000
100401
103002
100410
30300
1003101
22110
101001
1000032
200001
201012
103011
320100
102021
1003110
3011010
1041000
1000041
120021
110001
103020
200301
21102
101040
102000
230001
401010
102003
1130100
101010
200310
210210
3003000
120000
230010
3210
102012
1010301
101202
112200
21120
1040001
400002
201120
20100
1300101
1010310
20103
2200200
2021001
1040010
400011
1001100
110220
102030
1001103
20112
3002001
2021010
102120
400020
101013
320010
101130
3010200
20121
3002010
101100
104100
110004
101022
411000
3300000
220011
100002
210012
1210020
1000101
130011
101031
1000104
120012
3001002
2020011
110040
110010
1000110
310101
4110000
1000113
1011300
3001011
100020
122010
110202
100023
22200
310110
1000122
220110
3001020
103101
210120
130110
312000
120210
120120
3000003
111300
112020
103110
110130
141000
100041
13002
110100
3000012
311001
3102
212001
1122000
21201
2011020
13011
230100
3000021
102102
212010
2103000
1002201
21210
1011030
13020
110301
3000030
121020
12000
140001
1002210
12003
1040100
400101
110310
111030
1300200
311100
20202
1200120
2021100
212100
400110
101103
111000
2102001
310002
20211
3002100
12021
401001
401100
2110200
11001
2102010
310011
20220
24
12030
12
2400000
13200
1120002
2000121
310020
2020101
2000112
200400
1000200
1000401
2101002
1000203
1000212
3001101
2020110
1000131
3210000
100113
10002
312
1120020
231
3001110
11031
132
1000140
100122
10011
2101020
1000221
10014
420
103200
1001004
201000
2100003
10020
40002
1000230
10023
3120000
2001012
1002021
1002012
2100012
13101
1001013
3000111
222000
3012
2000202
2022
21300
2100021
13110
1032
3000120
102201
1001040
2040
1002300
1001010
2100030
3000102
1032000
2001300
102210
2001102
140100
2220
12102
3201
2013000
221001
2001210
2001120
1002120
20301
1220100
1001220
1001130
1202001
221010
3120
2102100
1001301
20310
2130
1210200
1031001
1202010
1320
11100
1200
1001310
11103
4020
2012001
220002
213000
101220
1003020
1004100
1002000
2020200
4200
1201002
100203
2310000
1130010
1000302
200220
3001200
2010012
1030002
1002030
220020
10101
330
1000311
10104
1100130
2011002
1030011
1201020
100221
10110
1010040
1200000
10113
2002002
1200003
1030020
1000020
100230
2010102
4101000
3000201
10122
1300110
1200012
1212000
2002020
200004
2010000
2000100
3000210
2010003
1301100
1200021
2022000
40200
303000
1010130
1210002
20130
102300
10320
1200030
1000320
132000
4100001
4002
1010400
1311000
2010021
2020002
1400100
1113000
12201
4100010
4011
221100
3000000
2010030
1102002
20400
302001
12210
1021200
1202100
101301
2012010
1003200
3000
131001
302010
3003
1031100
2300100
101310
1013010
3021000
1012020
131010
31020
2012100
220101
3020001
3300
1120200
3020010
301002
1012200
1100400
3021
100302
2000130
1410000
2001
130002
301011
2004
1030101
3030
100311
10200
300012
2010
10203
301020
2013
1030110
100032
2220000
30000
200010
300003
130020
1203000
1200102
2100102
3201000
2100201
1002
1100202
3000300
10221
400200
2031
3030000
2100120
2100210
1110003
2000220
300021
10230
200130
4011000
200100
4020000
2101200
1020
300000
300030
1023
