1024002
3
1200132
311301
4100103
213000
1032201
213003
12300
1110030
12303
1040400
1110033
1032210
4010004
21
24
4010010
3203100
4010013
30
131103
3002400
33
4100130
4131
221220
4010022
3113001
12330
340011
2400300
4010031
3121200
2302002
340020
41013
2101302
4010040
2310201
131130
2302011
2003004
3031101
41022
2011200
2310210
2011203
2302020
2003013
2220102
41031
2101320
1200201
1200204
2003022
2130000
1200210
2130003
1200213
2003031
2220120
2130012
2011230
1020000
303201
1020003
2130021
102
1200231
1233000
4100202
4203
1032300
2130030
111
1200240
422001
12402
4010100
1020021
4010103
123000
422010
123003
4100220
4221
1020030
213120
1020033
131202
132
340101
4230
1020042
3113100
123021
340110
41103
144
4010130
131220
2302101
123030
3023001
2003100
2302110
2003103
3031200
2212002
2011302
1401000
2220201
41130
1401003
1200300
1200303
2003121
1102002
2212020
2130102
1200312
2003130
2040000
1200321
2040003
1102020
1401030
1102023
1024200
4301001
1200330
2040012
4100301
4302
1102032
213201
4301010
4002003
422100
2040021
4100310
4311
1143000
4010202
1020123
4002012
2040030
4320
332001
1020132
4002021
231
33000
332010
33003
4010220
4002030
240
41202
243
33012
2302200
3023100
33021
2003202
41220
33030
2421000
2003211
2220300
1200402
2003220
1311000
2130201
1311003
1110300
1110303
2130210
2122020
2040102
201000
1020201
201003
300
303
4100400
4401
1020210
1012020
1020213
1311030
1012023
2040120
1110330
4010301
1020222
1012032
321
3400002
332100
4010310
1020231
4002120
201033
330
3400011
3101004
333
33102
1020240
242001
3101010
3400020
3101013
342
33111
242010
3101022
33120
2204001
2003301
3101031
2212200
2204010
2003310
3101040
1102200
1102203
2130300
2032002
1221000
2040201
1221003
1020300
201102
1020303
410001
2040210
2032020
1102230
1020312
4002201
410010
111003
410013
414
324000
1020321
4002210
201123
123300
3400101
1221030
423
1020330
3101100
3400110
3101103
432
33201
3310002
242100
111030
410040
111033
33210
3310011
3011004
2200002
2204100
3011013
2003400
3101130
2200011
2200014
1401300
2200023
2122200
1303002
1102302
2200032
1004001
1303011
1004004
2032101
1012200
2200041
1004010
1012203
1303020
1004013
2032110
1102320
1430001
1020402
410100
1004022
410103
4203000
1430010
1131003
4002300
201213
1004031
320001
320004
1012230
3400200
320010
21003
320013
201231
234000
3101202
33300
3310101
320022
201240
4031001
3011100
21021
3310110
320031
21024
3220002
3101220
2200101
21030
2200104
21033
3220011
2200110
2200113
2110002
3220020
2200122
1303101
2024001
1000002
2200131
2110020
1303110
2110023
2032200
2024010
1000011
2200140
1012302
402000
402003
1430100
201303
103002
1213020
1000032
1340001
1004130
103011
320100
402021
103014
320103
4113000
1000041
1340010
1041003
103020
402030
103023
320112
230001
201330
230004
3101301
3003000
320121
3302010
3003003
4031100
230013
3101310
144000
103041
320130
21123
3003012
3220101
1041030
2200200
2200203
21132
3003021
3220110
230031
3130002
2200212
3003030
230040
3130011
2200221
1303200
2020002
2024100
1000101
2200230
1000104
1004202
2020011
2020014
1422000
1000113
1221300
402102
2020023
1123002
1004220
410301
312000
312003
1340100
1000134
111303
402120
2020041
320202
1123020
1000143
21201
103122
320211
3302100
312021
13014
230103
4023000
21210
103131
320220
21213
3003102
13023
230112
3212001
111330
140004
3011301
21222
3003111
3220200
230121
2401002
140013
2200302
21231
3003120
2102001
230130
2102004
3130101
140022
2200311
2110200
2102010
2110203
2401020
2102013
3130110
140031
2200320
3040002
2020101
2102022
1000200
1000203
1004301
2020110
2102031
1213200
2020113
3040020
2110230
2102040
402201
2020122
1000221
103200
402210
103203
1131300
1000230
1000233
1033002
2020140
320301
222000
1000242
222003
21300
103221
320310
21303
312120
13113
230202
1033020
103230
21312
3003201
13122
230211
3212100
222021
140103
3011400
21321
3003210
13131
230220
222030
2200401
21330
2102100
2102103
3130200
2311002
2110302
2012001
140130
2012004
3040101
2020200
1201002
2020203
2311020
2012013
1000302
2110320
2102130
2020212
2012022
1000311
1000314
1201020
2020221
1201023
1000320
4400001
304002
1000323
103302
1201032
312201
4400010
4101003
1000332
1033101
103311
320400
312210
13203
304020
1000341
1033110
103320
431001
21402
13212
230301
132000
431010
132003
3003300
13221
230310
222120
140202
132012
13230
2401200
3122100
132021
2102202
140220
132030
3032001
2012100
2012103
3040200
2221002
2102220
2020302
1410000
1000401
1410003
1000404
2020311
1000410
2221020
1000413
2020320
2012130
300003
4400100
304101
1000422
103401
1002
312300
1410030
1000431
1033200
4310001
214002
1011
300021
13302
4011000
222201
4310010
4011003
1020
300030
1023
230400
3200001
222210
3200004
132102
13320
341001
3200010
3200013
42000
1041
341010
42003
1044
4011030
132120
2303001
42012
2102301
3200031
2004000
2303010
2004003
3032100
42021
2102310
3200040
2012202
2004012
42030
1201200
2020401
1201203
2004021
2131002
2012220
2004030
1320000
1320003
300102
304200
1021002
2131020
1101
1201230
300111
210000
300114
210003
4310100
1320021
1110
423000
13401
300123
222300
1320030
1021023
4220001
124002
3200100
210021
3200103
1021032
132201
4220010
1131
341100
300141
210030
3200112
210033
132210
3110004
42102
1143
3200121
3110010
2303100
3110013
2102400
2000001
3200130
2000004
2004102
42120
2213001
2000010
2000013
3110031
2221200
2213010
1201302
2004120
1103001
1103004
2000031
2340000
2000034
1402020
1103013
1320102
1201320
300201
2041002
2000043
300204
1103022
1230000
300210
1230003
4101300
300213
210102
1103031
1320120
4003002
1230012
300222
1103040
120003
4220100
1230021
300231
333000
3200202
210123
4003020
1230030
300240
4130001
34002
3200211
3110100
120021
3110103
120024
42201
4130010
34011
3200220
120030
3020001
42210
2000100
2000103
2004201
3020010
2213100
3020013
2012400
2004210
3020022
2123001
1103100
1103103
2131200
2123010
2000133
3020040
1320201
300300
2000142
300303
1021200
1320210
1021203
1312020
1013013
1230102
300312
210201
1103130
202011
210204
4003101
1013022
1311
4212000
300321
210210
1140003
4011300
210213
4003110
202023
1230120
3401001
300330
1323
3200301
1021230
30000
3401010
3102003
4130100
34101
3200310
210231
243000
202041
3110202
120123
42300
1341
1140030
210240
4040001
3020100
30021
3020103
30024
4040010
2004300
30030
3020112
30033
2000211
2000214
1402200
3020121
30042
2123100
2000223
3020130
2000232
2033001
1320300
1013103
2041200
2000241
2033010
1103220
202101
1021302
411000
1230201
411003
210300
202110
210303
4003200
202113
1230210
1222020
1413
1021320
120201
1013130
3401100
1422
4122000
210321
120210
202131
112020
120213
30102
112023
34200
3311001
210330
202140
3110301
120222
30111
3012000
3311010
3012003
4040100
3110310
120231
30120
2201001
3020202
30123
2201004
2000301
2000304
114
2201010
3020211
30132
2201013
2000310
141
411
2000313
441
3114
3020220
30141
3012030
3111
3110400
1304001
2000322
3411
30114
1103301
30411
2201031
1312200
300411
1304010
2000331
2033100
303111
1103310
101301
2201040
3000114
1013202
3000111
2000340
11022
3000411
3113010
1431000
221301
1014
202203
1230300
1104
3012012
2124
1314
1224
1132002
1134
1013220
2211
114300
2112
321000
1221
1212
321003
120300
202221
1122
120303
1113
2241
22002
313011
1132020
1242
202230
1140
120312
30201
1404
22011
30204
321021
22014
1401
4032000
120321
30210
2421
22020
30213
321030
22023
2412
3221001
120330
1431
2201100
3020301
30222
2201103
2000400
1440
2410002
2000403
1410
3102300
3020310
30231
3012120
22041
2002200
4041
2000412
4104
4101
4212
30240
4122
1300002
4113
2410020
2000421
4140
4110
1103400
1001001
2201130
1300011
1001004
4410
2000430
4302000
31011
31041
1001010
31104
1300020
1013301
31101
1300023
1222200
100332
403002
233010
1223010
22200
202302
204102
4200000
104001
204021
4200003
104004
201222
202122
1001031
1341000
1300041
1001034
112203
403020
104013
321102
203121
202320
31140
1042002
1001043
31110
4200021
104022
31401
3303000
31410
34110
231003
30300
301014
4200030
30303
321120
22113
3004002
1231002
1042020
14301
112230
310014
30312
3012201
22122
3004011
3221100
231021
1200
324
3020400
30321
2201202
22131
3004020
3102120
231030
3102012
301311
3131001
30330
3012021
22140
3011001
310410
310131
3102210
311004
2320002
113100
2201220
1300101
301401
301410
1300104
2021001
304011
2320011
2021004
304110
1300110
1001103
3132
1300113
1210002
4000023
2320020
2021013
2010012
221004
1013400
3001011
1300122
213021
3001104
403101
2021022
3001101
2100120
202401
100002
1300131
1210020
40020
4200102
1210023
1132200
3002112
313002
100011
1300140
1001133
112302
410220
4110000
321201
241002
4110003
100020
3001212
212310
100023
4200120
113202
321210
22203
313020
14013
231102
3001113
3000000
440001
30402
3000003
22212
3004101
14022
123210
3213000
100041
440010
141003
3012300
22221
4110030
14031
231120
2402001
212202
3110022
30420
3000021
22230
3001410
2410200
3004110
2402010
2103003
3131100
3031011
2201310
3031110
2241000
3000033
1034010
3301110
2103012
2320101
141030
10014
1300200
3041001
3000042
1300203
2021100
2103021
2320110
2021103
3210000
10410
2230002
3011040
1300212
10104
2103030
22101
3042000
20124
310401
2230011
10224
1300221
12312
130002
403200
20121
1120002
20112
2230020
100101
1300230
1001223
100104
4200201
2021130
140040
10221
313101
100110
14040
1001232
1034001
4200210
10131
321300
10122
313110
1120023
1042200
10113
223002
10011
104220
320040
22302
311013
4020000
231201
14310
4020003
10020
200232
3000102
10023
3004200
10140
231210
10110
4020012
3013011
10401
100143
22320
20421
14130
20412
2402100
4020021
10431
2001120
3123000
10041
10440
3000123
10044
202032
4020030
122040
12024
2312001
131301
21012
3000132
13011
1034100
12012
2013000
2000121
2312010
2013003
3041100
3000141
1300302
11013
2103120
1202001
2021202
21042
1202004
2230101
13041
1300311
1210200
12042
1202010
1210203
11043
1202013
2230110
11040
1300320
1001313
2140002
131010
2021220
22104
2013030
21204
4401000
13104
1001322
100203
4200300
104301
12204
1202031
313200
11304
1030002
1001331
2140020
10101
1210230
21102
1202040
13101
14202
1030011
1001340
223101
1030014
4001040
432000
22401
12102
3102102
1030020
11202
4020102
1030023
1004040
3000201
133002
210420
3000204
2130120
120204
22311
1030032
13311
3000210
133011
12321
3000213
10134
2201400
4020120
1030041
4001103
303102
133020
1200120
3000222
10143
3110220
2103201
3110040
3104100
2312100
11232
410202
3000231
3033000
140010
2103210
21240
13140
12240
2013102
11340
3000240
2222001
22110
21120
1202100
2021301
13110
1202103
2230200
12210
2222010
1001403
300033
3104001
1210302
11220
2013120
11130
1000212
22410
21420
13410
12420
11430
1120200
11400
301002
1120203
11100
14004
100302
14001
1210320
2001
1202130
301011
2004
1030101
1001430
100311
4311000
1040004
2010
10203
4110300
2013
1030110
301023
223200
1030113
4012002
100323
10212
14010
1120230
2103102
3201000
4020201
1030122
3201003
3000300
133101
24102
3000303
342000
301041
4020210
1030131
4012020
100341
10230
14103
3000312
10233
43002
2043
1030140
3201021
24210
24120
2304000
3000321
10242
43011
2103300
14220
3201030
14400
14100
3221010
3000330
40011
43020
3111030
40104
2034
40311
2013201
1002120
2001210
2222100
2001204
2040
2022
2021400
1003101
2013210
40110
40401
40410
41004
41001
41040
2132001
41010
321012
41301
311040
41310
41400
2140200
41100
1321002
410130
1202220
301101
1120302
3110130
301104
1022001
113040
211302
1022004
111300
301110
2103
1030200
301113
1022010
1030203
1321020
1022013
10302
310221
1120320
310212
301122
114030
1030212
214020
1022022
10311
4221000
2121
10314
301131
4020300
1030221
3201102
1022031
10320
3410001
3000402
10323
301140
2133
1030230
32100
1022040
202410
3410010
3111003
10332
43101
2142
312012
3201120
2300001
311031
311022
3000420
10341
43110
2020020
2001000
2020104
2300010
2001003
312102
2300013
311202
231300
2214000
1010100
311310
311220
2013300
311130
2300022
311400
311100
1403001
314001
314010
314100
1202301
3010014
2300031
1104000
3010011
1403010
1104003
2132100
2124000
1202310
3010104
2300040
2001033
3010101
1040010
2000130
1131030
23040
2331000
301200
2042001
2001042
301203
1022100
4000101
1013010
1022103
1203102
3200022
2042010
3010410
301212
3022011
1104030
3021021
420000
4004001
3021012
420003
10404
301221
2214
1030311
4012200
3011031
4004010
3011022
1231020
10413
301230
2223
1030320
3201201
1022130
3011010
3410100
420021
10422
202212
4131000
3021102
3201210
204012
121020
3012102
420030
121023
43200
3320001
3011202
3011103
2300100
1001310
3021210
2300103
3021000
101034
3320010
3021003
3013110
3012210
2001102
3011310
2300112
2210001
3011220
3011130
2210004
20022
3014010
3014100
3040011
2300121
2210010
3040110
1403100
2210013
3041010
3311100
1202400
1100001
2300130
2001123
1100004
100014
2210022
100044
4000011
1313001
1100010
2300004
2001132
1100013
100314
2210031
1014000
100224
1313010
1014003
2042100
100134
1100022
2023011
2210040
203001
1022202
200121
203004
2301
200112
1100031
1440000
1030401
4000002
211203
4004100
203013
2310
100221
301320
2313
1030410
1100043
1022220
100212
203022
100131
3402000
100122
2322
330003
4000020
100113
213300
203031
420120
200142
3103002
2331
330012
100242
211230
100140
203040
100404
100401
3103011
3320100
330021
31014
23100
4041000
4000041
2300202
100431
3103020
100422
330030
31023
100413
3230001
100440
2300211
2210100
100410
101004
2210103
31032
101001
3230010
202014
2300220
2001213
201024
102024
3021120
2120001
201021
201012
2120004
3310020
2001222
1100103
102012
220410
2120010
101022
1313100
2120013
101013
2001231
2034000
1010001
2210130
201042
1010004
102042
2120022
110100
2001240
1223001
1010010
110430
203100
1022301
101010
2120031
1231200
202104
1100130
2403
201204
1100133
1022310
103104
2120040
420201
1100232
101304
113004
201201
4000110
1010031
121200
4000113
1010034
121203
412020
113013
330102
103101
1010040
102201
203130
1010043
102102
3103101
2430
330111
240000
101202
112032
240003
3111300
203211
3103110
113031
330120
31113
3013002
203112
4000140
2300301
121230
202311
2202000
3021201
31122
2202003
2001300
240021
2300310
2001303
201321
201312
2210202
31131
2202012
201132
240030
103212
2001312
3140001
103113
1320012
2120100
2202021
3020031
2120103
4210200
2001321
1100202
323010
1104300
2010030
2202030
102132
2014020
2030001
2001330
430101
2030004
2121030
401130
1010103
101232
124020
2030010
222102
1223100
2030013
103140
1100223
1022400
102240
2120130
430110
201210
201120
2030022
103110
4000200
1133001
102210
4000203
420300
1204200
101310
2030031
101220
101130
1133010
201402
203220
1010133
121302
102402
2030040
330201
101403
322011
23004
4000221
201420
103410
31200
102420
330210
31203
322020
23013
4000230
101430
121320
101400
113130
121032
31212
3013101
23022
104031
3222000
104040
104010
3240000
3021300
31221
2202102
23031
240120
104202
2001402
104103
204210
2210301
31230
204120
2112000
104310
104130
2112003
3140100
104400
2210310
104100
2202120
1301001
2120202
1033011
1301004
1100301
133200
220014
1100304
210024
1301010
1002003
2030100
1301013
1100310
2030103
410310
1100313
1010202
110034
1014300
224100
1301022
210012
2030112
404001
1100322
130011
120012
203301
2010420
1301031
1002024
2030121
4201002
1100331
1133100
110022
4000302
1010223
1301040
1002033
2030130
110013
1100340
322101
210042
4000311
1010232
1043001
1002042
412200
330300
120042
322110
23103
4000320
3023010
232002
1200222
113220
410004
31302
130104
23112
240201
110304
232011
401100
130101
120102
31311
3013200
23121
240210
4000014
232020
1000140
3122001
220212
31320
2202201
23130
410400
220122
410022
210312
210222
2210400
210132
2202210
130311
1001022
3024
3131010
100230
3120120
2321001
120132
1420002
1301100
2120301
34020
1301103
1100400
3001020
2321010
1100403
110232
3103200
2120310
1023300
220140
130140
2030202
120240
2022012
1010301
1130100
410031
1010304
210120
400002
2030211
404100
2022021
1010310
130110
203400
1010313
1301130
1002123
2030220
120120
1100430
102033
4410000
4000401
1010322
110220
400020
113301
110130
400023
322200
2002122
4000410
1010331
1043100
210402
113310
2010024
3300000
120402
23202
3300003
1010340
232101
110403
101031
441000
400041
3001002
23211
240300
130410
232110
120420
101040
110400
142002
101043
23220
3300021
3001014
212004
2403000
2000202
213
3230100
2202300
3110001
3300030
3001023
211002
131001
2104002
1000122
142020
121002
113001
112002
3001032
231012
223011
222012
2321100
200220
221022
221013
2120400
3001041
1301202
213012
2104020
3210120
2022102
212022
212013
2231001
211032
211023
1002204
2030301
1302000
131022
1010400
303210
2231010
1010403
1301220
1002213
2030310
123012
2022120
1001013
2001021
402
101100
113022
1002222
101103
4201200
400113
310002
221040
1420020
212040
131040
1002231
113400
11001
400122
310011
11004
3101400
1010430
211020
4320000
224001
11010
400131
310020
23301
3300102
310023
232200
210
4021002
113010
400140
101133
23310
3300111
310032
221202
3102000
3210003
213102
212301
3001110
11031
3300120
310041
11034
123201
4021020
123102
1131000
1004400
2100000
3130020
3001122
2100003
113103
3210021
223110
221310
2313000
2101200
213210
3001131
2100012
2210220
3210030
2001024
211320
133110
2014002
131310
3001140
1301301
123120
1202202
2100024
2022201
1010022
1203003
2231100
3240
1301310
1002303
2030400
2100033
2022210
112320
1203012
221400
212400
131400
400200
122400
2100042
400203
1140000
1203021
212100
211200
131100
1002321
1330002
122100
400212
310101
1203030
112200
310104
4103001
1002330
1330011
1031004
400221
310110
11103
224010
310113
4103010
140001
1330020
1031013
400230
101223
23400
3300201
310122
220011
214200
134100
1031022
124200
3001200
134001
3300210
3001203
220020
114000
3210102
220023
142200
111000
134010
240012
310140
11133
240102
140301
220032
140310
140400
3120003
140100
3001221
2100102
2300400
2104200
220041
143010
4301100
3120012
143100
3001230
141300
2010000
141000
400014
2010003
400011
3120021
400104
400101
1301400
401310
400110
2100123
2022300
400401
3120030
400410
401004
401001
1002402
403011
2100132
2010021
402012
401031
1113000
401022
1103202
1113003
401040
401010
400302
401301
1203120
302001
300042
1031400
302004
1330101
403110
400311
3000
1420200
302010
3003
4103100
302013
1330110
1031103
400320
101313
1240002
401400
3012
220101
302022
404010
220104
4013001
101322
420012
3300300
3021
220110
302031
4021200
220113
3202002
101331
1240020
420102
3030
11223
302040
3033
1031130
3202011
101340
420210
130014
3001311
4140000
44001
3042
220131
130020
421002
3120102
130023
3001320
2100201
44010
412002
2100204
120
413010
411030
130032
431100
2100210
3030003
2000220
2100213
2010102
300420
2014200
130041
411300
414000
3030012
440100
2100222
3100014
3100011
1203201
2020131
3100104
3100101
3030021
2040300
2100231
2133000
3000030
1203210
2010123
4002102
2100021
3030030
20400
2100240
1322001
1020420
400032
302100
2020410
3100401
302103
1330200
3100410
1322010
1023003
3101001
3201012
310302
3102021
302112
212001
1031202
3102201
1023012
11301
3210210
310311
220200
302121
212010
220203
4013100
1023021
11310
3104010
310320
11313
302130
3123
1031220
3202101
1023030
3210012
3411000
3001401
11322
3210201
3210300
220221
3202110
212031
3120210
130113
40002
11331
44100
3141
220230
3211002
2301000
3120201
130122
2301003
2100300
3112002
40014
2100303
3212010
3211020
2002002
130131
2301012
3122010
3030102
40023
2100312
2010201
3121020
2002011
2010204
2301021
2002014
3030111
1404000
2100321
2010210
3112020
2002020
2010213
2301030
2002023
3030120
40041
2100330
3211200
3112200
3114000
2010222
3111000
2002032
3140010
2200020
1000014
1322100
12
1000044
2010231
2043000
2002041
302202
42
204
201
1023102
2000124
2010240
1232001
1000224
302211
3204
1031301
234
212103
1240200
2000112
1232010
11403
302220
3213
220302
1000131
1023120
122001
312
222
122004
123
3222
220311
3202200
1000110
122010
130203
421020
122013
1000440
3231
220320
420
212130
301302
130212
40101
122022
2001012
3321000
23001
1002021
1002012
3120300
130221
2301102
122031
2031
40113
3022002
1032
1003041
2002101
130230
1001040
2211000
3030201
40122
2211003
2010300
2002104
2002110
2010303
2301120
1400001
3030210
40131
1400004
1003104
1001304
2304
1101000
2001201
1400010
1101003
40140
1400013
1002201
1002102
1314000
2010321
1001301
2002131
1113300
1001202
2211030
3201
3102
2202
2010330
1302
2002140
302301
1203
1400031
204000
1023201
4300002
204003
1232100
2003112
1101030
3303
1400040
4001001
1023210
4300011
4001004
2020032
2130
2002212
3312
220401
4001010
2002113
4300020
4001013
1200042
122103
3310200
3321
331002
322002
212220
4010400
130302
1002312
1002132
32001
3330
331011
32004
2232
1332
4001031
40200
1233
32010
40203
331020
32013
1003140
1002240
130320
2301201
122130
2340
40212
3022101
32022
1003110
3231000
1002210
2301210
2002203
3030300
40221
3022110
32031
1001220
2420001
2010402
1001130
1400100
3210
40230
1400103
2121000
3120
2420010
2121003
2220
2002221
1320
1230
10200
1310001
2000022
3402
1310004
2002410
2002230
2001420
1011000
3031020
1310010
1011003
1002420
1310013
4200
1001400
302400
200001
1400130
2400
200004
4300101
1310022
1001100
2100
413001
200010
203010
4001100
200013
4300110
1310031
421200
203202
4210002
114003
30003
1004103
200022
1004310
1310040
1011033
122202
1004100
3420
331101
2122002
200031
10002
130401
3100002
1020024
4210020
4000104
331110
32103
200040
1020012
4001130
200043
122220
1010013
40302
30012
32112
3014001
20013
10032
2301300
2010042
2012040
3100023
3022200
32121
2203002
4000032
241020
1030104
2002302
1020204
3100032
20304
32130
2203011
2420100
1020102
3032010
2002311
3141000
3100041
1400202
2010312
2203020
2010132
4100100
3201300
2002320
2330001
303120
4010001
1310100
202200
2100402
1310103
2031000
340002
2330010
2031003
1400220
2311200
2310300
213030
312030
1220001
130200
2132010
1220004
4102200
2003001
200103
4300200
204201
1220010
2003010
413100
1220013
100200
2010120
1134000
110001
1310130
1002300
110004
1020120
2031030
1010220
1010130
323001
110010
2003040
200124
122301
2031210
1220031
331200
300120
4120002
24003
4001220
200133
122310
430200
1220040
2032011
32202
2001030
24012
2000040
3100110
110031
1103010
3100113
3010002
32211
4120020
24021
204030
1030302
110040
21000
3100122
110043
32220
2203101
24030
2012301
2412000
2002401
2220210
3100131
2211300
1013004
2203110
3010023
102030
1120020
2113002
1200012
3100140
1400301
1031001
1200420
3010032
4002000
1013001
1302003
2330100
1012002
1400310
1101303
203103
3010041
1310202
201030
2113020
3021030
2031102
31002
340200
2240001
1321200
1003011
1220100
1302021
1003014
1220103
300132
13002
2240010
2031021
1003020
2031012
1302030
1003023
2031120
4202001
1101330
200211
1130004
4001301
200214
110103
1003032
2021031
1130010
330000
323100
1130013
4001310
200223
1044000
20001
1220130
2013021
20004
2013012
1130022
2012031
3100200
233001
20010
3100203
1222002
32301
2011032
1130031
241200
200241
4030002
1100100
3100212
110133
32310
1031031
1130040
1100220
200100
4030011
1013031
3100221
3010110
20031
2203200
3010113
20034
1040310
4030020
22032
3100230
13032
20040
2021040
3010122
20043
4000122
1031040
1013040
3312000
1400400
32040
4000131
3010131
2121300
2021010
1302102
2012010
2011020
1031010
2023002
1021020
3010140
1310301
1011030
3013020
1212000
2031201
220002
1212003
2240100
31020
1310310
1011303
1302120
1003113
1220202
23010
2023020
200301
2012310
13020
102000
12030
1003122
102003
4202100
401013
200310
1130103
4001400
200313
110202
1003131
1220220
24300
1212030
4000212
3102030
1040001
200322
3000012
20100
102021
1312002
20103
4120200
24201
3301002
200331
233100
1040013
3100302
110223
32400
3002001
1130130
3301011
3002004
4030101
1040022
3100311
3010200
143001
3002010
3010203
3301020
3002013
4030110
1040031
3100320
1041000
20130
1002000
3010212
20133
3002022
1023000
1040040
2120220
2021310
2112030
4031010
3010221
20142
3002031
2113200
4013010
1002030
2011320
1224000
1031310
3010230
4201020
3002040
1302201
230100
1311300
1213002
2023101
1013310
1000020
1003200
1012320
1302210
1003203
2031300
1000023
2023110
1011330
3132000
2022000
3302001
2022003
1003212
1220301
230022
401103
1122000
2022030
1220400
1122003
1031100
1003221
1220310
1013100
1011300
311001
1130202
3300012
200412
110301
1003230
120033
12000
13200
311010
12003
1040100
200421
110310
1040103
102120
110313
20202
102123
1130220
3301101
1122030
1024020
1014030
4022001
110322
20211
3002100
12021
20214
3002103
4030200
24000
4022010
110331
20220
300402
3010302
20223
2400000
12033
1040130
2400003
110340
40032
200430
3010311
20232
3002121
2101002
1040301
2400012
2201301
231000
40320
3010320
20241
3002130
310203
2041020
2400021
1043010
1332000
303300
2112300
1041300
1203000
1302300
2100030
2400030
2101023
2023200
310200
1204002
1300014
1200024
1100034
1003302
300024
2101032
200034
132300
300012
4230000
100032
1310220
1003311
2142000
402300
401202
3120000
1204020
1100040
2020230
4101000
1003320
1331001
2223000
200304
102204
1130301
3204000
311103
4104000
4101030
1331010
1032003
401220
102213
1130310
200202
2010033
221001
1040202
1113030
1032012
20301
102222
3001302
3301200
300000
221010
3030000
4022100
1032021
20310
102231
12120
20313
3002202
12123
1040220
100233
1032030
200340
3420000
3010401
20322
3002211
12132
2430000
2400102
221031
200130
100320
3121002
20331
3002220
1300401
200403
2200410
2310000
2100420
1300410
2310003
20340
200400
201300
1203300
2400120
1242000
2011002
1101300
2310012
1302012
103032
202002
1200000
3024000
203310
1200003
204300
2310021
2201022
1402002
1413000
1003401
1202022
301032
1212300
1101033
2310030
2011023
303021
303012
1003410
120000
4003011
1200021
1400022
3300
303000
2101020
302310
303003
1331100
301020
1200030
102303
1130400
4100001
4002
1410300
4100004
202020
1032102
4001022
102312
12201
4100010
4011
221100
4100013
4014
221103
4014000
102321
430002
20403
4020
12213
303030
4023
1032120
3203001
102330
430011
131004
3002301
12222
4100031
4032
3202020
3203010
3100020
430020
131013
3002310
12231
4100040
2400201
221130
102300
1304100
4001202
20430
1130001
3330000
2320200
2400210
2101203
3010020
223020
2310102
131031
2110032
1003002
3031002
1220022
1210032
1120032
4202010
230010
2220000
1300032
4200012
2220003
2322000
1310400
1200102
310230
2310120
2232000
2103000
3000120
2220012
3020004
2101230
3000024
1110000
1123200
3022020
1110003
3200400
2220021
1032000
1140300
1323000
4102002
4102020
1200123
1122300
1200033
2220030
4100022
