3000320
2
311300
303110
4103
1032200
213002
11
12302
2013200
4010003
430100
23
213020
32
340001
4130
3113000
41
340010
41003
301100
4010030
301103
1022000
2302001
1022003
2102
2310200
1030202
2003003
3031100
10301
10304
2003012
41030
1200200
10313
301130
1200203
1030220
2003021
1022030
3410000
3000401
2130002
2132
2003030
3000410
10331
43100
303200
1020002
2300003
2130020
101
1200230
104
2001002
2300012
110
422000
113
221300
2300021
1020023
1403000
123002
2001020
2300030
2001023
1020032
131
340100
134
2001032
123020
143
2042000
301202
2302100
3023000
2201
2204
1030301
2003102
4004000
420002
10403
301220
2213
1030310
2220200
1200302
3201200
420020
2231
10430
3320000
2040002
2300102
200
3021002
203
4100300
4301
2210000
4002002
2210003
2040020
4310
2300120
3021020
221
332000
1100003
131300
230
1313000
233
33002
2210030
242
33011
301301
203000
203003
2300
1100030
2303
1030400
1100033
4000004
2312
2003210
4000013
2321
330002
203030
2130200
3103001
2330
330011
31004
4000031
3103010
330020
31013
1020200
2300201
201002
1020203
302
2001200
2300210
2001203
31031
314
4010300
201023
320
3400001
323
1020230
3101000
3400010
3101003
332
33101
2001230
242000
1010003
41300
341
33110
1223000
1022300
2120030
2204000
2402
4000100
3101030
4000103
113000
113003
1010030
203120
1010033
2420
330101
3103100
330110
31103
2032001
240002
113030
2040200
3013001
2032010
2300300
1020302
410000
401
3013010
410003
240020
2001302
4002200
31130
413
1020320
2202020
422
2001320
410030
431
33200
3310001
2030003
3011000
3310010
3011003
2030012
2200001
2200004
2030021
1133000
4000202
2200013
2030030
322001
2200022
330200
1303001
322010
23003
4000220
2200031
1004000
1303010
1004003
2032100
2200040
3013100
23021
1430000
201203
31220
23030
2210300
1004030
320000
320003
1301000
21002
1301003
1100300
201230
1100303
1002002
3310100
320021
2030102
4031000
21020
320030
21023
404000
3220001
1002020
1301030
2200103
2030120
3220010
4000301
1002032
322100
4000310
1043000
1303100
23102
2024000
1000001
2200130
1000004
31301
240200
1000010
1000013
31310
23120
402002
1000022
2202200
103001
103004
1000031
1340000
1000034
402020
103013
320102
2321000
1000043
2120300
103022
3302000
2022002
230003
3101300
103031
320120
2030201
3003002
1010300
1010303
103040
400001
2030210
3003011
3220100
230021
101000
2200202
101003
3003020
400013
230030
4000400
3130001
113300
400022
1010330
2200220
400031
2020001
3300002
2020004
101030
1000103
400040
3001001
2020010
3300011
3001004
2020013
3001010
3300020
3001013
2020022
410300
3001022
2020031
1000130
1000133
3001031
2020040
320201
13004
3001040
320210
21203
312020
13013
230102
2231000
103130
1002203
2030300
3003101
13022
3212000
140003
3011300
3003110
400103
230120
2200301
21230
2102000
310001
2102003
3130100
2200310
11000
310010
11003
310013
140030
224000
3040001
400130
2020100
3300101
310022
2020103
3040010
1004300
2102030
3001103
3210002
11030
402200
11033
1000220
1000223
2020130
3210020
1000232
1033001
3001130
320300
13103
1033010
1301300
21302
2100023
2022200
230201
1203002
1002302
2100032
230210
222020
21320
400202
1203020
2200400
1330001
310100
310103
1031000
1330010
1031003
400220
2012000
220001
2012003
3040100
3300200
2020202
1000301
1000304
3001202
1031030
1000313
2020220
2012030
220031
4400000
304001
3120002
3001220
103301
312200
304010
1000331
1033100
103310
2010002
3120020
431000
230300
132002
2010020
2010023
400301
302000
302003
1330100
400310
101303
3002
302012
3032000
3011
220100
302021
3014
220103
4013000
3020
2020301
302030
3023
1000400
3202001
101330
1000403
130004
3001301
2020310
3210200
3202010
130013
3001310
44000
3041
300002
304100
130022
2100200
1001
2100203
1004
1000430
130031
4310000
3030002
300020
13301
300023
222200
3030011
13310
1203200
3200003
3030020
2100230
1031
341000
300041
1034
140300
1322000
42002
1043
3200021
302102
2303000
1023002
2102300
310301
3200030
212000
2004002
212003
42020
310310
11303
302120
3113
220202
1023020
2020400
3122
2004020
130103
3001400
3131
220220
212030
40001
1320002
40004
300101
3120200
2301002
1100
40013
2100302
1103
2002001
130130
2002004
3030101
40022
2010200
2002010
2010203
2301020
2002013
3030110
40031
2100320
300131
210020
2002022
210023
132200
1130
300140
1133
2002031
210032
3110003
2010230
2002040
302201
2000000
302210
3203
1031300
2213000
2000012
220301
3110030
122000
122003
2000021
220310
2000024
130202
1103003
3230
2000033
40100
40103
300200
2000042
300203
130220
122030
3022001
1230002
2002100
1103030
2002103
3030200
4003001
3022010
300221
2010302
1400000
4003010
1400003
1230020
300230
1223
3200201
2010320
34001
2002130
120020
120023
42200
34010
302300
1400030
3020000
4300001
204002
3020003
2000102
4001000
4300010
4001003
3020012
3311
220400
204020
3020021
2123000
331001
14
2000123
44
130301
3020030
224
32000
311
331010
32003
2000132
212
4001030
122
1013000
140
40202
1013003
32012
404
300302
440
2301200
202001
410
2024
3022100
32021
2103020
300311
210200
2012
2002202
210203
4003100
202013
32030
1022
2420000
1313
1013
3031010
1040
1010
1013030
3104
3401000
1304
1322
3101
2002220
1301
1202
202031
1310000
3221
30002
1310003
34100
3212
210230
2222
202040
2123
1331
30011
1340
1232
30014
3140
4040000
2240
3110
200003
4300100
2210
3020102
30023
413000
2000201
2120
1310
2000204
1220
1310030
3401
30032
20012
2000210
3410
30131
2000213
1400
140000
3020120
30041
2202002
401300
331100
400100
200030
23000
130400
3100001
4040
1002023
3100004
4202
32102
2000231
2033000
4220
3100010
4400
4100
3100013
10004
210002
2000240
300401
40040
230000
202100
14000
3100022
202103
1230200
2203001
300410
1403
220010
2002301
210302
3100031
10022
10013
2203010
40130
10043
10040
2002310
1202300
3100040
30104
20204
120203
30212
20201
20102
1000100
2330000
3230000
202130
300104
12320
30101
1430
10322
3311000
2302010
2031002
1320200
3110300
130310
30110
20231
1220000
30113
3012002
1220003
3202100
20132
120230
100130
2201000
3020201
30122
2201003
2000300
2230100
1001300
2000303
110000
213200
3020210
110003
3012020
30140
20240
10340
2000312
30200
20120
200123
122300
10310
1220030
10220
1304000
2000321
24002
10130
3100100
201020
2201030
3100103
1300004
32201
2000330
201302
2004200
10400
110030
10100
40400
3010001
32210
31202
3010004
31001
13010
13001
201320
31022
3010010
23012
2203100
3010013
20000
22220
2002400
13202
3100130
21032
13031
2022020
3010022
201200
31040
31400
321002
13040
1400300
31010
120302
3010031
200012
22001
1302002
123200
22004
23201
2000003
102023
3010040
1003001
22010
30203
1003004
22013
400010
32120
2240000
23210
1003010
120032
1302020
1003013
22022
22130
3221000
200201
13220
13130
3020300
30221
1003022
22031
4202000
11330
2000402
1130003
4001300
200213
30230
1003031
22040
223010
13400
31100
22100
21200
200222
13100
1003040
1300001
400004
20003
2000420
11300
1000340
200231
1001000
24020
3100202
1001003
32300
1300013
1130030
14030
200240
4030001
24200
3000020
1013300
20021
1300022
3010103
20024
403001
4030010
40010
3100220
202301
20030
1300031
104000
20033
4200002
104003
40301
40310
1001030
40220
1300040
1001033
20042
4103000
43010
41000
100400
200420
300014
200024
3010130
100034
4200020
300011
200021
22103
202010
2023001
231002
202022
1003100
303011
30302
1003103
2031200
3004001
2023010
200042
100043
203102
202004
30311
3012200
200204
3004010
401003
200300
100304
200102
200303
30320
2320010
102002
100202
204200
300212
300122
300113
3131000
200321
1003130
200312
200132
1003400
100322
100313
1040000
2320001
100232
1040003
1300100
231020
401030
1300103
2021000
3301001
200330
2021003
100133
3100301
100340
300110
3002000
200210
3301010
3002003
4030100
200120
3100310
100310
143000
100220
3010202
20123
3002012
4022000
1040030
100403
202400
100001
1300130
100430
100004
3002021
2021030
104030
1000202
313001
100010
233000
3010220
100013
3002030
1001330
321200
300032
313010
14003
203021
203012
100022
201032
1302200
102032
22202
101033
2023100
23300
1310300
100031
440000
30401
1003202
103010
3004100
102020
4100000
203201
100040
202202
30410
3000011
1220300
103202
3000014
103103
2402000
4000130
200402
301310
2201300
130040
203210
3000023
311000
3200012
2103002
311003
110300
202310
202220
110303
3000032
4010000
12002
20
2320100
3021200
103220
2132000
3041000
3000041
1300202
102320
3301100
102230
2120000
301400
3100400
2230001
20210
103400
12020
20213
3002102
12023
103100
2003000
2230010
102200
1300220
3010301
20222
101300
12032
1300010
2400002
120320
100100
3122000
3010310
100103
4200200
1320020
310004
220004
313100
2300000
3200102
1200032
1034000
10001
130001
120002
2400020
3110000
1020020
3200120
320012
223001
10010
310031
1232000
22301
230012
2031020
231200
220022
4020002
220013
2012300
1003301
22310
1103000
3000104
2003120
110033
2000030
310040
220040
1003310
10031
130010
3000113
10034
310202
4020020
1200320
3011030
3002120
1331000
4301000
3000122
102203
1130300
312002
4130000
3200210
2312000
420200
1032002
3000131
134000
310220
310130
1100000
221000
4002020
2013002
221003
20300
1300301
3302
20303
1202000
220130
210320
1202003
1032020
321020
1300310
1001303
20312
3002201
110330
310400
2013020
33020
3104000
4000001
3010400
20321
3002210
4000010
130100
120200
221030
2000120
4000022
300320
20330
232001
104300
3000140
1202030
3003200
222002
1030001
2310002
4000040
1030004
3010100
3200300
10103
2100002
3102002
1030010
311030
223100
1030013
232010
100223
22400
203300
1200002
200000
2310020
2120003
1030022
3102020
3000200
133001
232100
3000203
132020
3000110
1010000
1030031
3200000
200033
133010
2003300
1200020
10133
212300
1200023
1030040
3014000
303002
314000
1002200
3000221
102302
131000
2103200
4001
2200010
4100003
4004
3140000
3000230
3400100
12200
2030000
4010
12203
1040300
4013
323000
1003220
2222000
430001
20402
1103300
2021300
400400
4022
30020
3203000
403010
430010
131003
3002300
403100
4100030
4031
401000
3102200
3200
1130000
20420
1000040
12230
2200100
2400200
301001
3000101
1100330
301004
100301
3000212
2000222
2000
1000322
301010
2003
1030100
301013
131030
1030103
1000310
3031001
10202
3032
14300
3130010
301022
2030
2100020
3000002
2220002
2003201
1002320
2021
1002230
301031
4020200
3320
3201002
100331
133100
3001100
3000302
10223
301040
2033
1030130
3300110
2220020
1300400
2010032
3000311
10232
43001
2042
1023200
3201020
303101
303020
4220000
