2220033
3
213000
213003
12300
12303
303120
303123
21
1323030
24
3203100
30
3203103
3002400
33
340002
3002403
213030
213033
12330
2400300
12333
2400303
2302002
340020
3330102
340023
2003001
3203130
2003004
3002430
340032
2003010
3240003
2302020
2003013
2302023
3330120
2400330
2003022
2302032
2130003
2003031
2343000
2003034
3240030
1020000
303201
1020003
303204
102
1233000
303210
1233003
1032300
303213
2130030
1032303
2130033
303222
123000
123003
1020030
303231
1020033
3203202
132
1233030
303240
4233
1032330
3420300
3322002
3203220
123030
3023001
2310300
2310303
3031200
3330210
3031203
3322020
3023013
1200300
3023022
1200303
3023031
2310330
2003133
3031230
3023040
2040003
303300
303303
201
1200330
204
1200333
4302
4002000
210
4002003
213
303321
430302
4320
332001
303330
4323
332004
3203301
231
340200
332010
340203
4332
332013
4002030
430320
4002033
243
33012
332022
2302200
2302203
3023100
33021
332031
33024
3232002
340230
332040
33033
2220300
2220303
33042
3232020
2302230
2003223
3031320
3023130
2003232
1323300
201000
2220330
201003
300
303
213300
213303
312
303420
321
3400002
332100
201030
332103
3203400
201033
330
333
340302
213330
3400020
342
3400023
3322200
2302302
340320
332130
33123
2003301
2003304
3240300
2003310
2302320
2003313
3023220
2331000
2003322
2331003
2130300
2130303
2032002
2003331
2003340
1020303
402
2032020
2331030
2032023
2130330
324000
324003
123300
123303
332202
1020333
432
33201
3310002
33204
33210
332220
33213
324030
123330
3310020
3023301
33222
3310023
3232200
2003403
3023310
33231
3310032
2200020
2200023
33240
1303002
2200032
2003430
2040300
1303023
1303032
4203003
4002300
4002303
320001
320004
21000
320010
21003
320013
234000
4330002
234003
33300
320022
33303
4002330
320031
33312
320034
4330020
21030
3023400
21033
320043
234030
33330
3220020
3220023
2323002
3220032
1000002
2032200
2032203
2323020
402000
402003
201300
201303
103002
1000032
320100
2032230
320103
103020
402030
103023
332400
230001
201330
3302004
201333
103032
230010
3310203
3302013
3400320
320130
3003012
320133
3302022
2200200
2200203
33420
3003021
230031
3003024
230034
3310230
230040
3003033
230043
1303200
2020002
1303203
3130020
2200230
3130023
2200233
2233002
2032302
3130032
2020020
2020023
2233020
1303230
312000
312003
320202
324300
3302100
3302103
4330200
4023003
13020
312030
13023
312033
13032
3220203
2200302
3310320
3302130
3003123
230133
4023030
3003132
2323200
3040002
2200323
3220230
1000200
1000203
2200332
3040020
3040023
1303320
3040032
1332003
4203300
1000230
1000233
1033002
320301
222000
222003
21300
320310
21303
320313
230202
234300
103230
1033023
103233
320322
3003204
1033032
3003210
320331
230220
3003213
222030
230223
222033
21330
320340
21333
3003222
230232
3130203
3003231
3220320
2020200
2020203
1000302
2233200
3130230
402300
402303
1000320
304002
1000323
2020230
2020233
1000332
320400
320403
304020
304023
103320
402330
103323
230301
230304
132003
103332
230310
3003303
230313
13230
3003312
13233
230322
3003321
3331002
230331
3204030
132033
3003330
230340
3040200
3032010
3040203
3331020
3032013
2020302
3130320
3032022
3032031
2020320
2020323
3040230
3032040
1002
312300
312303
1033200
1033203
300021
13302
300024
1020
300030
1023
230400
300033
230403
3200004
13320
3200010
13323
3200013
1033230
42000
42003
13332
3200022
2303001
2303004
230430
3200031
2004000
3200034
2004003
3032100
2303013
3032103
3200040
3200043
3040302
2430000
42033
2430003
2303031
2004030
1320000
2004033
3032130
1320003
300102
304200
304203
1332300
2430030
210000
210003
1033302
423000
423003
222300
1320030
222303
1320033
3200100
304230
3200103
1033320
210030
210033
423030
3323001
222330
2303100
2303103
3024000
2000001
3200130
3024003
2000004
3200133
2000010
2000013
2000022
2303130
3032220
3024030
2000031
2340000
2000034
2340003
2000040
300201
2000043
300204
304302
4302000
300210
1230003
300213
4003002
2340030
120000
120003
300231
333000
3200202
333003
4003020
1230030
132303
300240
1230033
34002
300243
333012
4003032
3323100
333021
120030
3200223
120033
2303202
2000100
333030
2000103
3200232
3233001
132330
3020013
34032
3233010
2303220
3020022
3020031
2000130
2000133
3020040
3020043
300300
300303
202002
1302
300312
300321
202020
202023
1320
300330
1323
3200301
333102
3102000
3102003
1332
3200310
243000
3200313
243003
42300
42303
333120
3200322
3020100
2303301
3020103
30024
2000202
3200331
2004300
3102030
2004303
3032400
3102033
3200340
243030
42330
2430300
2000223
2332002
3020133
2000232
2033001
2004330
1320300
1320303
2033010
2332020
2033013
210300
2033022
210303
4003200
4003203
423300
2033031
1320330
2033040
333201
3200403
30102
34200
210330
34203
210333
4003230
3012000
3012003
2303400
3020202
30123
3024300
2000301
3200430
2000304
30132
2000310
2000313
3020220
3012030
3020223
3012033
2000322
3020232
2000331
2340300
2000334
2033103
2000340
2000343
202200
202203
1230300
1230303
4003302
321000
2033130
321003
120300
120303
22002
333300
202230
4003320
202233
1230330
30204
34302
4032000
30210
4032003
22020
30213
321030
22023
321033
120330
120333
30222
2000400
2000403
3020310
30231
3020313
30234
4032030
30240
1300002
30243
2332200
3020331
2000430
2000433
2033202
1300020
1300023
403002
202302
1300032
4200003
2033220
403020
403023
202320
202323
3303000
3303003
30300
4200030
3102303
4200033
3004002
243300
30312
3303021
3020400
30321
3430002
3020403
3004020
3303030
3004023
231033
3102330
30333
3004032
2320002
3430020
30342
3020430
2320020
2033301
2320023
2033310
2320032
100002
313002
100020
100023
4323000
22203
313020
3303102
313023
3000000
30402
3000003
3213000
3213003
3012300
3012303
3303120
30420
3000021
22230
30423
2103000
22233
2103003
3000030
30432
3000033
3340002
3213030
1300200
3012330
1300203
2230002
3340020
2103030
2033400
2103033
403200
403203
2230020
1300230
2230023
1300233
1333002
2230032
10002
321300
321303
223002
1333020
403230
4020000
3303201
4020003
10020
3000102
10023
4233000
3303210
3004203
4032300
223023
22320
321330
22323
3123000
3123003
22332
4020030
4020033
3000132
3004230
2320200
2320203
1300302
3123030
1300320
1300323
2320230
100200
2013033
100203
4200300
4200303
313200
1030002
313203
403320
432000
432003
3303300
100230
1030023
100233
4200330
3000204
3004302
1030032
3000210
3000213
133020
432030
133023
3004320
3332001
231330
3000231
3033000
3332010
3033003
2320302
3000240
3000243
3033012
2230200
2230203
3033021
2320320
3033030
301002
100302
1333200
2001
2004
2230230
10200
2010
10203
301020
2013
301023
100320
223203
2022
3201000
3201003
3000300
3000303
342000
2034
342003
3213300
10230
2040
10233
43002
2043
223230
2304000
3000321
2304003
3332100
3201030
2103303
3201033
3000330
43020
3000333
3033102
43023
3000342
43032
2304030
3033120
2103330
2230320
2100
2103
1030200
1030203
10302
223302
4020300
4020303
133200
2130
133203
2133
1030230
223320
1030233
10332
3324000
2300001
3123300
3000423
2001000
2300010
2001003
2300013
133230
3000432
3033201
2013300
2300022
2013303
3033210
2300031
2300034
2001030
2300040
2001033
2300043
301200
2013330
301203
2202
1030302
420000
420003
432300
301230
2223
1030320
301233
334002
1030323
133302
2232
1030332
420030
43200
3320001
43203
2300100
2300103
3021000
3320010
3021003
3320013
3234000
3033300
3320022
43230
3320031
2300130
2300133
3021030
3320040
3021033
301302
203001
203004
2301
2304
4000002
203013
2310
301320
2313
301323
203022
330000
2322
330003
4000020
3201303
203034
2331
342300
2334
203040
203043
3320100
330021
43302
3320103
330024
2300202
3103020
330030
3103023
330033
3201330
3230004
3103032
3230010
2300220
3230013
2300223
3320130
3230022
2300232
2333001
3230031
2034000
2333010
2034003
3230040
203100
203103
4303200
2403
2034030
330102
334200
203130
203133
2430
3312000
2433
3312003
330120
3320202
330123
2300301
2202000
2202003
3230100
2300310
3230103
2300313
3013020
3312030
3013023
240033
2300322
3013032
2300331
2333100
2202030
2202033
3230130
2300340
2001333
2030010
2030013
203202
2030022
4000200
4000203
420300
420303
322002
203220
203223
2030040
23001
2030043
23004
4332000
23010
3103203
322020
23013
4000230
322023
4000233
420330
3320301
23022
2300400
3222003
3021300
3320310
3021303
23034
4033020
3103230
23040
31233
23043
3230220
2300430
1002000
3021330
1002003
2030100
2030103
203301
203304
1002030
203313
2030130
2030133
203322
3402300
330303
4000320
232002
203331
3103302
330312
203340
3320400
330321
3013203
232020
232023
3103320
23130
31323
23133
232032
3132003
31332
3230310
3013230
2022000
2022003
2030202
2034300
3132030
400002
203400
203403
2030220
2022030
2030223
2022033
400020
400023
322200
322203
3300000
23202
3300003
203430
3001002
240300
240303
4033200
23220
3300021
322230
23223
2403000
2403003
2202300
3300030
2202303
3230400
3300033
3013320
240330
3042000
3042003
2403030
2202330
2030301
2030304
2030310
2030313
3042030
310002
2030331
322302
4320000
4320003
310020
23301
3300102
310023
232200
232203
23310
322320
23313
3210003
3423000
23322
3300123
3222300
4320030
2100000
23331
3300132
232230
2313000
2313003
23340
3210030
3210033
1203000
1203003
1002300
2100030
1002303
2030400
2100033
2030403
2313030
400200
400203
1330002
1203030
1203033
1002330
1002333
2030430
220002
1330020
400230
1330023
23400
400233
433002
23403
3300204
232302
1330032
3300210
4230003
220020
3300213
220023
433020
3300222
232320
3120003
23430
3300231
3333000
3132300
4230030
2010000
3001233
3034002
2010003
2223000
2223003
2022300
3120030
2022303
3120033
3034020
400302
2010033
302004
2223030
310200
2022330
310203
302013
400320
400323
3012
302022
3300300
3021
3300303
3024
3202002
3030
302040
310233
343002
302043
3300321
3042
3202020
130023
3001320
3300330
3001323
343020
3202032
3030003
3001332
3243000
3042300
3030021
2133000
2133003
3030030
3030033
302100
302103
1330200
3030042
1330203
310302
2133030
220200
220203
4320300
433200
302130
310323
302133
1023030
1023033
3210300
3210303
40002
3300420
220230
2301000
220233
2301003
2100300
2100303
2002002
2313300
3030102
40023
3034200
3210330
40032
1203300
2301030
1203303
3030120
2301033
2100330
3030123
2100333
2002032
3030132
2043000
302202
2043003
1330302
3201
1203330
3204
12
42
324
303102
300420
3210
300132
302220
3213
220302
302223
1330320
330213
30021
30012
30042
30324
2043030
33321
3202200
300012
300042
130203
4230300
300324
300342
3231
220320
303024
3234
220323
30000
3202302
303042
303312
3321000
330012
330042
3321003
220332
3000024
3000012
3120303
3000042
3000324
3022002
3000312
3003042
3030024
3202230
3030012
3003201
130233
3030312
3300024
2010300
3300012
3300042
2010303
3300312
3303012
3030210
2322000
3022020
3030213
3321030
3022023
203232
234
3120330
222
123
240
3030222
120
3022032
423
420
3102
3222
3132
3123
3030231
3243
3240
2010330
3120
3402
2010333
3432
3423
204000
3300240
4300002
204003
3300
30201
302310
3303
30120
302313
33102
33132
33120
33402
300234
300222
3312
300123
302322
300120
4300020
300402
300432
4300023
300423
3321
3403002
302331
3324
303132
130302
303402
4300032
204033
3330
330204
302340
3333
330201
330231
40200
330222
32010
40203
3403020
32013
3342
331023
130320
330132
330240
130323
330210
330402
32022
330420
2002200
333210
3000201
2002203
3030300
3000234
4000302
3030303
2103300
3000222
32034
342030
3231300
3000123
40230
4203030
32040
40233
3000120
32043
3000402
3030420
3000420
2230302
2334000
3030321
3003102
3201300
2133300
10323
3231030
3304002
3003240
2002233
3030330
400032
3003120
3240000
3003402
3003420
302400
200001
3030204
302403
200004
3030201
2130000
1023303
100323
3010032
200010
313302
2003040
200013
1230000
2003043
2300004
3030240
130002
3030402
4020330
3222000
200022
430200
430203
3300201
23031
231003
3420
3203001
302430
200031
3300120
3300402
3100002
203310
32100
430230
123033
32103
200040
4303002
3313002
200043
2001330
2003100
40302
2003103
3330201
3023010
2001300
2023320
3100020
2031
4303020
3100023
3022200
1332000
2203002
3022203
3313020
1030020
2002302
1032
3100032
43320
32130
40323
2003130
32133
2040000
420033
133320
34230
1203
32001
2203020
4230
1233
2203023
2002320
2330001
2301330
2002323
2330004
2040030
3022230
2040033
2031000
2343
2330010
2031003
2002332
2330013
33000
33003
3203310
2340
2220
1230
2043300
3330300
2330022
200103
4300200
2400
3023103
4300203
1200
2003202
3010332
2330031
4032
33030
4030032
4203
3402000
3402003
2031030
2003220
2330040
2031033
4200
32004
323004
3103002
31002
32031
3403200
4000032
200130
24003
103302
200133
4300230
1233300
31032
31023
32202
3402030
403032
3230001
323022
3013002
31020
32304
3010002
32301
3321300
3312300
31302
323031
31203
32331
3223002
32322
32220
230130
3022302
32223
323040
24033
32310
100032
3010020
2301300
233031
3010023
32232
3400032
3023202
31320
3223020
31230
132300
2303010
1302000
223200
31200
1302003
2330100
3023004
34023
2330103
34020
34320
1003002
240000
302001
3302040
302034
302031
1020300
301032
2300304
42030
3200304
2001303
302010
4200000
3320220
302304
200202
240030
204300
2032032
1302030
1003023
302301
1302033
2330130
320304
1020330
3020130
2030001
2030004
1003032
302232
312330
320430
200220
301332
313230
200223
4300320
20001
2200002
310230
20004
2003400
331302
2030031
200232
233001
204330
3100203
233004
20013
3323010
2030034
3313200
103200
4030002
304032
2200320
233013
20022
23103
331320
32313
323130
4033002
304320
1303020
233022
20031
3432000
2040303
20034
2203203
4030020
2300403
3100230
4030023
20040
3100233
3133002
20043
4203000
331002
3230202
331032
233040
331020
332301
2322003
32340
3400200
2040330
3400203
3222030
331203
2023002
332310
3133020
130332
2203230
331230
331200
334020
3002004
3220002
3002001
3400230
1330230
3002022
3001032
1002033
3001023
230013
2330220
200301
2322030
2023023
102000
3002040
3001020
102003
330300
2000220
200310
3002301
2023032
200313
4000323
3001302
3001203
102030
1003230
4000332
1003203
2002023
200322
323013
20100
1000020
23304
20103
1000023
2013003
3301002
200331
233100
330330
3100302
233103
32400
102033
323001
32403
200340
3230301
130230
200343
3010200
3001230
3002010
3010203
3301020
3002013
320223
3301023
3223200
3001200
20130
3100323
3003300
20133
2203302
1023000
3301032
231303
233130
3400302
3100332
402033
32430
3002031
3342000
230004
3002034
4000023
3003000
3132000
3010230
3003003
2203320
3010233
3043002
3002043
2002230
2330301
3004200
3032004
1003200
3032001
230022
2232003
2031300
22200
2330310
2031303
3031032
3130002
132030
40020
3043020
3003030
2030232
23100
200400
3031020
3032301
200403
3032202
320232
3031302
2331300
3032310
3013302
2032320
3302001
3302031
400332
2232030
240003
12000
1003233
2031330
12003
3302010
323301
132000
3302301
230100
3302202
20202
230103
24300
4023000
200430
24303
320220
200433
233202
3310302
3002100
3301302
3302310
3002103
4030200
3302220
3220200
4030203
20220
3301230
3010302
20223
2400000
12033
3302400
2400003
233220
3301200
2030322
3304020
20232
3304200
24330
3331200
130020
2030340
1303302
3100200
3133200
130200
3002130
3010323
3210000
3002133
4030230
10032
20010
3102300
2100003
2303310
1302300
2020032
2400030
1302303
2023200
2400033
1033020
2023203
2303022
1332030
1003302
3220302
3130200
2020332
10320
2310000
20430
4230000
2203200
2330202
13002
3120000
22032
12030
22302
13203
3204000
3204003
1003320
23232
1302330
1003323
2304300
2010030
2023230
3000
1032000
3203040
3003
1032003
1003332
3130302
13200
203031
323400
24030
3033
24000
300000
20301
323010
300003
20304
2403300
313032
3301203
3202023
233301
20310
40332
3030000
20313
3002202
3013200
40320
320040
4030302
310320
3420000
1032033
20322
3420003
3320004
3200001
4023300
430032
310032
1023003
310332
20331
3002220
2303040
20334
3002223
4030320
322032
204030
2310003
20340
103203
2002020
20343
3002232
323202
323103
323310
2322300
323220
3420030
313320
1200000
323100
3202203
1200003
202332
3120300
2023302
343200
4302003
1032030
3020004
3020001
203010
3020034
2310030
3020340
2223300
2310033
3204300
4302030
4003023
3020010
3020304
3020301
303000
3200220
231000
303003
102300
3020322
1200030
102303
200100
1200033
4002
3010320
303012
3202320
3231000
3231003
3022320
231300
4302300
300333
3233100
303021
30003
3040320
20400
3043200
430002
20403
4020
1023300
303030
4023
233400
303033
102330
30030
3203004
102333
30033
3310200
3002304
1023330
3203010
2033004
430020
3203013
3002310
430023
3301320
3002313
3340200
2301303
200034
200304
3203022
2203032
3330000
20433
3002322
3330003
200334
100332
220032
3203031
202032
2033100
3031002
3002331
3330012
204303
1003020
4300302
2220000
130032
133002
2220003
3002340
3330021
223032
30303
2433000
133032
233010
231030
2232300
223020
3330030
3031023
2023020
30330
233310
403302
2232000
3100320
3200400
3430200
1323000
2330400
2013000
1323003
3103200
2013030
2220030
1300332
