320000
2
1110020
1031
1301000
200201
21002
11
1100300
14
4010000
200210
21011
20
110102
23
2111000
1010201
1002011
21020
3101
32
1300001
1010210
20003
1002020
3110
1001000
41
1300010
1001003
301100
1022000
2110001
130100
20021
2102
2003000
211001
2110010
10301
20030
2111
104000
1000001
211010
1000004
300101
1001030
1200200
1021001
1000010
1100
1000013
300110
1103
2002001
210002
22100
1000022
2010200
103001
2002010
210011
1003100
1000031
2300000
1121
1020002
210020
101
401000
2001002
1020011
200300
21101
110
230000
113
102002
2001011
1020020
1002101
21110
1211000
110201
122
102011
2001020
1002110
2000000
400001
110210
2000003
1300100
20102
2021000
400010
101003
2000012
1001102
20111
122000
1210001
2110100
2000021
1103000
2201
1210010
211100
101021
2000030
10400
2020001
2210
1000100
101030
1000103
300200
3001001
2020010
40001
1021100
100013
1112
2000
14000
1102001
3001010
4000100
2002100
210101
100022
1012010
1110200
1000121
1102010
1211
103100
121100
210110
100031
1400000
11012
3000002
1001210
1220
1020101
11201
11102
200
13001
1101002
203
3200000
2001101
1020110
11210
2210000
100010
13010
1200110
3000020
102101
2001110
20120
1002200
100121
104
1001012
110300
221
102110
101012
1100000
21200
12002
1100003
400100
4100
230
120011
4001000
20201
40010
12011
1100012
101120
101102
2000111
2102000
310001
20210
220010
1210100
1100021
2200100
120101
203000
120110
310010
11003
2300
110120
1100030
121001
32000
1120001
1011020
111002
100100
121010
1011200
100103
1013000
2101001
1000202
111020
3001100
11021
1010300
111200
100112
202001
2101010
1000211
1102100
1301
11030
1000112
210200
31001
202010
2012
1000220
10013
1310
212
131
1012001
100130
140
11300
3000101
10022
100001
1020200
1004
201002
2100011
13100
1040000
302
10031
1310000
1001021
30002
201011
2100020
1201100
2021
311
102200
1022
1011002
30011
201020
1013
1040
1010
200000
1001201
1202
200003
30020
12101
1100102
1001120
221000
2000201
2120
1130
20300
10130
12110
100202
1202000
101201
2000210
1010003
310100
200021
10004
10001
1031000
110000
101210
20012
1010012
10040
200030
10010
2012000
220001
212000
200120
1120100
1010021
10202
120020
113000
1201001
3100010
3020000
2101100
1000301
1010030
1101020
11120
1030001
1201010
100211
202100
10310
1000310
10103
1400
2011001
1030010
10100
100220
4100000
2011010
1021010
10112
112001
1200002
31010
1012100
2100101
3000011
12020
3000200
10121
112010
1200011
31100
201101
2100110
12200
410000
401
2010002
11000
1200020
30101
201110
40100
41000
100004
410
2010011
200012
100040
30110
130001
1220000
4001
4000001
1003010
2010020
4000010
200102
2020100
2201000
1100201
4010
1130000
2000300
1002002
130010
200111
2030000
1100120
1100210
110003
101300
103010
1010102
2001200
3011000
20000
3002
2100002
110012
100400
3000110
3010100
1112000
2200001
1000130
3011
3100100
110021
2120000
1010000
1010120
301001
2200010
3101000
3020
100301
110030
102020
1000400
3010001
301010
2003
1030100
1001300
100310
311000
23000
1101200
3010010
3100001
2011100
120200
1000040
101000
1004000
3110000
300002
10211
112100
1200101
120002
140000
2100200
1001
1120010
300011
10220
3002000
2030
220100
201200
22001
1110002
1121000
300020
2010101
131000
302000
30200
1003001
22010
2000102
320
2000120
2010110
3200
