1
1024000
1200130
4
4102
213001
10
13
221200
213010
22
1202200
31
340000
34
4010020
40
41002
43
1120300
301102
2302000
100402
2101300
2101
211000
1030201
2003002
211003
10300
2110
10303
301120
2113
1030210
2003011
1022020
10312
1200202
3201100
3000400
2130001
2131
211030
2130010
1200220
1020001
2300002
1020004
103
4100200
2001001
1020010
2300011
213100
1020013
12400
2001010
2300020
2001013
1020022
123001
124
2001022
1020031
131200
130
133
2001031
1020040
142
2001040
301201
1231000
301210
2203
1030300
2003101
2212000
420001
10402
2011300
2003110
121000
420010
121003
1200301
1102000
1102003
2130100
1200310
2040001
1020100
2300101
121030
1020103
3021001
2040010
4300
2300110
2001103
4002001
2210002
211
214
4010200
4002010
220
223
1100002
2210020
232
33001
2001130
41200
241
33010
301300
1100023
1022200
203002
2302
4000000
4000003
420100
2311
203020
1200400
330001
4000021
3103000
330010
31003
4000030
1012000
1012003
2040100
2300200
201001
1020202
3021100
301
304
2001202
4002100
201013
31030
313
1020220
1012030
3400000
322
2001220
201031
3101002
331
33100
201040
1010002
2120020
3101020
203101
412000
2401
1010020
4000102
1010023
113002
1010032
330100
4000120
113020
31102
2032000
240001
3013000
240010
201100
1020301
201103
400
2202001
410002
403
2001301
1020310
2210200
2202010
412
2001310
410020
421
1100200
201130
1100203
430
3310000
2030002
3011002
2030011
203200
2200003
2030020
1100230
4000201
2200012
322000
4000210
121300
2200021
1303000
23002
1102300
2200030
31201
1004002
23011
240100
31210
23020
1020400
201202
2202100
2001400
320002
201220
2120200
21001
1301002
320011
21004
1100302
3101200
1002001
21010
1002004
2030101
1010200
1002010
1010203
1301020
1002013
2030110
1100320
1002022
21031
4201000
4000300
1002031
2110000
2110003
1010230
1002040
23101
1000000
1000003
31300
23110
1213000
1000012
2110030
402001
1000021
103000
402010
103003
1000030
1000033
103012
320101
1000042
21100
103021
320110
21103
2022001
230002
1002100
103030
1002103
2030200
3003001
2022010
230011
1010302
400000
3003010
400003
230020
2200201
101002
400012
1010320
2200210
400021
101020
400030
101023
23200
3300001
2020003
1000102
1004200
3300010
3001003
2020012
142000
3001012
2020021
1123000
1000123
3001021
103102
2104000
312001
1000132
3001030
320200
312010
13003
1301200
21202
2022100
230101
1002202
3003100
13021
230110
1420000
140002
21220
13030
2401000
2200300
310000
2102002
310003
140020
400120
11002
310012
3040000
2102020
310021
2020102
4021000
1000201
1000204
3001102
11023
3210001
1000210
1000213
2020120
3210010
1000222
3001120
2100001
2100004
1000231
1033000
103210
2100013
13102
2014000
222001
21301
2100022
230200
1203001
222010
1002301
21310
2100031
13120
1203010
1002310
2100040
400201
1330000
400210
101203
310102
2311000
1031002
2110300
220000
2012002
220003
1201000
2020201
1201003
1000300
101230
1000303
3001201
2020210
2012020
220021
1000312
3001210
220030
304000
3120001
103300
1201030
2100103
1000330
2010001
2010004
21400
2010010
1203100
2010013
1002400
132001
2100130
2010022
140200
132010
400300
2010031
302002
101302
2102200
3001
302011
3004
1240000
3010
11203
302020
3013
220102
2221000
2020300
3022
3202000
1000402
130003
3001300
3031
220120
130012
11230
3040
300001
3120100
130021
1000
2100202
1003
300013
130030
214000
3030001
13300
300022
2010103
3030010
2100220
1021
300031
1024
3200002
132100
1030
300040
1033
3200011
42001
2010130
3200020
302101
1023001
42010
310300
302110
3103
1031200
2004001
212002
11302
2012200
220201
2004010
3121
220210
212020
130102
2131000
3130
3112000
1320001
40003
300100
300103
1021000
2301001
1320010
1021003
40012
2100301
1102
2002000
210001
2301010
2002003
3030100
40021
2100310
300121
2010202
2002012
210013
40030
124000
300130
1123
3200101
1021030
2010220
3200110
210031
3110002
42100
302200
1023100
2000002
3110020
421000
2000011
220300
2000014
1402000
122002
3220
2000023
130201
1103002
2000032
130210
122020
40102
2041000
2000041
300202
1103020
3022000
1230001
300211
210100
2002102
210103
4003000
1230010
300220
2010301
120001
1400002
120004
2010310
3200200
120010
120013
1231
34000
210130
1400020
120022
1240
120031
4300000
204001
3020002
3301
212200
204010
3020011
3310
2000113
3020020
331000
2000122
4001020
1312000
32002
2000131
40201
1013002
32011
2000140
300301
202000
40210
202003
1230100
300310
1303
2002201
210202
1013020
2010400
2002210
120100
202021
120103
1321
210220
202030
3102001
1310002
30004
3110200
3102010
30013
120130
1310020
3020101
30022
2000200
2000203
3020110
30031
4210000
2000212
200023
30040
2000221
200032
3100003
32101
2000230
241000
200041
3100012
32110
1222000
1021300
3100021
202102
2203000
1402
2002300
210301
3100030
112000
112003
210310
1400200
120202
1420
3102100
30103
2031001
120220
112030
30112
3012001
1220002
200101
3020200
30121
2201002
2000302
4001200
200113
30130
1220020
2000311
200122
2201020
2000320
24001
200131
110020
3100102
110023
32200
24010
200140
1013200
3010003
3100120
202201
3010012
210400
202210
3010021
2113000
321001
120301
3010030
22000
1302001
321010
22003
120310
1003000
1302010
1003003
2031100
30211
3012100
22021
200200
200203
30220
1003021
22030
2410000
2000401
1130002
200212
1003030
121
112
3000100
2000410
310030
1012
200221
2010040
1042
1300000
2104
20002
1300003
1130020
1204
200230
1201
3211
3100201
1001002
20011
1300012
3112
20014
2221
4030000
2212
3100210
2122
20020
1300021
3010102
20023
403000
1312
1222
1213
202300
1132
1300030
1001023
20032
4200001
104002
2140
1210
1120
2410
312100
3010120
20041
4200010
4012
321100
4201
4210
4120
1042000
203011
202
10012
1302100
10042
22102
20104
2023000
231001
1000240
1002220
2200120
30301
1003102
101320
3004000
30001
231010
100
210004
20131
30310
1022002
1220200
21013
401002
10321
1200022
1202020
200302
2020000
2201200
102001
1132000
110032
102004
20140
10240
200311
110200
21022
102010
110203
401020
102013
2023
10120
2320000
131020
1040002
20410
10420
20101
1300102
100312
3301000
31021
2021002
31012
3100300
22012
20110
102031
1210000
20113
3002002
1210003
1040020
13012
110230
2002021
1300120
3010201
20122
3002011
2021020
130120
11032
21040
100000
12040
3010210
100003
3002020
1321000
11020
1031020
313000
13201
12301
120400
112300
110320
1210030
31120
24100
22120
14002
21130
13210
100021
12310
12220
100024
22201
11320
1100032
231100
11200
100030
14020
30400
100033
22210
14200
3000004
40120
41020
200014
200011
100012
1003210
100042
200104
3000013
40300
102400
204100
200401
3100000
100102
102100
300112
3000022
102103
1130200
2103001
311002
3100
4010002
100321
110302
3000031
1023010
12001
2103010
220012
12004
40000
2220100
102130
20200
1300201
12010
20203
311020
12013
2003020
100132
1001200
1020130
1300210
1001203
20212
3002101
12022
2310100
3211000
10330
200110
102220
3010300
20221
3002110
12031
1120000
2400001
210022
1120003
2001004
2002030
20230
100120
2101000
2001100
2400010
2101003
210040
3202
1001230
200410
10000
2004100
100420
10003
201004
2000020
2200
201010
223000
2301100
200020
100123
22300
2100400
1120030
2230
1204000
4020001
2230000
2002120
1003300
10021
2101030
3000103
10024
1102030
4020010
3021010
202012
310201
10030
201022
3000112
10033
123100
1100020
1001020
2000101
102022
2000104
1330
3000121
102202
2000110
2103100
101032
1003201
102040
1201300
1032001
3000130
130300
12100
2020030
1320100
12103
1040200
2013001
1032010
4000012
1300300
201301
20302
2122000
2021200
32020
2013010
31000
300010
103201
1001302
20311
3002200
310
30010
310210
221020
1300
200002
2100010
20320
3400
12130
340
2400100
122200
203110
202120
3121000
100201
201310
211300
100204
103120
300400
1000420
4102000
2310001
100210
1030003
4001002
100213
10102
201400
2011000
101200
2310010
2011003
1030012
30100
100222
104020
2031010
1200001
104200
110002
4020100
1030021
3012010
100231
133000
4120000
1200010
10123
3011020
1200013
1030030
120040
100240
210010
2120002
3000211
10132
200320
2011030
1004020
1310200
303001
30202
1001032
3000220
102301
1103200
1200031
4000
310120
4100002
4003
1032100
1003012
102310
320020
1200040
3220000
12202
232000
2013100
221002
402100
1012300
430000
20401
123010
1003120
4100020
4021
311200
1002130
3011200
222100
131002
2200000
1210300
3130000
4030
113200
3010000
4200100
3001000
2020
400102
1000120
2100100
3000001
301000
401200
410200
301003
100300
13000
3000010
100303
1000024
1001320
2002
1200004
301012
2200102
1030102
1000321
3031000
10201
3300100
2011
10204
301021
2014
3000202
4012000
2220001
10210
2003200
1200100
10213
301030
1200103
1030120
3201001
100330
1202002
2140000
3000301
10222
2320
2032
1030000
3201010
3210100
300004
3000040
3000310
10231
43000
2041
3120010
303010
303100
2010100
130000
2220010
