1
4000000
11011
4
1030
200200
1000201
10
11020
13
100111
202000
1002001
1000210
10003
1300
110101
22
31000
1002010
3100
110110
31
1300000
2100001
20002
3000100
10021
40
201001
2100010
20011
1101100
301
10030
2110000
30001
201010
1001011
20020
2101
310
211000
1011001
30010
10300
2110
40000
200002
1000003
300100
1100101
1021000
200011
1000012
1100110
2002000
210001
1010002
200020
1000021
1111
103000
210010
1010011
11101
1000030
3100000
1020001
1010020
11110
103
1201000
2001001
1020010
1000300
1030000
102001
2001010
1002100
10102
2011000
121
102010
1100011
110200
1001020
2000200
10111
112000
1200001
2000002
12010
2100100
20101
2101000
1001200
10120
21010
1200010
2000011
201100
1001101
20110
110020
400
2010001
112
101011
2000020
310000
1001110
1012
2200
111001
2010010
1102
101020
11200
1120
10012
100000
1010101
111010
100003
1010110
200101
1000102
10210
1100200
21001
12001
11002
100012
1011010
200110
1000111
1102000
1201
110002
1011100
210100
100021
21100
12100
1000120
3001
1210
110011
100201
100102
100030
100210
2200000
3000001
3010
100120
1020100
1110100
101002
1101010
13000
1101001
3000010
101200
100300
1000000
120001
301000
130000
120010
2002
211
102100
400000
130
1120000
1111000
10201
120100
2011
220
10000
30100
1010200
121000
300001
1100002
2020000
1200100
2000101
3001000
1001002
1000
4000
300010
1003
20200
101101
2000110
202
22000
1110001
220000
1210000
2010100
100
101110
2001100
1003000
3010000
1110010
2020
111100
1021
1100020
1012000
