1
1024000
1200130
4
4100101
1110022
213001
10
13
4100110
1110031
221200
213010
22
1202200
4010011
131101
31
340000
34
4010020
131110
40
41002
43
1120300
301102
2302000
1022002
41011
2101300
2101
301111
211000
1030201
2003002
211003
10300
2110
10303
301120
2011201
1030210
2003011
1022020
10312
1200202
2003020
211021
3000400
2130001
1200211
1110100
211030
1110103
3111001
10330
1200220
1020001
2300002
1020004
103
4100200
2001001
1020010
2300011
213100
1020013
12400
1110130
2300020
4010101
1020022
123001
124
2001022
1020031
131200
1104001
123010
133
2001031
1112200
1104010
41101
142
2001040
301201
1022101
41110
1231000
301210
2203
1030300
2003101
1022110
2212000
420001
10402
2011300
2003110
121000
1401001
420010
121003
1200301
1102000
1401010
1102003
2130100
1200310
1110202
1102012
121021
2040001
1020100
2300101
121030
1020103
3021001
2040010
4300
2300110
2001103
1020112
4002001
2210002
211
214
4010200
1020121
4002010
2210011
220
223
2001121
1020130
2210020
232
33001
2001130
1100011
1100014
41200
1014001
33010
1100020
1100023
1022200
203002
2302
1100032
211201
4000003
420100
2311
1141000
1100041
211210
1401100
121102
2320
330001
4000021
1102102
3103000
1311001
330010
31003
1110301
4000030
1012000
1311010
1012003
2040100
1110310
2300200
201001
1020202
3021100
301
304
2001202
1020211
4002100
2210101
31030
313
2001211
1020220
1012030
3400000
322
2001220
1100101
201031
1100104
3101002
331
33100
1100110
201040
1100113
1010002
3101011
340
1100122
1010011
3101020
203101
1010014
412000
2401
1100131
1010020
4000102
1010023
113002
1100140
4000111
1010032
121201
113011
330100
4000120
1102201
121210
1311100
31102
2032000
240001
1102210
1012102
31111
3013000
1221001
240010
201100
1020301
201103
400
2202001
1221010
403
2001301
1020310
2210200
111001
2202010
410011
412
2001310
201121
111010
410020
2120101
1100200
201130
1100203
3101101
430
3310000
2030002
1100212
1010101
3101110
111031
1010104
3011002
2030011
1100221
1010110
203200
1010113
2200003
2030020
1100230
4000201
1010122
2200012
113101
322000
4000210
1010131
121300
2200021
113110
1303000
23002
1102300
2200030
31201
1004002
23011
240100
1012201
31210
1004011
1221100
1020400
201202
2202100
410101
2001400
1131001
201211
111100
410110
111103
2112001
320002
201220
2120200
21001
1301002
320011
21004
1100302
3101200
1002001
21010
1301011
320020
2030101
1100311
1010200
1002010
1010203
1301020
1002013
2030110
3220000
1010212
1002022
21031
4201000
4000300
1010221
1002031
113200
2110003
1010230
1002040
2110012
23101
232000
1000003
31300
2110021
23110
1213000
1000012
2110030
402001
1000021
1000024
402010
103003
1131100
1000030
1000033
111202
2112100
320101
1041001
1000042
21100
1301101
320110
21103
2022001
230002
1002100
103030
1002103
2030200
3003001
2022010
230011
1010302
3011200
21121
3003010
400003
230020
1010311
2200201
101002
400012
1010320
1002130
101011
400021
2110102
4111000
101020
400030
101023
23200
3300001
2020003
1000102
3001000
3300010
3001003
2020012
1000111
142000
101041
1000114
3001012
2020021
1000120
1000123
3001021
2020030
2104000
312001
1000132
111301
3001030
103111
320200
312010
13003
1041100
1000141
111310
1301200
21202
2022100
230101
1002202
21211
3003100
13021
230110
1420000
1010401
140002
1002211
21220
13030
2401000
1121002
140011
1002220
101101
400111
310000
2102002
310003
140020
101110
400120
2110201
11002
2102011
1121020
3040000
2110210
11011
2102020
310021
2020102
4021000
1000201
101131
1000204
3001102
11023
3210001
1000210
101140
1000213
3001111
2020120
3210010
1000222
3001120
2100001
2100004
1000231
1033000
2100010
2100013
13102
2014000
222001
21301
2100022
13111
230200
1203001
222010
1002301
21310
2100031
1211200
1203010
140101
1002310
2100040
400201
140110
1330000
400210
101203
2102101
310102
2311000
1031002
2110300
11101
2102110
310111
220000
2012002
220003
101221
11110
1201000
2020201
1201003
1031020
101230
1000303
3001201
2020210
1114
2012020
220021
212110
2201101
1000312
1411
3001210
11131
4111
1201021
220030
3012010
304000
3120001
2031010
10141
103300
10411
1201030
2100103
11014
4101001
3120010
11041
11104
1102021
21112
2110000
2100112
2010001
4101010
12121
2010004
12112
2020
1031011
21400
2100121
2010010
11212
1203100
2010013
11122
11113
1002400
132001
2100130
11140
1000411
11410
2010022
1104100
140200
1113001
132010
14101
400300
14110
1002121
2010031
1121200
1321000
302002
1310110
1120120
3010111
101302
3011011
2102200
3001
3011101
302011
3004
1031101
3011110
101311
1240000
2130010
3010
11203
302020
3013
220102
310201
2221000
123100
100411
101014
2020300
101104
3022
220111
130000
1410001
1000402
130003
3001300
11221
201112
3031
1111000
1120210
1410010
1111003
130012
102121
11230
102112
3040
300001
101212
101122
3120100
130021
101113
101401
1000
101410
2100202
1003
4101100
300013
130030
1100401
214000
3030001
104101
2100211
13300
104110
300022
2010103
104020
4011001
3030010
203011
2100220
1021
110041
300031
2010112
200011
4011010
200014
132100
1010041
1030
210121
300040
1033
210112
3200011
1113100
211102
22021
120121
201301
42001
2010130
1410100
3200020
302101
110221
1201102
110131
1023001
42010
110122
310300
40300
302110
3103
1031200
2004001
212002
110140
100042
110401
11302
110410
2012200
220201
2004010
212011
111004
31000
211012
11311
2041
1201201
220210
121012
212020
112021
130102
112012
2131000
111022
3130
111013
111040
131020
121
130111
40000
1320001
1120
40003
300100
112201
13120
300103
1021000
2301001
1320010
1021003
40012
2100301
1102
1212100
2002000
210001
2301010
2002003
3030100
40021
2100310
1111
211120
300121
2010202
1420
2002012
210013
40030
121120
124000
100420
300130
2010211
112120
3200101
1021030
111220
111130
111400
1202110
400000
2010220
114100
3200110
210031
2200
3200002
3110002
1000000
42100
1141
401101
401110
302200
2012011
1021021
3110011
1023100
411100
2011210
3110101
3110110
3111010
3202
3111100
3110020
212101
112
241
421000
11401
421
2000011
220300
1001014
2000014
2014
1402000
1024
122002
100321
3220
1000240
1012
2000023
200410
130201
1103002
122011
1042
1001104
2104
1204
2000032
212200
130210
1103011
1320100
1201
40102
1003000
2041000
2000041
300202
2001112
1103020
202021
1021102
40111
2100400
1230001
1002112
300211
210100
3022000
2002102
210103
4003000
2211001
1230010
2101000
300220
2010301
1001212
2002111
1021120
120001
2211010
1001122
120004
1001113
2010310
3211
3200200
1101001
120010
1400011
1101004
120013
3121
1231
34000
3112
210130
2221
1400020
1101013
120022
2212
1240
2131
2122
2113
1321
1312
1101022
120031
4300000
204001
3020002
1222
1213
2000101
1132
1101031
2000104
1123
4001002
3020011
102400
2140
3310
1001110
1101040
2000113
1210
4001011
3020020
122101
1012300
2011021
331000
1001410
2000122
2410
4001020
1103101
122110
4021
1312000
4012
32002
2000131
1111300
1004101
1103110
4201
4102
40201
1013002
32011
2000140
300301
1004110
4210
202000
1021201
40210
202003
1300
4120
300310
1303
1200112
2002201
210202
1102030
1013020
1300111
2001100
10012
2010400
1140001
2002210
210211
120100
1400101
100120
120103
10042
2121001
1140010
20104
210220
310030
202030
1101103
120112
3102001
1310002
2200300
30004
301300
2020111
2010121
3110200
1011001
3102010
1310011
1011004
30013
2400100
14200
21040
12022
120130
30001
1310020
3020101
30022
2002030
3400
3201100
1101130
2000203
20131
4001101
3020110
30031
4210000
114001
2200102
10321
2000212
2010040
4001110
200023
30040
2200210
114010
3010000
2230000
2000221
1010140
20140
200032
10240
4010002
3100003
1003300
32101
2000230
10120
241000
200041
1100320
1010410
3100012
1013101
32110
20410
1222000
10420
120040
210040
1021300
3100021
202102
2021011
2203000
411001
1402
2011012
2002300
210301
3100030
202111
112000
1022011
411010
112003
1140100
1021012
210310
1013011
1400200
1012021
120202
1012012
2121100
1011031
1011022
1011013
31021
31012
1101202
120211
3102100
1310101
22012
30103
21022
2031001
21013
13012
120220
1001020
112030
1011103
30112
3012001
1220002
12013
1101220
200101
11032
1011040
3020200
30121
2201002
1220011
12040
1011010
2000302
210010
4001200
200113
30130
2201011
1220020
11020
3112000
2000311
2012101
4120000
200122
110011
2201020
24100
110014
2201110
2000320
24001
13201
200131
110020
12301
3100102
110023
32200
3100000
24010
2003200
200140
2021110
2012110
3100111
1013200
2011120
1031110
3010003
1021210
1013110
1012210
1012120
3100120
202201
1011310
1011220
3010012
1011130
31120
3210100
1132000
22120
202210
21130
13210
3010021
112102
12310
2113000
321001
12220
12130
11320
120301
3010030
1210012
22000
1302001
321010
22003
1011100
1101301
120310
130300
1310200
11200
1302010
1003003
2031100
1101400
1101310
1014010
14020
1014100
1011202
30211
3012100
1220101
1111030
1023010
200200
2220100
40120
200203
30220
1003021
22030
1041010
2410000
2000401
1130002
41020
200212
110101
1003030
204010
110104
1101100
2000410
1130011
100012
200221
110110
200104
1300000
110113
20002
1300003
1130020
1110400
200230
100102
2200111
3100201
1001002
20011
1300012
2100100
20014
300112
4030000
1101010
3100210
1001011
20020
1300021
3010102
20023
403000
100312
100330
30100
202300
1003210
1300030
1001023
20032
4200001
104002
100132
1110220
100240
200110
311200
1001032
20041
4200010
104011
321100
200401
100402
1100410
1042000
1001041
112210
201004
1302100
101032
22102
4000000
2023000
231001
2101012
310
1201012
30301
1003102
22111
3004000
1212001
231010
1000420
301012
1011301
30310
1003111
1220200
202012
401002
201022
201013
103021
200302
103012
2201200
102001
102022
401011
102004
1130101
102040
200311
110200
201010
102010
110203
401020
102013
1130110
4102000
200320
300400
1040002
2200120
110212
20101
1300102
103201
3301000
103102
2021002
1040011
3100300
1001101
20110
102031
1210000
20113
3002002
1210003
1040020
311002
110230
1301110
1300120
3010201
20122
3002011
2021020
1201210
1201120
1102120
100000
203110
3010210
100003
3002020
1210021
202120
201310
313000
103210
103120
1001131
112300
102220
1210030
102130
101320
4110001
14002
201400
1001140
100021
210400
101200
100024
22201
4110010
14011
231100
204100
100030
104200
30400
100033
22210
210004
3000004
2140000
110002
2120011
1011400
141001
3000010
2004100
303010
3000013
310012
220012
210022
1122001
141010
1200400
102100
1110040
3000022
102103
1130200
2103001
1122010
3100
110320
110032
110302
3000031
2111200
12001
2103010
311011
12004
1040101
1200022
110311
20200
1300201
12010
20203
311020
2021101
1040110
1212010
1001200
130120
1300210
1001203
20212
3002101
1210102
4011100
3211000
100
2002021
2001004
3010300
20221
3002110
12031
1120000
2400001
2001010
1120003
2001013
1001221
20230
4010110
1210120
130
2400010
2101003
1120012
122020
1001230
100111
10000
1201300
100114
10003
4110100
1120021
3000202
3300100
223000
2301100
2230
100123
22300
2101021
1120030
1400002
1204000
4020001
2002120
202
3000100
10021
2101030
3000103
10024
3021010
4020010
2121010
141100
100141
10030
2210110
3000112
10033
2120110
2000002
1122100
1100002
3010120
3301
2110120
3000121
102202
1020040
2103100
311101
2000110
1220110
2000200
1032001
3000130
102211
12100
2000020
311110
12103
1040200
2013001
1032010
310210
1300300
4000012
20302
310120
2021200
32020
2013010
221011
2211100
1400110
1001302
20311
3002200
1210201
1330
1202011
221020
220120
30010
1001311
20320
200002
1210210
200020
1202020
122200
1120102
1103200
3121000
100201
120400
211300
100204
2112010
2101102
2111002
1030000
2310001
100210
1030003
1211002
100213
10102
1004200
2011000
400102
2310010
2011003
1030012
410002
100222
10111
2101120
1200001
10114
221002
4020100
1030021
203020
100231
133000
2122000
1200010
10123
1230100
1200013
1030030
2200000
1114000
2111020
3011020
3000211
10132
1211020
2011030
1131010
2120002
303001
1113010
1112020
3000220
102301
23020
1200031
4000
1004020
4100002
4003
1032100
2120020
102310
30202
1200040
1003012
12202
4100011
2013100
221101
1002004
113020
430000
20401
222100
12211
4100020
1202101
221110
312100
1411000
1001401
131002
402100
1210300
103000
4030
1003120
1001320
2320000
1112002
131011
2020000
4200100
401200
3202000
301000
1120201
1000330
301003
100300
410200
1123000
100303
3000001
2101201
2002
13000
2310100
1000321
1030102
3000040
3031000
10201
2101210
2011
10204
301021
2011102
1030111
4012000
2220001
10210
2023
1200100
10213
301030
1200103
1030120
3201001
2220010
1003201
3130000
3000301
10222
1202002
2032
1110001
3201010
1000300
1110004
1200004
3000310
10231
43000
1200121
1110010
2010100
303100
1110013
300004
300010
