2220032
2
311300
303110
311303
1032200
303113
213002
1032203
1323020
12302
4010000
303122
4010003
20
430103
4223000
303131
213020
3203102
213023
32
340001
311330
12323
340004
4133
1032230
3113000
41
340010
3113003
12332
340013
2400302
3203120
4010033
430130
2302004
3330101
340022
2003000
2302010
2310203
3031100
2302013
3330110
340031
2400320
3240002
2003012
3113030
1200200
41033
1200203
2003021
2302031
2003024
2130002
3240020
2310230
2302040
2003033
3031130
303200
2003042
303203
1331300
101
1200230
2130023
104
1200233
1233002
303212
1032302
2130032
113
422003
221300
303221
221303
430202
1233020
303230
4223
1032320
3203201
131
340100
134
340103
4133000
3203210
123020
422030
123023
3322001
221330
2302100
2302103
3330200
3322010
3023003
2003102
340130
3023012
2220200
2220203
3023021
1200302
2003120
2302130
2003123
3031220
3023030
2003132
1200320
2040002
1200323
2220230
200
203
4100300
4301
4100303
213200
4002002
213203
2040020
4310
2040023
303320
4313
430301
332000
4322
332003
3203300
230
4002023
233
33002
4331
332012
213230
4002032
242
33011
3322100
332021
33014
4043000
2302202
33020
332030
33023
2003201
131330
2003204
3031301
3240200
3232010
2302220
2003213
2220302
3023120
33041
2003222
2130200
2130203
2003231
2220320
1020200
303401
201002
1020203
302
1233200
303410
4403
2130230
311
314
4010300
4010303
320
3400001
323
3400004
1020230
3101000
1020233
3400010
3101003
332
3400013
4430
242000
242003
3113300
341
3400022
41303
332120
33113
4010330
2302301
123230
3400031
2204000
3023201
33122
2204003
3232100
3101030
2003303
3400040
3101033
3023210
33131
242030
2003312
41330
33140
2003321
2331002
2204030
2032001
2003330
2032004
2040200
2032010
2040203
2331020
2032013
1020302
410000
401
410003
404
2032022
4002200
410
4002203
422300
413
2032031
1020320
324002
1020323
3400100
2040230
3400103
2032040
332201
1020332
410030
431
33200
410033
332210
33203
3310004
4002230
123320
3310010
3011003
33212
3310013
3224000
2200001
3400130
2200004
33221
3310022
2200010
2200013
33230
3310031
2200022
3310040
1303001
1303004
2200031
1004000
2200034
1004003
2032100
1303013
2032103
2200040
2200043
1303022
1430000
1430003
4301300
1303031
4203002
1004030
320000
1004033
2032130
320003
3400202
4203020
1430030
4002320
4330001
234002
3310100
320021
33302
3310103
4031000
4330010
4031003
3400220
320030
21023
3220001
2200100
2200103
33320
3220010
3220013
3134000
3310130
3220022
2323001
1303100
3220031
2024000
1000001
2323010
2024003
1000004
2200133
3220040
1000010
1000013
402002
1000022
103001
1303130
2032220
2024030
1000031
1340000
1000034
1340003
402020
103013
320102
402023
1000040
1000043
3400301
103022
230000
3302003
3101300
3400310
3101303
443000
33401
3003002
320123
242300
1340030
103040
33410
103043
3220100
230021
3003014
3220103
230024
2200202
3003020
230030
3003023
3130001
3101330
3130004
3003032
3130010
2200220
3130013
2200223
3044000
2020001
3220130
1000100
3130022
1000103
2200232
2233001
2020010
2020013
3130031
2233010
1303220
2020022
3130040
410300
2020031
4203200
1000130
1000133
2020040
320201
2020043
320204
3400400
320210
21203
312020
320213
230102
312023
234200
4023002
103133
320222
3212000
3212003
3011300
3310310
3011303
230120
3003113
3220202
230123
4023020
2200301
21230
2102000
21233
3003122
2102003
3130100
2200310
3130103
2200313
3003131
3220220
3212030
140033
2200322
2020100
1303301
2020103
1000202
2200331
1004300
3040013
2102030
1004303
2032400
2102033
3130130
2200340
3040022
402200
402203
1000220
1000223
2020130
2020133
1000232
1033001
1004330
1033004
320303
1033010
1332020
1033013
402230
103223
320312
230201
230204
1033022
4232000
320321
230210
3003203
4031300
230213
1033031
21320
320330
21323
3003212
3220301
230222
3122000
2200403
21332
3003221
3220310
230231
3130202
3003230
2012000
2012003
3040100
3040103
1303400
2020202
2024300
1000301
2200430
1000304
1000310
1000313
2020220
2012030
2020223
4400000
2012033
1000322
4400003
304004
103301
2020232
304010
1000331
1033100
304013
1000334
1033103
402320
103313
320402
1000340
304022
1000343
431000
103322
431003
230300
4400030
230303
4023200
3204002
103331
320420
3003302
13223
230312
1033130
103340
3003311
3220400
230321
3204020
431030
132023
3003320
3331001
230330
3130301
3032000
3331010
3032003
3130310
3040202
3032012
2020301
2020304
1000403
3032021
2020310
2020313
3040220
3032030
2020322
304100
304103
1332200
1001
2020331
1004
1000430
4310000
1000433
1033202
4310003
2020340
13301
300023
222200
222203
13310
300032
13313
230402
3200003
1033220
103430
1031
3413000
3003401
13322
341003
3212300
4310030
140303
1040
42002
13331
230420
3200021
222230
2303000
2303003
2102300
3200030
2102303
3130400
3200033
2004002
2303012
341030
42023
3200042
2303021
2020400
2430002
2020403
2004020
2303030
2004023
3032120
2102330
2004032
1320002
2430020
300101
300104
304202
1100
2020430
1103
300113
210002
1320020
1033301
1320023
13400
423002
13403
304220
1033310
1320032
4220003
210020
3200102
210023
3204200
1130
132203
423020
1133
300143
3110000
3110003
13430
3323000
3200123
3122300
4220030
2000000
3024002
2000003
3200132
132230
2213000
3032201
2213003
2012300
3110030
2012303
2303120
3110033
3032210
3024020
2000021
1103000
1103003
2000030
2000033
2340002
2213030
300200
2012330
300203
4400300
304301
4302002
2340020
1103030
1033400
4003001
4003004
300221
300224
4003010
4302020
4003013
300230
1230023
300233
333002
3200204
4003022
1230032
34001
3200210
4130003
120020
3200213
4003031
42200
34010
42203
333020
34013
3200222
4003040
2303201
3020003
2000102
3200231
3233000
2303210
2004203
3032300
4130030
34031
3200240
3020021
42230
2123000
2123003
3020030
3020033
2000132
2004230
1013000
3020042
1013003
300302
304400
202001
202004
1301
2123030
300311
210200
202010
210203
4003100
202013
1310
4003103
300320
1313
300323
1013030
3401000
1013033
1322
3401003
3200300
333101
3200303
30002
1331
341300
300341
210230
34103
3200312
210233
4003130
202043
1340
42302
1343
4040000
3200321
4040003
30020
3401030
30023
3024200
2000201
3200330
2000204
2004302
30032
2000210
2000213
3143000
30041
3020123
30044
4040030
2004320
2332001
3020132
2000231
2033000
2332010
2033003
1320302
2000240
300401
2000243
2033012
202103
4302200
300410
1230203
2033021
210302
1320320
4003202
2033030
120200
120203
4220300
300431
333200
3200402
210323
4003220
202133
1230230
3311000
1433
34202
3311003
3110300
30110
3110303
30113
3012002
3200420
120230
2201000
120233
30122
2201003
2000300
2000303
3020210
30131
2213300
3020213
3311030
3012023
2000312
3110330
30140
3020222
30143
1304000
2000321
1304003
2332100
2201030
1103303
2201033
2000330
2000333
2033102
3020240
2000342
202202
1304030
2033120
1103330
4003301
321002
202220
4003310
202223
1230320
22001
22004
4331000
22010
30203
4130300
22013
321023
243200
4032002
120323
30212
22022
14
3221000
11
44
3221003
3020300
30221
344
3020303
30224
3021032
2000402
203240
4032020
232022
30230
3041
3020312
30233
1020023
22043
104030
220034
30014
30011
2324000
1300001
30242
30314
1300004
3300014
3221030
2000423
1001000
110
1300010
1001003
33311
1300013
300014
300011
2000432
2033201
300044
300041
1013300
300314
1300022
1013303
303014
403001
2033210
303011
403004
202301
303041
1300031
104000
303311
1300034
104003
330014
403013
1001030
3231020
1300040
1001033
313022
1300043
40304
333011
403022
3000014
3000011
3000044
1013330
300122
4200020
3000314
3000311
4200023
31004
3003011
3303002
202331
3003041
3030014
30302
3030011
4200032
104033
3320201
3303011
202340
1300100
3033011
30311
3012200
3300011
3004010
3012203
4040300
3004013
120032
231023
30320
3430001
3020402
30323
202232
22133
3004022
2023001
3131000
224
3430010
3131003
30332
221
212
3004031
122
2320001
143
140
2320004
30341
3012230
1300103
2021000
434
2320010
2021003
422
2320013
443
440
2234000
3104
3101
202040
2033300
3134
2320022
400232
3212
3131
3122
3113
403100
3242
400331
2320031
202400
100001
1300130
202403
100004
1300133
2021030
3140
2320040
2021033
100010
3110
313004
100013
3404
130220
321200
222002
313010
321203
3422
313013
100022
3413
3440
4022300
403130
30104
30101
3303101
202430
100031
440000
30401
3000002
440003
3311300
30134
3303110
313031
4032200
30404
3213002
100043
22220
30413
3012302
22223
2402000
14033
33110
2402003
3000020
30440
30422
3000023
22232
30410
2103002
33104
3213020
33101
440030
30431
3000032
3340001
3004130
300134
2320100
300212
300131
2320103
3041000
3000041
1300202
3041003
1304300
300242
2402030
2103023
300140
2230001
2201330
300110
2230004
300404
300422
300413
2103032
300440
2230010
303104
1300220
2230013
1300430
1300223
303140
400340
2320130
3034010
100100
330221
2230022
100103
1300232
1333001
330212
4200203
313100
330131
3302102
2230031
1034000
10001
1333010
1034003
403220
1303040
321302
3301220
2230040
223001
10010
403031
223004
22301
330401
330410
3303200
333110
4020002
231203
3000104
223013
4200230
3000101
321320
22313
313130
3000224
34040
1022
1034030
10031
3422000
3000113
22322
3000212
4020020
3000131
3000122
4020023
10040
2234
3123002
22331
3004220
3003101
231230
3000140
4020032
3000110
3000404
2312003
3340100
3000401
3000134
3123200
31130
3000440
2320202
31220
3123020
1300301
3003104
3000143
1202000
3003140
3003110
1202003
1001300
3003410
1300310
2230103
3030104
1300313
3030101
103220
2320220
1001303
2312030
2013023
100403
330020
1300322
100223
3030140
403301
100232
2302022
2013032
2003030
100202
1300331
1333100
4220
1202030
104303
31001
1202033
2230130
320132
1300340
1001333
3300101
10103
344000
340220
1030010
4330100
223100
1030013
310430
223103
4200320
200324
432002
22403
313220
321032
1030022
310223
3000200
133001
104330
3000203
133004
3004301
3314000
1030031
3213200
200042
1030034
2024
432020
133013
3004310
1034
1030040
2003420
223130
1030043
2012
3000221
133022
1013
3332000
2042
1043
2103203
3131300
1010
3000230
133031
202034
3000233
3033002
1304
2201
2320301
123203
1202
2222000
2324
3000242
2222003
2021300
1334
2320310
2021303
3001202
3001010
2230202
2231
3033020
2222
2103230
301322
4100330
3301130
1232
1223
2342
2243
2240
2210
403400
301001
2120
1220
2230220
100301
2222030
3031031
2000
1403
2021330
2003
1030100
313301
100310
1030103
3301022
100313
10202
3011330
14300
3010010
313310
14303
1430
1400
223202
2013020
1320200
2021
4031
301031
4020200
2340200
3201002
4020203
440300
300332
3000302
133103
3004400
2033
1030130
301043
223220
1030133
4043
100343
10232
43001
14330
4040
2402300
2030
4304
3201023
3000320
4202
2304002
3000323
342020
43013
4020230
4103
3201032
4232
133130
4340
3000332
3033101
43022
4130
2013200
4400
4100
2013203
2304020
3000341
3033110
43031
2103320
130022
3430100
220013
32012
2230301
31031
31022
2132000
31013
130301
2132003
31043
31040
2230310
31010
32204
31304
4004000
32102
301100
31301
2013230
301103
1022000
31202
31103
1022003
32321
32312
2102
4301003
313400
303302
1030202
223022
1034300
10301
2132030
231032
10304
22310
23240
13232
21002
223301
10310
20420
432200
10313
301130
2123
1030220
301133
1022030
1030223
3410000
1022033
133202
3410003
2132
31340
4004030
2003003
1030232
31310
3000410
10331
43100
3000413
10334
43103
4020320
32402
31403
2300003
133220
32420
3000422
10343
31400
31100
2001002
34004
2312300
34022
3410030
3000431
3033200
34301
34310
34220
34130
2300021
2013302
34400
1403000
34100
43130
1403003
2001020
301004
2300030
2001023
2230400
2300033
302024
301034
201323
302012
301022
301013
2013320
302042
2300042
301040
301010
200420
301304
302201
2042000
3120020
301202
2042003
102332
204302
1403030
302312
203042
4303001
1202330
202022
2204
1030301
302132
4010030
1030304
3001103
420002
4004003
301220
2213
1030310
301223
223400
1030313
301313
301232
202304
301340
2042030
430100
4430000
334001
1030322
3201203
420020
133301
2302001
420023
342200
301310
334010
1030331
210320
301403
133310
2103302
3320000
10433
43202
3320003
1030340
301430
2300102
301400
2304200
304001
3021002
304031
3320012
304040
3201230
304310
2210000
304130
204200
2210003
43220
3320021
331001
331031
2300120
331022
220004
2300123
2222300
331040
3320030
3021023
1100000
331010
332102
1100003
2300132
3230030
331202
231002
1313000
331310
331220
1313003
331130
331400
2210030
331100
1300400
2210033
3001004
3001001
1031030
301301
3002021
3002012
203000
40310
3001022
203003
2300
3001013
1100030
2303
1030400
1100033
403010
1030403
4000004
41003
1313030
3001040
2312
3242000
4000010
3001304
3002201
4000013
3002102
3001301
203024
2321
3402002
301331
334100
3002312
4000022
3221300
133400
3103001
2330
330011
3103004
2333
1030430
4000031
4340000
3231002
3103010
3002132
3402020
3103013
3320102
330023
3201320
2300201
3200201
4000043
2300204
3012320
3103022
123302
330032
3023102
2300210
2001203
212330
2300213
3010034
3103031
3320120
330041
31034
3014030
3230012
3002210
2300222
3002120
3103040
3012020
3001220
2120003
3001130
3230021
3002402
2300231
2333000
3001403
3002420
3001430
2132300
3001400
2001230
3312020
1010000
2001233
2034002
1010003
3004004
3004001
3004040
3004202
1223000
3004103
3004100
1223003
1022300
2123300
2120030
1022303
3031001
2120033
2402
1040300
4000100
4003400
3031040
4000103
420200
3031010
3032102
420203
3031202
3031103
1010030
3031310
203120
1010033
3031400
203123
2420
330101
1223030
2423
330104
3301001
1022330
3302021
3103100
3302012
330110
3103103
2432
330113
4000130
203303
4002302
4000133
420230
3302201
43400
113033
330122
1003340
2300300
3300302
433100
2300303
3021200
3302210
2202002
3021203
240020
3013013
2001302
240023
2300312
3302120
3103130
3301310
330140
31133
3013022
3301400
3140000
2300321
3301100
3140003
1403300
3304001
3304010
2202023
2001320
3304100
2300330
2001323
3331100
10004
3021230
113000
2030000
10034
2302310
2030003
2001332
20012
10022
10013
2243000
20042
10043
2032301
2030012
2020004
3140030
20102
3232001
203201
2001200
3120320
203204
2030021
300002
2200400
2030024
2003210
4000202
1133003
4004300
203213
420302
1302032
332300
2030033
20123
10322
322004
10223
203222
10133
23000
4230200
2030042
23003
4000220
322013
2303102
4000223
420320
1000400
3103202
10340
23012
423200
1133030
20120
4000232
4033001
10220
10130
3320300
23021
20402
3013103
23024
10403
2300402
2103020
3103220
1030004
23030
31223
322040
3230201
10430
10400
2210300
10100
13004
2210303
31232
13001
3230210
2204300
3222020
310304
22034
13034
1301000
22031
3013130
1301003
1100300
21032
13031
1100303
13022
13013
1002002
12032
1313300
422000
2030102
11033
2034200
23042
2210330
13043
22040
13040
21020
13010
404000
2020034
310220
404003
1002020
23204
1301030
1002023
2030120
1301033
1100330
2030123
22304
1100333
13304
40004
1002032
23102
22202
22103
2030132
21302
4000310
322103
1043000
4000313
13202
1043003
13103
1320230
330302
201332
310403
232001
203330
320240
232004
3103301
40322
330311
240200
200123
232010
4000331
4033100
232013
3103310
23132
330320
31313
3013202
23123
4000340
13133
1043030
1030001
3431000
200234
31322
2202203
3230300
22340
13340
232031
40031
23120
3132002
31331
3013220
22130
240230
13220
2321000
13130
12320
2321003
2120300
12230
330002
2120303
23402
343100
2022002
22430
3132020
22400
2202230
22100
21200
2030201
13100
12200
2030204
102203
131030
1010303
14003
400001
2030210
24032
1223300
2030213
2321030
2022023
101000
2230100
2120330
101003
24020
400013
2030222
14030
2022032
2032310
330230
4000403
113300
24320
400022
2030231
3100040
4033010
1010330
14000
203420
1010333
310010
400031
2030240
23201
3300002
40001
232100
100133
101030
232103
3103400
101033
23210
400043
322220
23213
4000430
200222
200120
40040
113330
40010
3300020
3013301
23222
3300023
3222200
40301
2403002
130001
103202
40331
2202302
23231
3300032
40313
232130
220304
213302
2004200
31430
3001031
3341000
3300041
3001034
1323200
3140300
4301030
40400
203102
2202320
43004
3042002
3001043
42032
43040
43010
42020
1002200
41030
43301
1002203
2030300
43310
42320
2030303
41300
2001032
3014000
1202303
400100
44000
41000
400103
2030312
310004
310001
320024
310034
320012
340400
310022
1334000
2030321
310013
320042
1133300
310400
1002230
310040
11000
1002233
2030330
11003
3310202
322301
310202
314003
224000
320231
4320002
224003
23300
400133
322310
23303
3300104
100040
232202
3340010
3001100
310232
3300110
310031
23312
3300113
3210002
320120
4320020
3312002
11030
310130
3013400
23321
3300122
310043
232220
310100
224030
322001
313001
312002
2100002
3300131
3210020
2310320
323012
3210023
3132200
322031
2313002
322022
3300140
3001133
312032
2403020
3210032
313040
322010
321020
2100020
302000
323201
2100023
2022200
323102
1203002
2022203
2313020
322202
1002302
313202
2100032
313103
2030402
312302
312203
323210
323120
322130
321230
312320
400202
312230
1203020
324200
322100
1203023
1002320
1330001
1301330
1002323
2030420
312200
2022230
310103
1203032
324020
1330010
1031003
1002332
1330013
314030
400223
322400
220001
3010100
314000
1043300
311000
1330022
340040
3300200
433001
220010
3300203
340301
232301
340202
1330031
134000
340310
4230002
134003
3300212
310133
4103030
3021020
1330040
1031033
342002
343010
23420
3300221
341000
220031
2403200
3102320
3120002
3010001
4230020
3020024
3300230
3001223
220040
3020012
3010031
220043
3010022
3010013
134030
4303100
3001232
3034001
2010002
3020204
2321300
3200024
3020201
3120023
3042200
3020102
2223002
3010301
2300420
131000
2022302
3020321
3120032
3020231
3100400
1303310
2010020
3122030
3010232
2010023
402032
2202020
3130220
3020120
2223020
400301
3100022
3010220
2010032
3010130
2432000
302003
1330100
3020420
400310
1330103
1232003
400313
3002
3010400
314300
3022004
3013004
3022001
3013001
1003103
400322
3011
220100
302021
3014
220103
4013000
3013031
3012032
4013003
3020
3011033
302030
3023
232400
302033
1330130
103403
3202004
101333
3013040
3300311
3210200
343001
3202010
3210203
3013010
3202013
3001310
3011030
3300320
3001313
220130
44003
3044
220133
4013030
130031
2100200
3021302
3001322
2100203
222032
410303
3021320
3202031
2313200
3013310
3030002
3001331
3034100
240032
3210230
220022
3202040
3013100
113003
130043
3001340
400130
44030
3011000
1203200
3040004
3040001
1203203
2231300
3040031
2100230
3030023
3040040
2100233
2133002
3040010
3040301
3040310
3040130
3040400
3030032
4000304
3043010
1322003
3042020
3041030
302102
3041300
3310001
3030041
1023002
3310301
2133020
310301
1203230
3320210
212000
3310220
3310400
212003
11300
3420200
310310
11303
302120
310313
220202
302123
1023020
231302
1322030
1023023
3312200
3300401
310322
200024
3202100
100034
130400
3202103
1023032
200012
3300410
310331
220220
203033
3210302
220223
100304
212033
11330
1301300
310340
11333
100334
3143
3120200
400304
2301002
3120203
2300240
40013
2100302
4000040
3210320
2002001
3202130
200132
2002004
130133
40022
100331
2010200
100322
2002010
2010203
2301020
2002013
3030110
2301023
2100320
3030113
40034
2100323
200342
224300
1203302
2003300
2301032
100340
3030122
40043
2100332
100220
100130
2002031
2342000
401300
2002034
3030131
200432
430400
2010230
100433
2002040
2010233
2043002
2002043
302204
1330301
100430
100400
1232000
103004
302210
3203
1031300
302213
1330310
1031303
103034
203021
203012
202031
2043020
220301
302222
201032
122000
201023
103031
122003
102032
3221
220310
302231
3224
220313
3202202
201020
134300
103010
3230
3402200
302240
3233
1031330
103304
40100
201302
201203
40103
103103
2013002
3321002
220331
3202220
101303
3120302
130223
203321
122033
203312
203231
2002100
203132
202322
2002103
3030200
202313
3022010
3030203
3321020
3022013
2010302
201233
1400000
103232
40130
1400003
3030212
40133
3022022
203210
202310
202130
201320
201230
103310
3030221
103130
3022031
2010320
102230
2002130
2010323
101330
2002133
3030230
203402
3022040
103400
202100
201200
302300
103100
1400030
302303
1330400
1400033
204002
1023203
4300004
102200
3302
101300
4001000
204032
4300010
4001003
2310302
4300013
204020
3311
220400
302321
3314
220403
4013300
204320
4300022
204023
3320
3403001
302330
3323
331004
3202301
1023230
4300031
32000
104300
3403010
32003
3332
331013
4001030
130004
4300040
4001033
40202
120002
44300
3341
220430
130034
2301200
230012
130322
2301203
3022100
32021
210032
3022103
32024
130013
2002202
130331
40220
120023
32030
40223
2420000
32033
230042
2420003
130340
130040
130010
3030311
40232
130304
32042
130202
2002220
130103
2301230
2002223
3030320
120302
3022130
1310003
230132
220322
220232
210332
2002232
130313
130232
120332
1322300
4322000
2420030
230240
200000
220340
302402
200003
4300100
130310
1023302
4300103
413000
3401
130130
413003
212300
120320
1310030
212303
110330
1310033
3410
2010332
302420
200021
1003040
130100
1023320
420032
4300001
23
3403100
1230302
200030
331103
3202400
200033
4300130
130403
3100004
2423000
413030
3431
232040
3313001
3100010
3200000
132002
3100013
131003
123002
3321200
2000024
3313010
3014003
233021
233012
2301302
2310200
32120
2203001
3022202
32123
2203004
2002301
130430
3100031
2002304
3030401
3100034
223031
32132
2203013
2002310
4020302
2301320
2002313
3030410
3100043
3022220
222023
2203022
2200130
2330000
213032
2002322
2330003
40340
1303202
2300000
2203031
2203010
1020002
2031002
2002331
2330012
2130020
132032
2300012
1220000
123032
132020
1220003
2002340
2330021
200102
240302
1433000
1020020
4300202
204203
2031020
2300024
2330030
2031023
110000
1202300
223040
110003
133040
231020
223010
222020
2031032
221030
212030
323003
4300220
430220
1220030
122303
133010
1220033
24002
3023000
3100100
122030
204230
3100103
113030
32201
431300
4303010
3313100
323021
110030
222302
4034000
110033
32210
40403
3010004
32213
323030
24023
4301000
3223001
122330
132302
2203100
3022301
32222
2203103
2002400
1200332
3223010
2002403
131303
3100133
3022310
32231
1033040
113303
233210
232310
1400300
4002020
40430
1400303
32240
231320
1302002
223310
222320
3122003
2330102
213320
3010040
1003001
2203130
3010043
1003004
4000001
2002430
132320
2240000
33032
1003010
2240003
1302020
1003013
4030022
1302023
2330120
200201
1400330
203030
200204
4300301
1003022
231200
1130000
4000034
200210
4202003
4001300
200213
4300310
4001303
1343000
133100
1003034
3230003
132200
131300
2240030
123200
20000
122300
2120000
20003
1023200
331301
3201302
200231
233000
234020
3100202
233003
32300
3100403
4202030
32303
200240
4030001
4001330
200243
4030004
20021
2303300
3010103
20024
240002
4030010
140003
3223100
4030013
20030
3100223
3022400
20033
2203202
3410300
3303020
2130302
233030
140030
3100232
3133001
32330
2130320
2420300
240203
240320
4030031
140330
140300
2322002
243002
2203220
3010133
140000
243020
4030040
2330201
2202032
143300
1310300
2040320
2042300
1310303
2031200
303032
2330210
2031203
2322020
2023013
2302400
400004
401000
3023300
400034
401003
200300
1133000
2023022
200303
4300400
2030030
102002
410330
413300
400040
400010
2023031
200312
3104000
1310330
330200
330203
1003133
2031230
3100304
1040000
200321
1303010
1040003
102020
2040302
401030
102023
24200
401033
200330
24203
3301004
200333
233102
23033
3002000
400220
3301010
3002003
4030100
3301013
3100310
4030103
143000
3100313
3010202
143003
3014300
400403
1040030
400430
233120
1040033
3100322
400400
20132
2203301
24230
3301031
3002024
320033
2022020
3100331
3133100
203300
3002030
3010223
3301040
3002033
4030130
2003240
3100340
4000301
143030
403040
1302200
3043001
3002042
1302203
2330300
404030
4031030
2023103
403202
403103
2232002
402302
1303103
2331200
2031302
3100130
401303
403310
2032202
2034020
1220300
1103300
2203310
1220303
2202200
3200120
200402
404300
2232020
3302000
1302230
1003223
2031320
230003
2023130
311003
110300
1010300
2003402
110303
1003232
430310
12002
3302030
323300
4000400
230033
200423
2323100
20201
1220330
3200
20204
433010
24302
3301103
4022000
233201
20210
4022003
12020
20213
311030
12023
1031000
311033
4030202
4304000
2320400
110333
20222
3100001
3010304
3200012
2400002
2231000
2000234
2231003
3010310
20231
2203400
3010313
20234
3002123
4030220
3100301
4022030
2231030
20240
2233100
3010322
20243
2400020
3100220
1430300
2400023
2322200
3100430
1332002
3010331
3043100
320300
1302302
3202001
2400032
3102002
2023202
1301303
3010340
1003301
3202022
3003200
1003304
1310000
3102032
3102023
2240300
1020032
1003310
1330004
1302320
1003313
3230102
4103000
2023220
3201020
4103003
3102020
1331000
2002022
1003322
1331003
1130300
3102302
3102203
1130303
3202310
1340300
1032002
1003331
3102230
3201200
3302300
3102200
221000
3104003
3104030
221003
20300
3104300
3220004
20303
434000
4320200
3301202
3440000
233300
3032
1331030
1032023
20312
102233
1130330
3230120
3002204
4030301
3120230
300020
1032032
20321
3420002
3010403
20324
3002213
4030310
3030020
3222002
221033
20330
30200
1322000
20333
3002222
1330202
3133010
3131030
2310002
1330220
3420020
3231200
20342
3002231
2223200
4100000
3401300
3404000
2430200
1203320
3010430
4103300
3002240
2000012
1200002
2000042
2310020
2023301
1232030
2310023
2232200
1003400
2000324
1003403
2000222
1230002
2023310
2000123
2310032
1103033
1230020
1001330
1200020
1003130
2000120
1200023
4130000
3020000
303002
2022320
2000420
4403000
102302
1003031
1200032
4001
1320203
4100003
4004
1003043
1003430
4310300
4313000
3030302
4010
12203
303020
4013
1003202
303023
102320
430001
401330
102323
430004
3301301
4022
1003220
3203000
1230200
430010
3203003
3002300
430013
4100030
3002303
4030400
4100033
4034
1003100
3203012
2203040
430022
20423
2400200
12233
1040330
2400203
1232300
3203021
323000
430031
20432
3002321
3330002
2133200
4202000
2023004
3203030
1130003
430040
131033
3002330
3330011
3031004
3020330
1130030
1130033
2023040
4200002
2220002
2023010
3330020
3031013
2400230
1032020
2023400
23330
2023100
2201303
2040032
1040303
3031022
2043200
4200200
2200304
1300304
4202300
2220020
2312000
3230000
2220023
2103200
4220000
1323002
4200302
1300403
303101
4000322
2201300
