300033
3330
3
3303300
3333
33030
3333000
33033
3000330
300300
3000333
3030030
300303
330000
3030033
330003
33300
3003030
33303
303000
3003033
303003
3030300
30
3030303
3300000
33
3300003
3003300
3003303
3033000
300330
3033003
300
300333
330030
303
30000
330033
33330
30003
303030
3000
303033
3030330
3003
330300
3300030
330303
3000000
3300033
3003330
3000003
303300
3033030
303303
333000
330
333003
3300300
333
30030
3300303
3330000
30033
3330003
3033300
3030
3303000
3033
330330
3303003
30300
3000030
30303
300000
3000033
303330
300003
3300
333030
3303
33000
3300330
33003
3000300
3330030
3000303
3030000
3030003
333300
3303030
3003000
30330
3003003
3330300
30333
300030
