1
3000322
4
3030022
3003400
1033
10
3000331
3033100
13
3030031
13330
3000340
43030
3200023
3030040
2303002
310300
310303
3200032
34
340003
40
43
2303020
2302000
2302003
3330100
310330
10300
3133
340030
10303
40000
40003
223300
300103
2003020
2302030
2003023
3000400
3000403
3030100
3030103
2003032
10330
10333
40030
40033
2300002
100
300133
103
3000430
2002033
3030130
2300020
2300023
302200
302203
1330300
2300032
2000002
133
3032200
220300
220303
3322000
2000020
302230
2000023
4303000
3023002
2203
1030300
1030303
2000032
220330
3023020
334000
3022003
133300
2230
4003000
2233
3030202
4003003
300220
300223
3320002
303301
3200200
333001
202
3200203
3030220
3022030
4303
34000
333010
34003
3320020
4003030
430300
302302
223
2303200
3020002
4300003
3301
3200230
3304
33001
4330
33004
34030
302320
3313
33010
3020020
33013
3020023
3403000
203002
331003
3202300
4300030
130303
3020032
32002
4000003
3031300
33031
203020
300301
203023
202000
330001
301330
202003
330004
331030
32023
3103000
300313
130330
3103003
2332
3030301
4000030
32032
4000033
300322
43300
3030310
2300200
2300203
333100
301
3200302
330031
304
202033
3230002
300340
1333
3103030
330040
31033
30010
30013
3400000
200002
3400003
3230020
2300230
2000200
2000203
340300
334
33103
30034
200020
200023
30040
30043
2302300
3400030
2332000
3100003
2003302
3313000
2000233
2033002
40300
40303
300400
300403
330100
330103
2003320
2203003
2033020
3100030
2002303
2032000
3100033
2032003
3013000
40330
3013003
2300302
400
2330002
403
30100
2203030
30103
2002330
2032030
2300320
2330020
3013030
3020200
3020203
2000302
3310000
433
2030002
3310003
30133
323002
2200000
2200003
2030020
3020230
2030023
32200
32203
2000332
3310030
2030032
3010003
1303000
330202
1303003
3022300
2200030
2200033
4003300
32230
4033000
330220
31
3010030
23023
22000
3010033
22
22003
331
322
1303030
313
3230200
232
30202
1003003
34300
343
340
310
220
130
320002
430
3004
233200
1003300
2203000
200200
3034
3031
200203
4300300
3022
3020302
30223
4330000
22033
1003303
2032
320020
33301
1003030
320023
30232
1003033
3002020
3000130
1003330
3010
33310
2020
3220000
1030
20002
3220003
331300
3202
203302
3103
2302
200233
233002
1303
4000300
3331
32302
4000303
4030000
3322
3232
4030003
20020
3223
2323
20023
403000
3340
3310
403003
233020
330301
3220030
202303
232000
1300033
3220
232003
3103300
3130
330310
31303
3133000
2320
4000330
1330
3403
3430
4030030
3400
3100
2200
1300
3001030
313000
4030
403030
4300
2330200
3303001
202330
2023003
2020033
30301
232030
3030400
3004000
1000033
3303010
3004003
30004
30001
30310
303022
30031
30313
30022
20032
3400300
303310
200302
10030
3430000
30304
3302002
332002
20203
30331
2023030
30322
2030200
3003001
20332
2030203
3003004
20323
3004030
100300
2320000
30340
3003010
2320003
3302020
3003013
30220
230023
3301000
30130
20320
3301003
3100300
20230
3003022
3100303
3130000
23320
3002002
3130003
30430
32320
2030230
3003031
20200
31003
23002
13003
33022
23032
2320030
300043
3003040
3300001
33040
2020003
3300004
32020
3301030
3002023
3001000
31030
3300010
313003
2032300
3300013
3130030
23020
3002032
22030
13030
33202
3013300
300100
3300022
23203
3043000
303010
3232000
33220
3303100
33130
2020030
3300031
30400
3000001
31330
30403
3000004
23230
313030
203230
3300040
3001033
3000010
320203
33400
3000013
33100
31300
23200
103033
13300
31000
13000
3100000
3000022
3300400
103003
2000320
2000323
100003
3003100
300034
2030302
3003103
3340000
300031
3000034
300022
300013
200032
320230
100033
3000040
13033
300040
3000043
2200300
300010
100030
2200303
2030320
300304
300202
2230003
100303
300331
300232
200332
200323
100333
3003130
300310
3010300
300130
200320
3010303
3040000
200230
100330
3040003
3300100
300430
23302
3300103
1333000
20233
2200330
303004
3022000
302002
2230030
400300
10000
310033
313300
10003
303013
302032
310000
2003203
223000
203032
3010330
223003
22300
322000
3040030
22303
1303300
3300202
3300130
202030
3000100
103030
303202
3000103
1033000
3200002
301303
1033003
3223000
203203
320302
3020320
2002300
10033
303220
303130
3200020
400030
223030
2230300
3302200
203320
22330
230203
1300000
320032
2033200
1300003
320320
303400
3003202
301300
203200
3000133
1033030
202300
3040300
103300
3031030
304030
1300300
304300
20302
1300303
1330000
400003
2323000
1330003
3003220
103000
230230
2003002
3002200
1300030
1000000
3002203
4030300
1000003
310003
230002
220000
2002000
130003
220003
403300
3000031
330022
2002003
433000
1033300
1300330
330013
1000300
2023000
1330030
1000303
1030000
400033
1000030
1030003
230032
3203200
3002230
130033
330010
310030
230020
130030
3300220
2002030
220030
3002320
304000
220033
3031000
304003
2023300
330130
230320
103303
133000
2000230
1000330
133003
3004300
1000333
1030030
2020000
3034000
1030033
2203300
330400
2233000
3304000
3100330
3001003
320200
303001
230200
130300
3000220
1030330
230302
3000223
4000
322003
103330
4003
332020
3003301
133030
323020
3000232
3033001
322030
3310300
2320300
4300000
3003310
400303
430000
332200
3033010
430003
3301300
323200
322300
303031
3331000
3001
3203002
232300
3130300
2230000
3002302
331000
303040
4033
3032002
4000000
302020
3013
340000
302023
301000
130000
400330
301003
2020300
3300301
430030
2020303
3202000
3330001
2002
3202003
3032020
400000
3300310
3001303
343000
100000
3330010
3031003
3000202
3010000
3200320
3220300
3040
300001
1003000
3043
300004
3023200
301030
2023
1000
301033
2020330
1003
2003230
3000301
3202030
3001300
3000304
3030001
3001330
2003200
3030004
3320200
3000310
13303
43000
3000313
3030010
43003
303100
3030013
3203020
303103
