1024000
1
1323010
1024003
4
1200133
311302
2220040
213001
1032202
213004
13
221200
303121
4010002
221203
213013
22
311320
12313
303130
4123
1032220
3203101
1024030
31
340000
3002401
34
340003
4010020
3203110
4010023
40
3113002
43
340012
2400301
221230
2302000
2302003
3330100
340021
2400310
2101303
2003002
2302012
340030
41023
3240001
2003011
2220100
2302021
2003014
2220103
41032
1200202
1204300
2302030
2003023
3031120
2130001
2101330
2130004
2003032
2130010
1200220
2130013
1200223
2044000
1020001
303202
1020004
2130022
103
1200232
1233001
1020010
4100203
213100
1020013
2130031
12400
1233010
12403
303220
4213
1020022
2130040
430201
123004
4222
1020031
3203200
1020034
131203
422020
133
4100230
4231
1020040
213130
1020043
123022
2400400
3121300
2302102
123031
340120
3023002
2310301
131230
2212000
3031201
2212003
2011300
2003110
2011303
2302120
2003113
2220202
3023020
1200301
1102000
2003122
1102003
2130100
1200310
2130103
1200313
2003131
2220220
2212030
2040001
2011330
1020100
303301
1020103
2040010
1200331
4300
2040013
303310
4303
1032400
1102033
2130130
211
1200340
2040022
4010200
4002010
4010203
4301020
4002013
2040031
4100320
4321
1020130
213220
1020133
4002022
2040040
33001
4330
332011
33004
4002031
3113200
241
33010
41203
332020
33013
4010230
4002040
2302201
123130
3023101
33022
2310400
2302210
2003203
3031300
3023110
33031
2003212
2220301
41230
1200400
1200403
2003221
2220310
2130202
2003230
1012000
1012003
2040100
2040103
303400
201001
1020202
1024300
301
1200430
304
201010
4002100
213301
310
4002103
422200
313
1020220
1012030
1020223
3400000
1012033
2040130
3400003
4420
332101
201031
1020232
3101002
331
33100
334
33103
4010320
4002130
201043
340
3400021
41302
343
33112
2302300
3400030
3101023
3023200
33121
2204002
242020
2003302
3101032
33130
2003311
2220400
2204020
2003320
2331001
2130301
2032000
2331010
2032003
2130310
2040202
2032012
1020301
201103
1020304
410002
403
2032021
1020310
213400
1020313
4002202
2040220
2032030
4420000
324001
1020322
410020
123301
3400102
410023
332200
201130
1020331
4002220
201133
430
3310000
433
33202
3310003
1020340
3400120
3011002
33211
3310012
2200000
2200003
33220
3310021
2413000
2003401
2200012
3310030
3011023
2003410
2200021
2200024
1303003
2331100
2200030
1102303
2130400
2200033
1004002
1303012
2032102
2200042
2040301
1020400
1430002
1020403
1004020
2040310
1004023
2032120
4203001
1102330
4002301
1004032
320002
1430020
4002310
201223
123400
3400201
320011
21004
1020430
4330000
234001
3400210
3101203
320020
33301
3310102
320023
242200
4031002
33310
320032
3220003
2200102
21031
2204200
320041
21034
4031020
3101230
2110000
2110003
3220021
2200120
2200123
2122300
1303102
1000000
2024002
1000003
2200132
1213000
2032201
1213003
1012300
2110030
1012303
1303120
2110033
2032210
2024020
1000021
103000
402010
103003
4203100
402013
1000030
4002400
1000033
1340002
103012
320101
1213030
320104
1012330
3400300
103021
320110
402031
103024
320113
230002
201331
1340020
103030
33400
103033
320122
230011
3003004
230014
4240000
3003010
3011203
230020
3003013
3220102
230023
3101320
2200201
21130
2200204
21133
3003022
230032
2200210
3130003
2200213
3003031
3220120
230041
3130012
2200222
2020000
1303201
2020003
3130021
1000102
2200231
2233000
1303210
1004203
2032300
3130030
2200240
402100
2020021
402103
1123000
1123003
2020030
2020033
1000132
1004230
320200
2020042
13003
312013
410320
402130
103123
320212
230101
1123030
230104
4023001
3310300
320221
230110
3003103
4031200
230113
4023010
21220
13030
21223
2401000
13033
230122
2401003
2200300
2200303
21232
3003121
2102002
230131
3212020
3130102
140023
2200312
3003130
230140
3040000
2200321
3040003
1303300
2401030
2102023
2024200
1000201
2200330
214
1000204
124
1004302
121
2102032
112
1000210
244
142
1000213
424
421
2143000
412
402202
2020123
442
3100420
3040030
3124
1004320
1332001
3211
3121
2020132
3112
3241
1000231
1340200
3142
1332010
1033003
402220
103213
320302
232
1000240
222001
3412
1000243
1033012
21301
103222
320311
3302200
10120
222010
230203
4023100
1033021
21310
103231
320320
21313
3003202
13123
230212
30124
1033030
311020
3421000
2020204
21322
3003211
3220300
230221
30112
222031
20410
223300
2200402
21331
3003220
22210
230230
22240
2311000
3130201
302014
2311003
2110300
31042
3301210
2110303
300121
300112
2012002
101230
2200420
300142
3040102
3031012
1201000
2020201
300412
1201003
1000300
303211
303112
1000303
330211
201202
2020210
201304
1213300
2020213
2311030
2012023
1000312
3000214
2110330
3000124
3000211
402301
2020222
3000121
304000
1000321
4400002
304003
103300
3000112
1201030
103303
310231
1201033
1000330
2102020
304012
1000333
1033102
3010120
2020240
320401
3000412
3003112
4400020
304021
1000342
222103
21400
103321
431002
21403
312220
13213
304030
3210001
1033120
3204001
103330
3200011
132004
3003301
13222
230311
3212200
440002
3204010
140203
431020
132013
3003310
13231
230320
213310
222130
231010
3300112
2014
132022
1024
2102200
311032
1240
2102203
3130300
1012
2044
132031
2041
1042
3032002
2104
1204
3020011
140230
1201
2221000
3040201
4402
2221003
2020300
200212
2224
2020303
2134
1324
1000402
1234
3032020
2311
2102230
2221
2020312
2212
2131
2122
2103100
2131030
3001024
1231
1324000
300001
1222
1213
300004
1132
2221030
1000423
1000
1123
300010
1003
2341
300013
2242
1023100
1000432
1033201
4310002
214003
13300
3002101
300022
13303
304120
2013040
1033210
2020231
103420
1021
3020104
300031
13312
230401
300034
1210
4310020
1120
1030
132103
300040
1033
230410
300043
222220
2404
3200014
102031
1402
42001
13330
2431
3200020
102040
1400032
3200023
3122200
1432
2303002
3302011
341020
42013
2102302
2440
3200032
2004001
132130
2303011
2004004
3032101
42022
2410
2012200
3200041
2004010
2012203
2303020
2004013
3032110
42031
2102320
2430001
2020402
1420
4024
1302001
2004022
1300402
2131000
4042
2430010
2131003
4204
4201
4102
2004031
4312
1320001
4132
4240
1320004
4210
2012230
300103
1021000
304201
1320010
1021003
4120
1320013
1102
3123010
1234000
210001
304210
100342
1033300
3132010
1320022
31021
31012
423001
210010
3112000
300124
222301
32104
1320031
431200
31204
300130
124003
130
300133
1021030
31201
1320040
1021033
132202
31102
13420
32311
3200110
210031
2140300
3200113
3110002
1003132
4220020
3031
1002022
42103
210040
2002021
3200122
210043
132220
2303101
124030
120013
212320
3024001
2000002
3200131
2311300
203410
2303110
2004103
3032200
210232
2213002
2000011
3200140
102130
2012302
30400
1402000
1200304
42130
1402003
1201300
1002040
31240
2000023
32110
31210
1103002
31120
2213020
32401
31402
32410
2000032
2340001
2004130
3210400
1320100
34021
3120310
1320103
2041000
2000041
2340010
2041003
1103020
1102030
1402030
1103023
3001204
1230001
1201330
300211
1230004
34120
300214
210103
4310200
301024
4302010
4003003
300220
1230013
302011
300223
222400
120001
1320130
321040
4003012
301012
1230022
242002
300232
333001
120010
3200203
301042
4003021
302104
1230031
34000
300241
333010
34003
3200212
210133
4003030
302101
1230040
3022102
42202
1243
34012
3200221
3100402
120031
2303200
2212300
3020002
410203
4130020
2000101
3200230
1103032
2000104
401320
2004202
120043
42220
2010130
34030
301312
2422000
2000113
3011230
300400
3020020
3011302
301132
3020023
3020101
410200
2123002
2002012
2004220
402310
3012301
301120
3020032
1000024
301402
1312003
2340100
302410
2000134
301420
304102
3020041
1320202
3131020
2123020
300301
331012
2000143
300304
331201
223
202003
1230100
332110
300310
1230103
331210
300313
210202
332002
1320220
1310230
1312030
1013023
1312
3002011
300322
3001021
120100
202021
3001012
120103
4220200
1321
3401002
300331
333100
210100
202030
210223
4003120
202033
1230130
3002104
300340
1333
34102
3200311
3110200
243001
30010
3110203
3401020
30013
1342
3001201
3200320
3001102
4040002
2242000
1130002
120133
30022
3002212
2000200
4402000
3002122
2000203
3002113
2004301
3020110
30031
2213200
3020113
30034
142300
4040020
3001312
2004310
212200
30040
112330
3020122
30043
131320
2000221
113020
211030
2332000
220000
123100
1103203
2131300
2031400
2000230
3001210
3001120
2000233
2033002
3001402
3020140
1320301
3002410
3001420
1222000
21304
2000242
300403
1021300
3102301
1320310
1021303
312040
3004102
1230202
24220
2033020
210301
1103230
13210
112000
4003201
3032011
112003
3031021
300421
210310
3031102
202120
210313
4003210
202123
1230220
3031210
300430
1423
1200100
3200401
1021330
3301012
30100
3302101
200332
30103
4130200
34201
3200410
210331
243100
3302110
3110302
120223
42400
112033
34210
3301120
210340
20014
10024
330004
3020200
30121
2201002
3020203
3311020
3012013
2000302
10012
2004400
4030
30130
340300
3020212
30133
3012022
2000311
10042
20104
2000314
311023
2201020
3020221
30142
2201023
2123200
312022
1304002
2000323
10102
3300400
1103302
3103000
2201032
20134
10324
10234
2000332
2033101
2401300
2013100
1320400
2021032
2020321
1013203
1304020
2000341
2033110
20122
1103320
202201
1303021
10321
202204
1230301
3010201
313102
4204000
10222
202210
1132003
4003300
202213
1230310
323101
10132
321001
10123
4100020
321004
120301
1013230
31000
22000
3220030
321010
22003
2203102
321013
120310
202231
312103
120313
30202
20140
34300
10240
1132030
30304
202240
4032001
120322
30211
3012100
22021
30214
3012103
4040200
20404
4032010
120331
30220
1222030
3020302
30223
2410000
22033
10402
2410003
2000404
20431
303031
3020311
30232
203320
2000410
3040021
3221020
2000413
3011200
20440
1300000
30241
3012130
1300003
10420
2013001
2000422
21001
1023004
212023
1001002
103120
1312300
22024
2410030
2000431
2033200
13024
12034
201220
22012
1300021
1013302
21022
403000
21013
13021
403003
202300
13012
1300030
202303
1230400
1300033
104002
12031
4200004
12022
12013
11032
1013320
11023
4200010
102430
321100
4200013
22042
321103
1042000
202321
21043
1042003
104020
13042
403030
104023
12043
3303001
202330
21040
231004
30301
12040
4200031
3004000
21010
3303010
3004003
4032100
231013
30310
1023001
4200040
30313
3012202
22123
3004012
23104
1042030
22204
3430000
3020401
30322
2201203
22132
3004021
13204
231031
12304
23101
3131002
30331
3012220
4120000
3004030
22102
2320000
21202
21103
2320003
30340
13201
1300102
13102
1304200
12301
2021002
1222003
2320012
2020330
2201230
401230
1210000
11203
231040
1210003
120220
2320021
220120
110032
1423000
210022
220024
1300123
1222300
22321
2320030
2021023
100000
24103
202402
100003
1300132
22120
21340
4200103
313000
420400
13321
313003
112300
13132
1210030
112303
403120
1210033
321202
12331
202420
100021
12322
1003030
100024
22201
2301022
432010
3303100
313021
100030
231103
4024000
3000001
4200130
30403
3000004
22213
313030
14023
2003041
3213001
3000010
1323100
30412
3000013
22222
13240
3221200
12340
2402002
23110
440020
30421
3000022
22231
3004120
2103001
231130
13120
2103004
12310
30430
3000031
3340000
12220
3000034
12130
2402020
2103013
2320102
11320
3000040
1300201
3041002
3000043
1300204
11230
2103022
223210
2230000
3040012
1300210
2230003
13402
1300213
23410
2103031
2320120
22420
21430
12430
2230012
21100
1300222
12100
1120000
403201
11200
1120003
24004
2230021
100102
1300231
1333000
2310220
4200202
104203
1132300
14002
2230030
3232
10000
1001233
1034002
10003
1032310
321301
4100200
14032
223000
24040
3001030
223003
4200220
14020
1120030
22303
313120
4020001
231202
1013002
3000100
10021
104230
3000103
22312
3004201
4020010
42040
3213100
4020013
10030
24310
3012400
10033
3004210
2014030
231220
14320
4020022
41200
24400
3123001
22330
24100
2410300
14200
421300
4020031
3131200
40021
3000130
40012
3100021
3000133
40204
3213010
4020040
2320201
40102
40321
1300300
40312
3000142
1300303
2021200
3123100
2320210
2021203
2312020
2013013
2230102
3112030
1300312
3120001
2103130
3104002
3400012
40210
2013022
3102100
2140000
1300321
3000430
2140003
403300
40420
42004
1202023
2230120
100201
1300330
1001323
100204
4200301
2021230
41002
1030000
313201
100210
1030003
1001332
100213
4200310
110002
1243000
311203
313210
14203
1042300
42010
2140030
41020
104320
432001
22402
3010132
4020100
1030021
42301
4020103
133000
120400
3000202
133003
3004300
3012004
4102030
42310
223120
1030033
41320
100243
133012
42100
14230
1040032
2402200
44020
1030042
3102202
3000220
133021
320014
3000223
310024
122032
4020130
310012
310042
310204
133030
310201
3000232
3033001
123202
320131
2320300
430102
401200
2013103
3041200
3000241
3033010
310222
2103220
310213
2021302
310132
222310
2230201
320140
310240
1210300
310210
310120
1210303
310402
320410
2230210
310420
2222020
312004
312001
311002
301000
323011
2013130
301003
100300
103210
322012
100303
4200400
321031
2002
321022
313300
313012
1030102
312031
1034200
10201
1210330
2011
10204
301021
14302
312010
4012000
223201
10210
4012003
2020
10213
301030
2023
1030120
301033
4020202
1030123
3201004
3000301
133102
322
3000304
342001
3201010
322102
1030132
3201013
3000310
10231
43000
3000313
342010
43003
4020220
312301
4012030
312202
133120
2304001
3000322
10243
43012
2103301
323110
3201031
2312200
220240
2304010
3000331
3033100
43021
2103310
321310
3201040
321220
2013202
321130
3000340
312310
43030
312130
1202200
311230
321400
1202203
2230300
312400
312100
311200
314002
324010
2132002
314020
2013220
324100
123103
340201
1321000
340102
340210
1321003
1120300
341002
301102
1120303
341200
3020014
1022002
3010024
2132020
2101
1202230
4102300
211000
1030201
3010012
211003
10300
3010042
2110
10303
424000
2113
1030210
301123
1022020
1030213
1321030
1022023
10312
3100
1120330
3020131
3201100
4020301
1030222
3201103
1022032
133201
3410002
3000403
342100
3010312
4020310
1030231
1103200
211033
10330
2323000
2140
10333
43102
2143
1030240
2020120
2300002
3220000
2304100
3000421
10342
3020410
2103400
2001001
3201130
2300011
2001004
3010420
2300014
3021004
43120
3021001
2001010
3012001
2300020
2013301
3023011
2300023
2222200
3220012
1403002
3104020
3021031
3311002
2013310
100132
2300032
3013021
3013012
3012031
3011032
3021040
3012040
2001031
2341000
2300041
2001034
3021010
1403020
3012010
3011020
1002031
1202320
301201
2042002
2001043
301204
3021202
3021103
220012
4303000
3013102
301210
1231003
1030300
301213
1001023
1030303
3121000
420001
4004002
3021310
2042020
101203
301222
3013210
1030312
201430
420010
121003
3012310
420013
3011320
301231
334000
1030321
3201202
120022
4004020
200242
2230
10423
301240
2233
1030330
3024010
3014020
3024100
2200
420031
10432
43201
3320002
3040210
3201220
2300101
121030
3040120
2300104
121033
43210
3320011
2001100
3042010
2300110
2001103
3041020
2300113
2210002
231301
3320020
3021013
3310201
300202
2013400
3310210
2300122
3310120
3102103
3312001
3021022
3102220
3312010
3321100
1100002
2300131
2210020
3312100
3311200
2210023
2132200
200014
1313002
200011
2300140
2001133
100012
200044
2210032
2000440
100042
200104
1100020
200101
200314
1100023
1022200
4000012
203002
1022203
1313020
200134
2302
100324
1100032
100234
1030402
4000003
420100
1030012
203014
420103
4213000
301321
2314
200131
203020
200122
2001130
203023
2320
330001
301330
2323
1030420
4000021
1022230
100321
203032
100312
330010
31003
2332
330013
4000030
100231
244000
4000033
420130
100222
43300
3320101
330022
100123
2300200
1303030
4000042
2300203
3021100
3103021
3320110
330031
31024
200140
3230002
100240
2300212
200110
31030
100120
330040
31033
200404
3230011
2000320
2300221
100402
2033011
1403200
3001300
2120002
300100
3230020
100432
2300230
2001223
100423
200440
3021130
100420
201004
102004
3013030
3121030
2001232
2034001
1010002
202024
2120020
201034
102034
2120023
2042200
203011
2034010
202012
201022
203101
1022302
201013
2120032
2401
102022
412003
1010020
2010100
4000102
1010023
4004200
203113
420202
101032
1223020
2413
203041
202042
1022320
103042
203122
202000
330100
201040
2422
330103
4123000
130003
101020
4000123
420220
203104
3103102
113023
330112
240001
211330
103204
4000132
102304
202102
201301
3320200
330121
240010
3013003
103201
240013
2300302
103102
3103120
2202001
330130
31123
2202004
2001301
240022
2300311
2210200
102202
2202010
2210203
31132
2202013
2001310
240031
2300320
2001313
3140002
101302
3021220
203311
2202022
203221
1100200
203212
2001322
1100203
203131
202312
202222
2202031
1313200
202132
2030002
2001331
2034100
201322
2210230
201313
2202040
201232
103312
2030011
2001340
103132
2030014
1202032
203200
303010
200320
203203
2030020
102232
1100230
2030023
3202030
1100233
1133002
3040300
4000204
420301
101332
240202
322000
101233
4000210
322003
121300
4000213
420310
121303
203140
2030041
23002
201340
1133020
103240
203230
102340
203110
3103201
201310
23011
240100
322021
23014
4000231
4033000
1300120
3103210
102220
23020
31213
322030
23023
4000240
2300401
121330
101320
2202100
3021301
31222
2202103
23032
201403
2300410
2001403
103402
102403
2210302
31231
3013120
23041
240130
201400
102400
201100
1430200
101200
2120200
204004
1301002
2120203
3130210
204031
1100302
3231001
2210320
1002001
2202130
3110320
1002004
2030101
2001430
104032
1010200
204040
1002010
1010203
1301020
1002013
2030110
1301023
1100320
2030113
404002
1100323
204010
204301
203302
2431000
1301032
204103
2030122
4201003
1100332
104302
204310
4000303
1342000
2310202
1002034
2030131
404020
204130
1010230
204400
4000312
1010233
1043002
1002043
2030140
330301
204100
104200
232000
4000321
210004
232003
31300
120004
330310
31303
322120
23113
4000330
210034
1043020
143200
113230
120034
31312
3013201
23122
210013
3222100
232021
130021
130012
3021400
31321
2202202
23131
240220
1001320
232030
220042
130042
3132001
31330
120040
23140
420022
210304
3201022
3140200
120304
2321002
420004
2202220
140020
2120302
130201
130102
2022001
120202
2013004
2022004
4300012
3102013
1002103
2030200
220312
2022010
2030203
2321020
2022013
1010302
3201301
400000
220222
430210
400003
2030212
220132
2022022
400
210322
203401
101002
130312
412300
2030221
3102400
2022031
1133200
3201310
4000402
1010323
3101020
1002133
2030230
130132
2022040
322201
120232
110332
1010332
301300
400030
101023
330400
3300001
322210
23203
3300004
130240
232102
120340
3001000
410302
3300010
3001003
23212
3300013
210220
210130
3214000
130210
130120
142003
3013300
23221
3300022
120130
232120
2403001
110320
110230
31420
2202301
23230
3300031
2104000
210403
2403010
2104003
3132100
1000120
2202310
120403
3300040
3001033
2000020
210430
2001013
120430
142030
210400
1301200
3042001
3001042
1301203
2022100
1010032
222004
2022103
231001
221002
2231002
212002
132001
131002
2104030
123001
1420000
3201001
113002
1420003
233011
232012
400102
2030311
404200
231022
223021
223012
2231020
222022
1301230
1002223
2030320
222013
2022130
310003
221032
221023
213031
213022
1002232
212032
11002
400123
322300
131032
1420030
1132000
1043200
4320001
224002
123013
3300100
310021
23302
3300103
4021000
232201
4320010
4021003
11020
113032
310030
23311
240400
310033
232210
222040
3210004
213040
132040
123040
23320
3300121
3210010
221020
2403100
3210013
213010
212020
2202400
2100001
3300130
3001123
2100004
132010
4021030
131020
123010
2313001
2100010
3102010
3001132
2100013
112030
3210031
2014000
1030204
2313010
2014003
3042100
223102
1301302
222202
3210040
1203001
2022202
221302
1203004
1002301
213202
2100031
2440000
2030401
1203010
213103
212302
1203013
1002310
3120130
2100040
1002313
2030410
2100043
2022220
211303
1203022
132301
1330000
131302
1002322
1330003
4201300
400213
310102
1203031
314200
2002132
4103002
1002331
1330012
1000123
400222
113302
1203040
113203
233110
220003
4320100
1330021
231310
400231
433000
23401
3300202
310123
232300
221320
1330030
1031023
400240
4230001
134002
3300211
3210100
220021
3231010
3210103
1031032
133210
4230010
132310
3300220
3001213
220030
123310
123220
220033
122320
3130
2100100
113320
3001222
2100103
231400
132400
3120010
231100
2313100
3120013
222100
3001231
3034000
2010001
3210130
211300
2010004
132100
3120022
131200
3001240
2223001
2010010
122200
1203100
2022301
113200
1203103
2231200
234010
2100130
1002403
224020
2100133
2022310
214030
3120040
134020
234100
224200
400300
214300
430120
400303
124300
214000
302002
124000
121000
240004
1330102
140002
2010040
3001
1203130
2010043
3004
140032
1002430
240040
4312000
400321
3010
1240003
302020
3013
220102
302023
1330120
240301
400330
101323
240103
3300301
3022
140302
130000
240310
140320
3202003
4230100
140200
3300310
3001303
343000
302041
3034
220123
4013020
4203010
1240030
243010
3040
11233
44002
3043
3120100
3202021
241300
3120103
130024
3001321
2100202
241000
2104300
142000
130030
400024
400021
130033
3001330
400012
3030004
400042
400204
2010103
400201
400312
3030010
400132
2100220
3030013
400210
2100223
2022400
400120
1203202
400402
400420
402004
3030022
402001
2100232
2133001
1200322
403021
1420300
403012
402022
3030031
401032
1231300
2133010
402040
1203220
2010133
401020
403102
3030040
1330201
401302
100330
310300
403210
302110
310303
1031200
302113
1330210
1031203
1322020
1023013
11302
402400
310312
220201
302122
1402300
220204
410032
1023022
420040
4222000
310321
220210
302131
4021300
220213
3202102
1023031
134200
410230
310330
11323
302140
3133
1031230
422002
40000
3100120
1000042
40003
11332
423010
3210310
220231
3202120
2301001
3120202
130123
2301004
2100301
412030
432100
2002000
423100
2301010
2002003
3030100
2301013
2100310
3030103
40024
2100313
2010202
413200
2014300
4020400
40030
412000
3030112
40033
2100322
440200
330220
1203301
3100024
2301031
2002024
3030121
40042
2100331
2133100
3100012
2002030
2010223
2301040
2002033
3030130
3100042
2100340
3200104
1002400
3200101
302200
2043001
2002042
302203
1330300
3100201
2220130
1023103
2011030
3230200
2043010
2004040
302212
1001200
1031302
2003140
421000
1223002
1002100
421003
220300
302221
3214
220303
4013200
3102004
122002
3102001
1232020
2201302
302230
3223
1031320
3202201
1023130
3202012
130204
3103012
3102031
3102022
4132000
220321
3202210
3102040
122020
130213
421030
122023
44200
3321001
220330
3101302
2301100
3120301
130222
2301103
3022000
3102310
3321010
2100403
3102130
3201400
2002102
130231
40120
3101200
3030202
40123
3022012
2010301
3204100
3104200
2010304
3120004
1400002
3030211
40132
3022021
2010310
3210022
1203400
2010313
2301130
2002123
3030220
3120031
2100430
3110032
3110023
3110020
2010322
3230101
1400020
3220201
3210301
1400023
1322200
3210202
3230110
2010331
2043100
3220210
302302
3210220
4300000
204001
1023202
4300003
2010340
3301
3130120
302311
3304
3120220
4001002
212203
1240300
204013
3310
3110230
302320
3313
220402
3120400
1023220
4300021
204022
3222001
3403000
3221002
3322
331003
3202300
3212002
4300030
130303
2011033
3122002
32002
3331
220420
3112003
212230
3222010
4001032
40201
3211030
32011
3340
331021
32014
3122020
4042000
130321
2301202
3113020
32020
40213
331030
32023
3231100
2002201
130330
3211300
2002204
3030301
40222
3112300
32032
3124000
2420002
2010403
2301220
2002213
3030310
40231
3022120
32041
3240010
3140020
3240100
3241000
2002222
3142000
40240
3402001
1310002
3402010
2420020
3402100
3401200
2002231
4400200
13000
3410020
3020230
3410200
3412000
2010430
2000014
2002240
302401
200002
1000012
1310020
1023301
4300102
1310023
1232200
2000044
413002
3403
10
202
1023310
2000224
1310032
1000324
1000234
4210003
200020
2000212
2000131
200023
4300120
2000122
1000222
122203
413020
3421
331102
2000140
3100000
2000110
130402
3100003
220
32101
3430
2000401
3313000
200041
1000420
241003
40300
100
4210030
40303
331120
32113
3014002
2001022
130420
2301301
122230
4100302
2203000
3022201
32122
2203003
2002300
1001032
2301310
2002303
3030400
3100033
3022210
32131
2203012
2032
241030
1003042
1400200
2001040
40330
1400203
32140
2203021
1001020
2003104
2001304
2002321
2330002
4020004
1002304
2003101
2203030
1331200
2001202
2031001
2002330
2330011
2031004
1003201
1003102
1002202
1001302
1001203
1220002
200032
2330020
2031013
1400230
3202
1023400
4300201
204202
3103
2203
1303
2031022
1004200
4001200
200113
4300210
4001203
1220020
2002120
4010032
1220023
1002340
2100400
323002
2002312
204220
4210000
122302
20032
1220032
24001
3000400
4120003
110020
3232000
3100102
110023
32200
4012300
24010
32203
323020
24013
4001230
200143
3010000
1032301
40402
3010003
32212
2010022
24022
1201303
2301400
1202302
230200
3100123
3022300
32221
4120030
24031
3322000
2100022
2002402
1231000
3100132
3010021
32230
1003240
2113000
2310310
2002210
2113003
133300
1231030
3010030
2001220
2203120
3010033
1003210
1003120
1302004
2330101
1002220
2040004
1310200
1002130
1302010
1310203
2031100
1302013
2330110
2031103
1400320
4301002
2240002
1233100
1003012
4002001
2113030
1001230
200200
4002004
3220
200203
4300300
1003021
430300
1302031
1003024
1330
4202002
2020102
2240020
1003402
4001302
301303
1302040
1003033
2031130
2003200
2002420
200221
1003420
4000222
200224
2001400
20002
2122000
1130020
2122003
200230
1130023
4001320
200233
233002
20011
3100204
4000024
32302
3400
1130032
3103003
3100210
4030003
20020
3100213
3010102
20023
3014200
2130220
1300
2122030
233020
2100034
3100222
3103030
32320
2203201
24130
23200
4010302
4030021
4200001
3100231
3133000
20041
2203210
3010123
20044
1321300
4030030
2040400
3100240
2322001
1300240
1200004
1302100
2004100
223030
1302103
2023000
4000120
2322010
2023003
30004
1223200
1310302
30001
2030104
3013000
2031202
2020024
2023012
2010034
4301200
1030024
1220200
100333
401002
1220203
2020012
2023021
200302
2010031
1310320
102001
1302130
1003123
2031220
2010013
2023030
200311
110200
2030032
102010
110203
4210300
102013
1432000
401023
323200
4000201
1040002
200323
4200100
20101
1220230
1303000
3301000
330202
24202
3301003
3100300
233101
20110
3100303
442000
20113
3002002
1023010
1040020
200341
4030102
1040023
3100312
110233
143002
102043
3010204
3301021
3002014
2041300
2404000
3100321
3010210
20131
2203300
3010213
3301030
3002023
4030120
2120230
3100330
4201000
143020
2010232
3010222
20143
3002032
3103300
4201030
4231000
2322100
4000420
2222002
3010231
3043000
3002041
1302202
3302002
3003001
1013020
2023102
3302020
3010240
2232001
2010220
3130000
1003204
2031301
1010320
1200130
2240200
3003040
2232010
400033
1302220
1003213
1220302
310000
2023120
200401
2031040
2020420
102100
2010400
1003222
102103
4202200
320203
200410
1130203
20200
200413
110302
1003231
1220320
12001
3003100
2030302
12004
320230
200422
2120320
4321000
1031002
12010
20203
4120300
24301
3301102
200431
233200
2031031
4022002
110323
20212
102133
1130230
2013031
3211000
4030201
2012032
3211003
3010300
20221
3002110
3010303
20224
2400001
4030210
1033000
2400004
22300
20230
2321200
2101000
20233
2400010
2101003
1013200
2400013
1013032
1301320
2314000
3010321
20242
3002131
2113300
1023040
2400022
33040
2031010
2021020
3010330
2013010
3002140
1302301
2012020
2400031
1204000
2023201
1031020
1204003
1003300
4103020
1302310
1003303
2400040
2101033
2023210
4200022
22030
1332100
1322002
4202020
1003312
230302
2223010
401203
1203310
3331000
1240000
2031310
303103
1003321
1331002
4013002
2003020
3202000
1130302
2021320
130300
1032001
1003330
2012320
1032004
1123300
1302022
12103
1040200
2041030
1032010
1040203
1331020
1032013
20302
102223
1130320
3301201
3030001
2223100
3200002
3003400
1032022
20311
3002200
4103200
20314
3002203
4030300
4000300
1034020
1032031
20320
3420001
3010402
20323
2400100
12133
1040230
2400103
1032040
4220002
3420010
3121003
20332
3002221
1040302
4302100
1040320
2310001
1232002
1130200
2310004
20341
3002230
2430100
2011000
303040
2310010
2011003
304300
2310013
4302001
3022003
2224000
1200001
2400130
4003000
2023300
1300024
2310022
1200034
3200200
3022030
1200010
4130002
4000000
1200013
1300012
2310031
4003102
100033
1300042
2221300
331000
4001020
1200022
4001023
2310040
303001
1312000
2100304
303004
102301
1230010
1200031
4000
3200302
4100002
4003
1032100
303013
102310
1032103
1200040
102313
12202
1200043
4012
3100030
303022
1300420
430000
20401
102322
430003
3301300
4021
1202002
4100023
4022200
3002020
3203002
102331
430012
20413
3002302
12223
4100032
4033
1032130
3203011
3420100
430021
20422
3002311
12232
302032
2400202
3223000
3203020
2103040
430030
131023
3002320
3330001
2103010
2420200
2310100
2101030
1400302
2310103
3031000
1202020
3330010
3031003
2400220
1003000
1003003
2103202
2103103
2220001
3020320
331300
2220004
2201320
4030000
1200103
4022020
4030012
2220010
1302400
2330200
2220013
2201200
2101300
2134000
1102300
2310130
4102003
1204030
2220022
3031030
2232100
1120033
1323001
2312002
4102000
303100
1030030
3304000
2220031
