2304000
3000321
3
2103300
3201030
213000
3000330
213003
12300
12303
303120
21
24
3203100
30
3002400
33
340002
213030
12330
2400300
2302002
340020
2103
1030200
2003001
1030203
2003004
10302
3240000
2003010
2302020
2003013
4020300
2003022
133200
3000402
2130003
2133
1030230
2003031
10332
2003040
303201
1020003
3000420
102
1233000
303210
2001003
1032300
2300013
2130030
2013300
2300022
430200
123003
1020030
2300031
1020033
132
2001030
2300040
2001033
301200
301203
123030
3023001
2202
2003100
1030302
2003103
420000
3023010
420003
1200300
301230
1200303
1030320
2232
2003130
420030
43200
3320001
2040003
303300
2300103
3021000
201
3320010
3021003
204
4302
4002000
210
4002003
213
2040030
4320
332001
2300130
3021030
231
340200
332010
33003
4002030
240
243
33012
301302
2302200
203001
203004
33021
2304
2003202
203013
33030
301320
2313
2220300
203022
3402000
2322
330003
3201300
203031
3103002
2331
330012
203040
3320100
330021
201000
2300202
201003
300
330030
303
3230001
213300
31032
3230010
2300220
321
3400002
332100
201030
201033
330
333
33102
2034000
3400020
342
203100
203103
33120
2403
2003301
2003310
330102
2331000
203130
2130300
2430
240000
2032002
240003
330120
3013002
1020300
2300301
1020303
2202000
402
2202003
2032020
2300310
2001303
3013020
240030
324000
123300
423
1020330
2202030
432
2030001
2001330
2030004
2030010
2030013
203202
3310020
2030022
2003400
4000203
420300
2030031
322002
203220
2200023
2030040
330201
1303002
23004
3103200
330210
31203
322020
23013
4000230
2040300
23022
3222000
3021300
23031
4203000
4002300
31230
23040
320001
320004
3400200
320010
21003
320013
234000
1002003
33300
320022
2030103
320031
3220002
203301
21030
320040
21033
1002030
1002033
2030130
3220020
330300
23103
4000320
232002
31302
2032200
402000
402003
232020
1000023
31320
103002
1000032
320100
320103
103020
402030
103023
2022000
3302001
201330
2022003
230004
3310200
3302010
3003003
230013
320130
3003012
230022
2200200
2200203
2030220
3003021
2022030
230031
3130002
400020
3003030
400023
322200
3300000
2020002
3300003
3130020
2200230
3001002
240300
2020020
3300021
2020023
2403000
2202300
3300030
3001023
312000
312003
3001032
320202
3042000
3302100
230103
4023000
320220
2030301
3003102
13023
2030310
3220200
2200302
3003120
230130
2200320
3040002
310020
23301
3300102
310023
1000200
1000203
23310
3210000
3210003
3040020
3300120
2100000
2100003
1000230
2313000
1000233
1033002
320301
3210030
222000
222003
21300
320310
21303
1203000
230202
1203003
1002300
2100030
1002303
2030400
3003201
400200
3003210
400203
230220
222030
1330002
1203030
3130200
1002330
220002
1330020
400230
2020200
3300201
2020203
1000302
4230000
3300210
3001203
220020
220023
402300
3120000
304002
3120003
2020230
1000332
3001230
2010000
2010003
304020
2223000
2022300
230301
3120030
3204000
132003
3003300
230310
2010030
2010033
302004
3000
302010
3003
302013
132030
400320
3032001
3012
302022
3040200
3032010
3300300
3021
2020302
302031
3024
3202002
3001302
302040
3033
300000
3042
300003
3202020
130023
3001320
1002
312300
3030000
3030003
300021
13302
300024
3030012
300030
1023
230400
300033
3200004
3030021
13320
300042
3200013
3030030
42000
42003
302100
3200022
302103
1330200
2303001
1023003
310302
3200031
2004000
2303010
2004003
3032100
220200
220203
42030
310320
302130
3123
1023030
3210300
2004030
1320000
40002
1320003
300102
304200
2301003
2100300
2100303
210000
2002002
210003
40020
3030102
40023
300120
300123
222300
1320030
40032
3200100
2301030
2002023
3030120
2100330
210030
2002032
210033
2043000
302202
2303100
3024000
2000001
3200130
2000004
2000010
302220
2000013
220302
2000022
3202200
130203
2000031
2340000
2000034
3321000
300201
2000043
3120300
1230000
300210
1230003
300213
130230
3030201
4003002
2010300
300222
2010303
120000
3030210
120003
3022020
300231
333000
3200202
132300
1230030
300240
1233
34002
2010330
3200220
302301
120030
204000
120033
4300002
204003
2000100
302310
2000103
3020010
3020013
3312
4300020
3020022
3321
331002
130302
3020031
32001
3330
32004
2000133
3020040
32010
40203
300300
32013
300303
130320
202002
32022
2002200
2002203
3030300
32031
300321
202020
40230
202023
32040
300330
1323
3200301
30000
30003
1332
2002230
243000
42300
302400
200001
3020100
30021
3020103
30024
200010
2004300
200013
30030
30033
200022
30042
2000220
2000223
3020130
32100
32103
2000232
2033001
200043
1320300
40302
300402
3100020
3100023
3022200
2203002
210300
2002302
210303
4003200
32130
300420
2203020
2002320
2330001
30102
2031000
210330
2031003
3012000
3012003
200100
200103
4300200
3020202
30123
2000301
2000304
30132
2000310
2000313
3020220
3012030
331200
2000322
24003
200133
32202
2000331
2033100
3010002
2000340
202200
202203
1230300
24030
3010020
3010023
321000
321003
120300
120303
1302000
22002
1302003
2330100
202230
30201
1003002
30204
4032000
30210
22020
30213
321030
22023
120330
1003020
3020301
1302030
1003023
2000400
2000403
3020310
30231
1003032
323100
12
42
200223
30240
20001
1300002
324
20004
234
312
222
3100200
233001
20010
3100203
123
32301
2000430
120
420
231300
233010
3300012
1300020
2002020
32310
1300023
2031
1332000
403002
2100033
1032
1003200
202302
20031
2203200
2040
20034
4200003
4030020
2010
3100230
1020
20040
3204
3201
20043
403020
3102
2301
1302
2322000
1203
3231
3222
3213
3132
2223
3240
3303000
2340
2023002
231003
3102300
3210
4200030
30303
3120
2310
3004002
2220
2130
1320
1230
3402
30312
3420
2400
2100
2023020
200301
1200
2020320
3020400
30321
220320
102003
3004020
310230
231030
3013200
4203
200313
30330
4230
4200
10002
30012
20022
20013
10032
2320002
3020004
20100
31200
20304
20103
100032
20202
3301002
200331
233100
3012300
3100302
30222
32400
3002001
20331
200220
2320020
300132
13203
130020
3010200
200202
3002010
3010203
3301020
3002013
10323
2001300
3100320
3230100
100002
30120
3200001
20133
3002022
2000040
2133000
20130
313002
3200010
43020
10320
3031020
3002031
231000
1023000
3123000
103230
100020
20430
3010230
100023
3002040
20400
3200040
22203
313020
132000
2430000
31002
2232000
23001
30402
1003203
2031300
130200
204300
13002
3213000
2003220
220230
21000
3000012
2301000
2130000
40200
200400
423000
31023
200403
30420
3000021
22230
202320
3000024
1020000
2300001
2103003
22032
2300004
1003230
204030
12000
3000033
3200103
12003
2300010
13032
3000102
40320
1300200
31020
3000042
1300203
24300
23010
200430
13020
12030
33201
2230002
303102
3002100
100233
2103030
3002103
4030200
2310300
3031200
2000202
20220
23202
3010302
20223
2400000
12033
22302
2400003
2230020
1300032
1300230
4302000
20232
3022002
33210
200232
230040
32220
2040000
2300100
3010320
201300
3002130
3000222
321300
1200330
4003020
23220
23130
2001000
223002
400032
1302300
21330
2400030
13230
2023200
23400
100332
4020003
10020
3020001
1003302
10023
3004200
23100
3303
33000
223020
22200
13200
34020
22320
34200
24000
3023100
4000002
3100032
330000
2300400
1003320
4000020
4000023
3000123
3231000
200004
4020030
4000032
1032000
200034
300012
1032003
3000132
3103020
3102000
200031
2320200
3102003
3312000
2013003
3200310
20301
1300302
200340
3301200
200040
1023300
300204
200304
3102030
20310
1303200
300312
20313
3002202
200322
323001
3100002
1032030
100323
3420000
200310
20322
2033010
200130
2301300
2013030
100320
100200
103302
400002
100203
3002220
2020032
302001
3200400
2310000
1203300
1030002
2310003
20340
2330010
310032
301032
202032
103032
3310002
102033
2031030
2200032
203010
2200002
432000
102030
4000200
1200003
1030020
2200020
100230
1030023
201303
3000201
133002
103203
3000204
203310
2310030
1303020
1030032
103320
3000210
203400
103200
3000213
102300
1002000
303000
102000
2030100
303003
133020
310002
1200030
102303
230001
1200033
4002
130002
303012
220032
4000302
3000231
3033000
130032
4030002
230010
4200000
303021
1000002
310203
3000240
3300
430002
20403
4020
1000020
303030
4023
2230200
3203001
102330
30300
4020000
3002301
3132000
3001020
4032
320400
3203010
310200
430020
230100
3002310
3003000
1000323
3002004
301002
331020
323010
312030
100302
1200000
3330000
2001
313200
232200
2004
223200
3000000
3000003
10200
123000
3031002
10203
301020
2013
2103000
301023
2220000
400302
3000030
2220003
403200
3000312
2022
3001200
3201000
3000120
2000130
3201003
3000300
1000320
1033020
3000303
342000
2013000
2034
3030
1300320
4200300
10230
2030202
1323000
10233
43002
2043
3010032
4320000
2220030
1033200
