1024001
2
1200131
1110020
303110
4103
1032200
1024010
11
1200140
12302
4010000
221201
4010003
20
23
4100120
4121
221210
213020
131102
12320
340001
4130
4010021
41000
41
340010
41003
44
4010030
131120
2302001
41012
2101301
2003000
2302010
2003003
3031100
41021
2101310
2011202
2003012
2220101
41030
1200200
1200203
2003021
2220110
2130002
2011220
2003030
2130011
1200221
303200
1020002
1024100
101
1200230
104
4100201
4202
1020011
213101
1020014
422000
113
4100210
4211
1020020
4010102
1020023
123002
4220
1020032
131201
131
340100
134
4010120
1020041
131210
123020
41102
143
2302100
2101400
2003102
41120
2212001
2011301
2003111
2220200
2212010
2011310
2003120
1102001
1102004
2130101
1200311
1110200
1102010
1110203
1401020
1102013
2130110
1200320
2040002
1020101
1102022
1020104
2040011
4100300
4301
1020110
1102031
213200
1020113
4002002
2040020
4310
1102040
4010201
1020122
4002011
221
332000
4010210
1020131
131300
230
233
33002
1020140
41201
242
33011
41210
33020
2003201
2212100
2011400
2003210
1200401
1102100
1102103
2130200
1311002
1110302
1012001
1012004
2040101
1020200
1012010
1020203
1311020
1012013
2040110
1110320
1102130
201011
1020212
4002101
1012022
311
4211000
314
201020
1020221
4002110
1012031
123200
3400001
323
1020230
201032
3400010
3101003
332
33101
242000
201041
41300
341
33110
3101021
2204000
2003300
3101030
1401200
2122100
1102202
2032001
1012100
1012103
2040200
1221002
1102220
201101
1020302
410000
401
410003
404
201110
1020311
4002200
201113
410
1221020
413
1020320
1012130
3400100
410021
422
4121000
201131
111020
410030
431
33200
3310001
201140
3011000
3310010
3011003
3101120
2200001
2200004
2200010
2200013
2114000
2200022
1303001
1102301
2200031
1311200
1303010
1004003
2032100
1102310
2200040
1012202
1004012
1430000
1020401
201203
1004021
410102
1131002
1012220
1004030
320000
320003
201221
410120
21002
1131020
201230
3101201
21011
3310100
320021
21014
4031000
3101210
21020
320030
21023
3220001
2200100
2200103
21032
3220010
2200112
2110001
2110004
2200121
2110010
1303100
2110013
2024000
1000001
2200130
1000004
2110022
1213001
1000010
1012301
2110031
1221200
402002
1012310
2110040
103001
402011
103004
1000031
1340000
103010
111203
402020
103013
320102
201320
1041002
1000043
21101
103022
320111
230000
230003
3101300
21110
103031
320120
21113
3003002
230012
111230
103040
3011201
21122
3003011
3220100
230021
2200202
21131
3003020
230030
3130001
2200211
2110100
2110103
3130010
2200220
2020001
1000100
1000103
1004201
2020010
1213100
2020013
1012400
2110130
402101
2020022
1123001
103100
402110
103103
1131200
1123010
1000133
111302
2020040
320201
312011
13004
1000142
21200
103121
320210
21203
312020
13013
230102
111320
103130
21212
3003101
13022
230111
140000
140003
3011300
21221
3003110
13031
230120
2401001
140012
2200301
21230
2102000
2401010
2102003
3130100
140021
2200310
2110202
2102012
140030
3040001
2020100
2102021
2020103
1000202
2110220
2102030
2020112
1000211
1000214
402200
2020121
1123100
1000223
103202
312101
1000232
1033001
103211
13100
312110
13103
1041200
1000241
222002
103220
21302
13112
230201
222011
21311
3003200
13121
230210
222020
140102
21320
13130
2401100
2200400
2102102
140120
2311001
2110301
2012000
2311010
2012003
3040100
2110310
2102120
1201001
2020202
1201004
1000301
1000304
1201010
2020211
1201013
1000310
1000313
2020220
1201022
4400000
304001
1000322
103301
1201031
312200
304010
1000331
1033100
103310
1201040
13202
1000340
222101
431000
21401
13211
230300
222110
132002
13220
140201
132011
140210
132020
2102201
2311100
2110400
2102210
2012102
2221001
1201100
2020301
1201103
1000400
2221010
1000403
2020310
2012120
1000412
300002
304100
1000421
103400
1001
1201130
300011
1004
300014
4310000
214001
1010
300020
13301
300023
222200
4011002
13310
300032
3200003
132101
1031
341000
300041
1034
140300
132110
1040
42002
1043
3200021
2303000
42011
2102300
3200030
2004002
42020
2012201
2004011
2221100
2020400
1201202
2004020
2131001
2131010
1201220
300101
300104
1021001
1320011
1021004
300110
1103
4101200
300113
210002
1320020
1021013
13400
300122
210011
1021022
4220000
124001
300131
210020
3200102
210023
132200
1130
300140
1133
3200111
3110000
3110003
42101
1142
3200120
210041
3110012
42110
2000000
2000003
2004101
2213000
2000012
3110030
1402001
1201301
2000024
1402010
1103003
2131100
2000030
2000033
1103012
1320101
300200
2041001
2000042
300203
1021100
1103021
1320110
1021103
1230002
300212
210101
1103030
210104
4003001
1230011
300221
210110
4011200
210113
4003010
1230020
300230
1223
3200201
1021130
120011
120014
4130000
34001
3200210
210131
120020
3110102
120023
42200
1241
34010
210140
120032
3020003
2000102
2004200
120041
3020012
2000111
2000114
1402100
3020021
1201400
2000123
3020030
1312001
2000132
1013000
1312010
1013003
2041100
2000141
300302
1103120
202001
1021202
1013012
1230101
300311
210200
202010
210203
4003100
202013
1230110
300320
1313
1140002
1021220
120101
1013030
3401000
1322
3200300
210221
120110
202031
120113
30002
1331
1140020
210230
202040
3110201
120122
30011
1340
30014
4040000
3110210
120131
30020
3020102
30023
2000201
2000204
3020111
30032
2000210
2000213
3020120
30041
2000222
1103201
1312100
2000231
2033000
1103210
1013102
2000240
1222001
202100
1021301
202103
1230200
1222010
1403
210302
1013120
112001
112004
210311
120200
202121
112010
120203
411020
112013
210320
202130
120212
30101
1430
3311000
3110300
120221
30110
112031
30113
3012002
120230
2201000
3020201
30122
2201003
2000300
2000303
3020210
30131
3012020
2000312
30140
2201021
1304000
2000321
1103300
2201030
2000330
1013201
1222100
1021400
202202
1132001
202211
112100
112103
1140200
321002
202220
120302
22001
321011
22004
120311
3102200
22010
30203
321020
22013
120320
112130
30212
3012101
22022
3221000
3020300
30221
2201102
22031
2410001
2000402
30230
2111000
2410010
2111003
2201120
1300001
1300004
1001000
1300010
1001003
1300013
1214000
1013300
2111030
403001
202301
1300031
104000
4200002
104003
1132100
1001030
1300040
1001033
112202
4200011
104012
321101
1042001
1001042
4200020
104021
321110
22103
231002
112220
30302
22112
3004001
231011
30311
3012200
22121
3004010
231020
30320
2201201
22130
2410100
3131000
2201210
2320001
1300100
1300103
2021000
2320010
2021003
1001102
1300112
1210001
1210004
1300121
1210010
403100
1210013
1124000
100001
1300130
1001123
100004
4200101
2021030
313001
100010
1001132
100013
4200110
1210031
321200
313010
14003
1042100
100022
1210040
22202
14012
231101
100031
440000
30401
3000002
22211
4110020
14021
231110
100040
30410
3000011
22220
3000014
2402000
2201300
3000023
2103002
141020
3000032
2103011
2320100
3041000
3000041
1300202
2103020
2021102
2230001
1300211
1210100
1210103
2230010
1300220
1001213
2021120
1120001
1120004
1001222
100103
4200200
104201
1120010
313100
1120013
1001231
1034000
10001
1210130
10004
1120022
1001240
223001
10010
100124
22301
1120031
231200
4020002
3000101
22310
3000104
4020011
3000110
10031
3000113
10034
4020020
10040
3000122
10043
2103101
2312000
3000131
2111300
2103110
2013002
3000140
1300301
1202000
2021201
1202003
2230100
1300310
1001303
1210202
2013020
1001312
2140001
1120100
1202021
1120103
1001321
100202
1210220
1202030
4102001
1001330
100211
1030004
100214
10103
4110200
14201
4102010
223100
1030013
100223
22400
1120130
4020101
1030022
3000200
133001
3000203
10124
4020110
1030031
141200
100241
133010
3000212
10133
1030040
3000221
10142
2103200
3000230
2013101
2222000
2021300
1202102
1001402
1210301
1112000
1112003
2140100
1210310
1202120
301001
1120202
301004
100301
2000
301010
2003
4102100
301013
100310
1030103
100313
10202
1120220
1112030
1030112
4012001
100322
10211
2021
10214
301031
4020200
1030121
4012010
100331
133100
3000302
10223
301040
2033
1030130
3201011
100340
3000311
10232
43001
2042
3201020
3000320
10241
43010
2013200
1202201
2132000
1202210
1321001
301100
1120301
301103
100400
1321010
100403
1120310
301112
211001
1030202
1022012
10301
2111
10304
301121
211010
1030211
4012100
1022021
10310
2120
10313
301130
2123
1030220
3201101
100430
3410000
3000401
10322
2132
3201110
211031
3000410
10331
43100
2141
2300000
2300003
10340
2001002
2300012
2001011
2300021
2001014
1403000
1202300
2300030
2001023
1104002
2001032
1321100
1120400
2001041
301202
1104020
1022102
1231001
301211
2204
1030301
211103
10400
1231010
10403
301220
2213
1030310
1022120
121001
420011
121004
2222
3201200
121010
420020
121013
2231
211130
10430
3320000
2300102
121031
3021002
2001101
2300111
2210000
2210003
2001110
2300120
2001113
2210012
1100000
2001122
1100003
2210021
1313000
2001131
1100012
2210030
1014002
2001140
1100021
1100024
1022201
203003
1231100
301310
2303
1030400
1100033
1022210
203012
420101
2312
4000010
121100
203021
420110
121103
2321
330002
211220
203030
31001
2330
330011
31004
4000031
3111200
31010
330020
31013
4000040
2300201
121130
3021101
31022
3230000
2300210
2001203
2210102
31031
2001212
31040
2120003
2001221
1100102
2210120
2120012
2001230
1010000
1010003
2120021
301400
1100123
1022300
203102
412001
2402
1100132
1010021
4000103
420200
412010
113003
1010030
203120
1010033
121202
2420
330101
4000121
1010042
31100
113021
330110
31103
240002
121220
113030
31112
3013001
240011
2300300
3021200
31121
3013010
240020
2001302
2210201
31130
2202011
2001311
3140000
2210210
2202020
2120102
2001320
1100201
1100204
2030000
1100210
2030003
1100213
1010102
2120120
2030012
1100222
203201
412100
2030021
1100231
1133000
203210
1010123
2030030
1100240
322001
4000211
1010132
121301
330200
322010
23003
4000220
121310
113120
31202
23012
240101
31211
3013100
23021
240110
31220
2202101
23030
2411000
2001401
2210300
2202110
2112002
1301000
2120201
1301003
1100300
1100303
2120210
2112020
2030102
1100312
1010201
1002011
1010204
1301021
1002014
2030111
404000
1100321
1010210
1002020
1010213
1301030
1002023
2030120
4201001
1100330
4000301
1010222
1002032
113201
4201010
322100
4000310
1010231
1043000
1002041
113210
23102
1010240
232001
31301
23111
240200
232010
31310
23120
2202200
2321000
2120300
1301102
1100402
1002101
1211000
2030201
1211003
1010300
1002110
1010303
1301120
400001
2030210
400004
101000
400010
101003
4201100
400013
314000
1010321
1002131
113300
1211030
1010330
1002140
101021
400031
101024
23201
3300002
232100
101030
31400
101033
23210
3300011
3001004
142001
3001010
3300020
3001013
142010
3001022
2104001
3001031
2112200
2104010
3001040
1301201
2022101
2231000
1301210
1002203
2030300
2022110
1420001
1010402
400100
400103
1121000
1420010
1121003
1002221
101102
400112
310001
310004
1002230
11000
400121
310010
11003
310013
224000
400130
101123
23300
3300101
1121030
4021001
3001100
11021
3300110
3001103
11024
4021010
142100
11030
310040
11033
3210011
3001121
2100002
2104100
3001130
2100011
2100014
2014001
1301300
2100023
2022200
2014010
1002302
2100032
1203011
1420100
1002311
2141000
2100041
400202
1203020
1002320
1330001
400211
310100
310103
4103000
1330010
1031003
400220
101213
11102
310112
220001
220004
101222
3300200
310121
220010
4021100
220013
101231
134000
310130
11123
3210101
220022
101240
3001211
11132
3210110
220031
3120002
3001220
2100101
220040
3120011
2100110
2100113
2010002
2014100
2100122
2010011
1203101
2010014
1412000
1002401
2100131
1211300
1203110
2010023
1113002
2100140
400301
2010032
302003
101300
2114
400310
101303
1214
2010041
3002
1124
1113020
1211
1031102
1121
101312
1240001
1112
3011
220100
302021
3014
220103
4013000
101321
1240010
2411
310220
11213
302030
3023
1031120
130001
101330
1421
130004
3001301
11222
1412
3032
220121
130010
4112
3101012
130013
3001310
11231
44000
3041
220130
11120
13010
3120101
130022
3001112
2100200
20114
1200014
2100203
10121
10112
3120110
130031
203300
20411
3030002
10421
2100212
2010101
10412
22040
130040
1021040
11012
3030011
21041
2100221
2010110
12041
1203200
2010113
11042
21104
3030020
12104
2100230
11204
2201012
11201
2010122
12311
3020000
1400012
1330100
4101020
400400
14030
14210
2010131
1121300
24101
302102
21140
12140
11240
1023002
4101002
2010140
310301
11210
302111
212000
1031201
12401
212003
1240100
101042
310310
11303
302120
3113
220202
21410
1023020
12410
11420
430100
11312
14102
3122
220211
3202100
212021
24110
130103
3001400
11321
14120
3131
220220
123011
212030
102401
130112
40001
11330
201302
40004
310211
1012040
311012
3120200
130121
2301002
311201
1011200
40013
2100302
311210
24020
2002001
130130
2301011
2002004
3030101
40022
2100311
2010200
20120
2002010
2010203
2301020
2002013
3030110
40031
2100320
1100030
1004120
3021011
2010212
3012011
2002022
3011021
40040
3011012
3011102
3021110
3012110
2010221
3011210
2002031
1113200
3011120
2102
2201
100121
100112
2010230
1002122
2002040
302201
100142
200411
100421
1023101
100412
201014
310400
2120030
302210
3203
1031300
2011130
1023110
101012
302000
421001
11402
201104
3212
220301
102104
101204
122000
1023011
421010
122003
101201
3221
220310
203111
212120
202112
130202
201311
122012
201212
3230
201122
103112
200402
1014020
130211
40100
122021
11300
40103
2011010
2022020
1000034
101132
130220
2301101
122030
310031
40112
3022001
101210
101120
2002100
201401
2301110
2002103
3030200
40121
3022010
101402
201410
102410
2010302
101420
1400000
204011
40130
1400003
204101
104102
204110
2010311
104210
2002121
1101002
104120
2211020
210014
1003112
2022011
2010320
110012
2002130
110042
120104
1400021
20102
1102400
1001420
220112
210212
210122
1101020
13040
1400030
1101023
1023200
4300001
204002
400022
4000112
100034
3302
4000100
4001000
212201
4300010
4001003
421100
110132
4040
3311
220400
120140
212210
3103100
4001012
200312
122102
110120
3320
331001
210401
120401
110402
130301
210410
120410
3104000
110420
331010
32003
211004
111002
130310
130100
122120
221012
40202
213011
32012
212012
211022
211013
2301200
20000
131012
40211
3022100
32021
121022
113012
112022
111032
2002202
111023
40220
211040
32030
121040
2420000
2010401
112040
2002211
221102
212102
1400102
211301
211202
123101
2121002
1033010
2002220
113102
112301
1202012
1310000
213110
211310
1310003
123110
410012
112310
211400
1400120
121400
1011002
112400
1310012
211100
111200
114002
200000
214010
124010
200003
4300100
1310021
114020
214100
413000
3401
124100
114200
212300
1110230
1310030
1011023
141002
4210001
3410
3101102
1002212
200021
1223000
401012
200024
122201
4210010
2013011
331100
3200
200030
1000022
4001120
200033
122210
410201
3100004
410210
32102
411002
411200
241001
3100010
1022003
3100112
3100013
3102011
32111
3014000
3102101
241010
3102110
3110021
3110120
3100022
1021010
32120
2203001
1200410
3112001
3111002
2002301
3211010
3100031
2211200
3121010
2203010
3112010
3111020
2010020
2002310
3102002
3100040
1400201
3112100
14
1000124
224
1000121
1000112
1101200
212
1400210
1101203
122
140
1310102
110
2000411
440
2031002
1001024
2024
1001021
1001012
2012
1220000
1022
1013
1220003
2001104
1002104
200102
1001204
204200
3104
1304
1001201
1220012
3101
1101230
200111
110000
4001201
200114
110003
4210100
1220021
1301
1202
323000
2002112
4001210
200123
122300
311300
1220030
4100102
1110023
4120001
24002
213002
3100100
110021
30104
3100103
110024
32201
4120010
24011
241100
200141
110030
1002113
40400
3010001
32210
4010012
3010004
2030
32
3113000
1022000
3100121
3010010
303011
2203100
3010013
2310200
110033
2002400
1022030
3100130
1200212
2130020
1232
3010022
4100
2012300
2113001
221300
3140
1400300
2240
2001020
3010031
2121200
2011040
2113010
1001210
1001120
3110
1101302
2210
3010040
1003001
1310
1302011
1003004
2031101
1220
2042000
2240000
3023000
1310210
1011203
1302020
1003013
1220102
202004
1101320
200201
4301000
2001410
200204
1002410
1003022
4004000
4202000
420002
200210
1130003
4001300
200213
110102
1003031
1220120
1401002
1400
1200302
1130012
1100
200222
30200
1003040
2100104
4000202
20003
4120100
1130021
102002
200231
233000
2100410
3100202
110123
32300
200
1130030
2000120
200240
4030001
203
3100211
3010100
20021
3021020
3010103
20024
1004102
4030010
2004110
3100220
4002020
20030
1004210
3010112
20033
1112300
4400
301301
203000
14300
2300
1010024
3010121
20042
4000001
2113100
4000004
24200
1010012
1103102
4000013
3010130
20012
2140010
1302101
2122001
10022
10013
2023001
4000022
3103001
1003100
3103010
1302110
1003103
2031200
1204100
2023010
201002
302
2001200
1011302
3100400
401000
1220201
2010104
401003
200300
4010300
201023
200303
2120000
1003121
1220210
20204
1212020
2021021
1130102
3101000
1011320
110201
1003130
102011
110204
401021
102014
2021210
1040000
200321
110210
1040003
102020
110213
401030
102023
1130120
3301001
200330
113000
1040012
3100301
110222
20111
3002000
1001300
3301010
3002003
4030100
1040021
3100310
110231
143000
102041
3010202
20123
3002012
1010312
1040030
1032011
110240
2011031
4000130
3010211
20132
3002021
2032010
1120040
2202002
201200
410300
2211002
3010220
20141
3002030
3210002
300410
2012021
1010120
10220
10130
3011030
23000
1213010
1302200
1004000
2000420
2010410
2023100
1020410
1010420
1122020
301022
10100
1003202
2041010
1031012
13001
12002
102032
1421000
1002002
2031011
1003211
1220300
2021012
401102
2012012
3031010
100043
1122002
1031021
1003220
102101
1021031
1013021
311000
1130201
1000013
311003
110300
1011032
102110
110303
401120
102113
1130210
3302000
200420
2022002
1040102
2020004
110312
20201
102122
12011
3301100
311021
12014
4000400
4022000
110321
20210
102131
12020
20213
3002102
12023
1040120
3211001
110330
1011020
102140
3010301
20222
3002111
12032
400040
2400002
3001001
310022
1002200
3010310
20231
3002120
2101001
2020031
2400011
2101004
1000130
200042
1410200
20240
1201310
2101010
210032
2400020
2101013
310202
3212000
1103000
2122010
1310120
1011230
3040010
1004300
2101022
2031110
2013110
1204001
2012210
320
1031210
1003301
1000220
2101031
1212200
1021310
1204010
2020130
3210020
1013210
1003310
320300
2101040
401201
2100020
1203002
403010
3122000
4001021
120002
1331000
1031000
401210
102203
1130300
2031020
311102
22100
3001202
1031030
1032002
12200
102212
12101
1104200
1000040
221000
1040201
2012030
221003
20300
102221
12110
20303
311120
12113
1040210
3120020
1032020
1014200
102230
34100
20312
3002201
12122
14000
3211100
221021
130400
312002
3010400
20321
3002210
12131
40010
2400101
221030
1320200
40301
3121001
20330
3032000
2101100
3020
2400110
2101103
3202001
1410002
2310002
40310
3210200
3202010
1100420
1410020
1040300
2011001
200012
2310011
2011004
1042010
1041020
1000430
131000
1212002
1200002
3200000
2310020
2011013
4011020
1322000
1003400
1100042
2101130
1200011
1302002
100304
2011022
1320002
1310201
200132
104030
100232
1200020
100133
1310300
1200023
1122200
1100120
303002
200120
100220
2000021
102302
100130
4100000
4001
2100401
4100003
4004
1032101
300401
102311
1241000
1200041
4010
12203
4100012
4013
1032110
100100
102320
430001
20402
4112000
12212
4100021
4022
302300
3203000
1301012
430010
131003
3002300
12221
4100030
4031
221120
1101032
1142000
302012
20420
2123000
12230
202022
2400200
32000
4001030
1030100
3121100
131021
2121020
1110032
3102020
4001102
2101202
3100001
3000020
2310101
131030
202310
2330000
3031001
202400
102200
2011100
204020
2310110
2011103
104300
4110002
2220002
1030010
2101220
1200101
1210022
1132010
1200104
320012
1003010
2220011
1130000
1300022
1200110
1232000
1210400
1200113
1110002
3004100
2220020
3200012
311030
223010
1030001
401300
1200122
1200032
303020
303101
1300400
3201002
