320000
2
320003
3030020
3030023
333320
3320330
332300
332303
3030032
3233300
30230
23
2303000
30233
2303003
320030
20000
320033
20003
203300
203303
233000
332330
233003
32300
3020333
32303
33332
2303030
2003000
2303033
2003003
20030
20033
203330
203333
233030
233033
32330
32333
3333200
330323
2003030
2003033
3303002
3230300
30302
3230303
2300000
2300003
200300
200303
3302000
3302003
2333300
3323000
3230330
3323003
30332
2300030
2000000
2300033
2000003
200330
3003020
200333
3302030
3003023
3002000
3302033
3002003
2033300
3323030
2033303
3023000
3023003
2000030
2000033
3300002
300200
300203
3002030
3002033
2033330
3300020
3023030
3300023
3030200
3023033
3030203
2330300
2330303
3320000
3000002
3320003
300230
200
300233
333002
203
3332300
3000020
3030230
3000023
303320
3030233
2330330
303323
2030300
3320030
2030303
3020000
3320033
3020003
323300
32
230
3203303
3233000
233
33002
3233003
3032300
332
3033002
3032303
3032
3332
3302
3002
30320
330032
33302
3300032
203000
300032
2030330
203003
2300
2030333
3020030
2303
32000
332033
323330
32003
23300
300332
3233030
23303
33032
303032
3032330
303332
303302
333203
300302
330332
3330320
330302
330002
333032
333302
300002
203030
3000032
3000332
203033
2330
3000302
3003032
2333
32030
3003332
3303200
32033
23330
3303203
330020
23333
3003302
330023
3003002
323
3030302
3300203
320300
3033302
302
320303
3230000
230030
30002
3230003
3300332
3300302
3303032
3303302
302330
3330302
33233
3300230
3030332
320
3303230
3200303
200000
3323
3320
200003
2303300
3300233
30023
2303303
2333000
30323
320330
2333003
20300
320333
3230030
20303
30032
3230033
33023
33323
233300
33320
33020
233303
30020
332000
300323
300320
303023
303020
200030
330320
333023
200033
2303330
333020
2003300
332030
2333030
2003303
2033000
3000323
20330
2033003
3000320
20333
3003323
3003320
3030323
3030320
233330
3033023
3033320
3033020
3200333
3200330
3303023
330233
3303020
230003
3333020
3302303
20
3203
3233
3230
2003330
3200
3203003
2003333
2033030
33203
3000200
2033033
3333002
3000203
2300300
33230
33200
2300303
2330000
302000
303203
2330003
303233
303230
303200
330203
3303320
330230
303002
333230
3302300
333200
330200
230303
3332000
3200000
3020033
3332003
3323300
3203330
3000230
3200003
332003
3000233
2300330
3033203
2000300
2300333
2330030
2000303
2030000
2330033
3020300
2030003
3003203
3003233
3020303
3003230
3203000
3003200
3302330
323003
3002300
230333
3332030
3002303
3032000
3033230
3200030
3032003
3023300
3033200
3200033
3023303
3033032
3020330
2000330
3200300
3020
2000333
2030030
3023
2000
2030033
3330002
2003
3330203
3330230
323030
302300
23000
323033
3002330
23003
3330200
3002333
3032030
3300200
3300320
3032033
3023330
3300323
3330020
323000
230000
3330023
302003
302033
302030
302303
3320300
302333
2030
3320303
3330032
2033
3030002
230033
300020
230300
23030
300023
30200
23033
230330
30203
3203030
3203033
3203300
323303
