320000001
3
4100100
4101
120021000
102101001
320000010
12300
4110
4010001
102101010
200110101
110002200
4010010
131100
200110110
33
200020002
41001000
41001
310100010
200020011
12030000
41010
200020020
11010102
301011000
2003001
11010111
2011200
300200001
2003010
100012101
100221000
1200201
300200010
121000011
112001100
100012110
2130000
210002001
1200210
121000020
1110102
10023000
210002010
1110111
1020000
111100002
1020003
320000100
102
21201000
111100011
102101100
111
200102001
114
111100020
1020021
200110200
102011001
200102010
123
1020030
114000000
101200002
310100100
200020101
11301000
101200011
41100
141
200020110
310010001
11002002
101200020
110031000
11010201
310010010
11002011
2003100
104100000
40100001
11010210
300200100
121000101
100012200
100004010
1200300
121000110
300110001
1102002
210002100
100131000
1110201
300110010
1102011
2040000
30200001
1110210
1102020
111100101
1020102
201
30200010
204
111100110
1020111
4002000
111010002
200102100
213
21111000
111010011
102011100
222
20300001
111010020
101200101
231
212001000
20300010
20001003
101200110
240
101110002
310010100
11002101
11211000
101110011
11010300
20001021
11002110
420000000
10400001
100000002
100004100
20001030
202101000
10400010
10101003
100000014
104010000
40010001
300110100
1102101
100000023
1311000
40010010
1110300
10101021
1102110
410100000
300020001
1012002
30200100
10101030
100041000
100000041
300020010
201003
300
303
30110001
13001010
201012
111010101
102003000
30110010
201021
111010110
400200000
221000001
20300100
201030
21021000
3101001
221000010
20001102
310002000
20210001
3101010
101110101
20001111
11002200
20210010
101110110
20001120
211100001
101020002
10400100
100000101
11121000
211100010
101020011
100000110
300102000
100000113
40010100
10101111
10011000
100000122
10011003
10101120
201200001
22000002
100000131
300020100
1012101
1221000
201200010
22000011
13001100
10011021
1012110
410010000
410001
402
22000020
10011030
201111
111010200
410010
411
140100000
30020001
12100002
221000100
30020010
12100011
3101100
111021
400110000
20001201
20210100
111030
101110200
3011001
20001210
130200000
20120001
3011010
211100100
101020101
100000200
20120010
2200011
101020110
40002000
211010001
10310100
11031000
211010010
100000221
10011102
120300000
10220001
201200100
22000101
100000230
10011111
1012200
1004010
22000110
10011120
201110001
120001011
410100
1131000
201110010
120001020
111102
110400000
200000001
30020100
12100101
111111
21000
110101002
21003
200000013
12100110
20202000
12010002
110101011
20001300
200000022
12010011
110101020
21021
200000031
400020000
101012001
20120100
2200101
21030
113001000
101012010
2200110
10302000
20030001
2110002
100201011
10101300
100000311
10003002
2110011
100201020
100000320
10011201
1000002
10003011
1004100
22000200
10011210
1000011
10003020
120001101
1000014
120210000
10130001
201110100
120001110
1000023
103002
30012000
201020001
103011
200000100
200000103
12100200
1000041
201020010
103020
110101101
21102
110310000
230001
12010101
110101110
21111
3003000
200000121
110011002
12010110
20112000
122000001
200000130
110011011
101012100
2200200
122000010
110011020
100201101
100410000
100000401
20030100
2110101
100201110
100000410
10003101
2110110
130020000
112100001
2020002
100111011
10011300
1000101
10003110
1000104
112100010
2020011
100111020
1000110
201102000
1000113
2020020
103011000
1000122
103101
120120000
102200001
1000131
111300
103110
102200010
1000140
110101200
21201
200000211
230100
12010200
21210
200000220
110011101
110220000
140001
122000100
110011110
220001001
140010
20022000
2102001
220001010
2110200
2102010
100111101
31200000
300000003
112100100
2020101
100111110
1000200
210101001
100021002
1000203
300000012
2020110
10122000
112010001
210101010
100021011
1000212
300000021
112010010
100021020
1000221
300000030
21300000
102200100
1000230
200201001
21001002
200000301
120030000
102110001
200201010
21001011
21300
200000310
110003001
102110010
21001020
110011200
101000001
110003010
101000004
101000010
220001100
101000013
41010000
11101011
2102100
101000022
100103001
11101020
101000031
301020000
2012001
100103010
300000102
2020200
2012010
210101100
100021101
1000302
300000111
31110000
1201011
112010100
100021110
1000311
300000120
210011001
1201020
10032000
210011010
30000003
4101000
200201100
21001101
21210000
102110100
30000021
21001110
200111001
110003100
30000030
20100000
102020001
200111010
20100003
101000100
101000103
102020010
20100012
11101101
11310000
20100021
11101110
101000121
11011002
100103100
20100030
10200000
23000001
101000130
10200003
2012100
300000201
23000010
11011020
1201101
1410000
1000401
300000210
10200021
1201110
1000410
210011100
10200030
100140000
13100001
300003
30000102
320001000
13100010
1111020
30000111
102102000
1011
300021
1014
30000120
200111100
300030
1023
21120000
3200001
400000002
102020100
20100102
310101000
200021001
3200010
400000011
20100111
20010000
1041
200021010
20010003
400000020
20100120
101000220
11011101
11220000
23000100
20010021
11011110
300201000
121001001
300000300
20010030
10200111
10110000
121001010
10110003
210003000
10110012
1111101
201000000
201000003
13100100
10110021
1111110
30000201
1021002
201000012
1101
10110030
300111
210000
13010001
30000210
210003
201000021
1110
200103000
1113
13010010
1021020
201000030
102012000
1122
3200100
400000101
101201001
1131
200021100
101000301
400000110
21030000
3110001
101201010
1140
20010102
310011000
11003001
3110010
20010111
11011200
2000001
130000002
2000004
20010120
10200201
2000010
130000011
121001100
2000013
11130000
10200210
130000020
2000022
300111000
1103001
10110111
202020000
120100002
10020003
201000102
30201000
300201
120100011
30000300
1021101
201000111
1230000
300210
1203
120100020
10020021
1021110
201000120
111011001
1212
10020030
210111
123000000
110200002
120003
1221
200013000
110200011
20100300
1230
101000400
20002002
110200020
120021
20010201
20002011
11003100
120030
113100000
3020001
100300002
20002020
130000101
2000103
10401000
100001001
3020010
100300011
10200300
130000110
2000112
100001010
100300020
100001013
40011000
2000121
10102011
1103100
100001022
11040000
2000130
10102020
120100101
10020102
100001031
300021000
201000201
300300
120100110
10020111
100001040
120010002
1302
30111000
210201
120010011
111011100
1311
1140000
210210
120010020
110200101
120102
221001000
110200110
120111
30000
110110002
30003
20002101
20211000
110110011
20010300
20002110
301000002
110110020
100300101
130000200
101021001
2000202
301000011
100001100
100300110
100001103
113010000
101021010
2000211
301000020
10102101
100001112
100210011
10110300
10102110
100001121
10012002
100210020
120100200
22001001
100001130
10012011
201000300
103110000
22001010
10012020
120010101
111003000
1401
210300
120010110
102000000
230000001
1410
102000003
30021000
120201
230000010
112011
102000012
12101010
112020
110110101
30102
20002200
102000030
30111
3012000
220100001
110020002
301000101
100300200
2201001
220100010
110020011
101021100
2000301
301000110
2201010
110020020
100210101
2000310
211011000
100001211
100210110
210200001
31000002
100001220
10012101
10221000
210200010
31000011
22001100
10012110
120002001
31000020
120010200
120002010
103020000
200300001
21100002
230000100
112101
102000102
200001000
200300010
200001003
12101100
112110
102000111
110102001
22002
200001012
110110200
30201
110102010
22011
200001021
24000000
11200002
220100100
110020101
200001030
101013000
11200011
2201100
110020110
2000400
220010001
11200020
100001301
20031000
2111001
220010010
100001310
14100000
10004001
1300002
210200100
31000101
10012200
1001001
10004010
1300011
1001004
31000110
210110001
100030002
120002100
1001013
10131000
210110010
100030011
1001022
4200000
401000001
100030020
21100101
1001031
201021000
102000201
401000010
200001102
1001040
200210001
21010002
110102100
22101
200001111
231000
200210010
21010011
30300
22110
200001120
110012001
21010020
11200101
110020200
110012010
11200110
11110002
220010100
100001400
11110011
2111100
330000000
100112001
202000002
10004100
1300101
31000200
2021001
100112010
202000011
1001100
10000014
1001103
14010000
2021010
210110100
100030101
10000023
1001112
1210011
100030110
320100000
210020001
100002
401000100
10041000
10000041
210020010
100011
102000300
100014
4110000
200001201
200210100
21010101
100023
12003000
200001210
21010110
3000000
131000001
3000003
110012100
141000
100041
131000010
3000012
220002000
11110101
2103000
3000030
300300000
121100001
11020002
100112100
202000101
10000104
300001002
11020011
2021100
202000110
210102000
10000113
1001202
300001011
11020020
1210101
100030200
10000122
1001211
300001020
1210110
111200001
1120002
10000131
210020100
100101
100104
111200010
1120011
10000140
100110
320010000
100113
10002
200001300
102111000
100122
10011
10014
110004000
101300001
100131
131000100
3000102
10023
101001000
101300010
101001003
100140
3000111
310110000
200030001
101001012
11110200
10041
200030010
101001021
100104000
121100100
11020101
101001030
202000200
10000203
300001101
11020110
300210000
121010001
100022100
1001301
300001110
1210200
121010010
10000221
1001310
30300000
111200100
1120101
10000230
100200
30001002
100203
1120110
111110001
1030002
30001011
100212
10101
10104
111110010
1030011
30001020
100221
10110
20400000
302000001
110000004
100230
102021000
3000201
302000010
110000013
101001102
101210001
3000210
20101011
200030100
110000022
101001111
101210010
20101020
110000031
310020000
100100001
100100004
110000040
100100010
100100013
10000302
300001200
10201011
121010100
100100022
10000311
1001400
10201020
100100031
231000000
1112001
103000002
13101000
1112010
103000011
30001101
100302
30210000
2001
301011
103000020
1030101
30001110
100311
10200
2010
10203
301020
2013
1030110
221100000
111020001
302000100
2022
110000103
3201000
400001001
111020010
3000300
20101101
2031
200022000
101001201
400001010
101210100
20101110
2040
110000121
20011002
211200000
32000001
110000130
20011011
100100100
100100103
32000010
20011020
10201101
10410000
10000401
100010004
10201110
100100121
10111002
100010013
201300000
22100001
100100130
10111011
1112100
103000101
100010022
201001002
10111020
301101
103000110
100010031
300030000
100401
201001011
2100
301110
2103
1030200
100410
201001020
10302
30120000
12200001
211011
111020100
10311
2121
110000202
400001100
20101200
2130
110000211
101001300
3111000
110000220
20011101
20220000
2300001
32000100
20011110
2001000
130001001
2300010
2001003
211110000
101030001
130001010
100100211
2001012
100010103
101030010
100100220
10111101
10320000
210000003
22100100
2001030
103000200
120101001
10021002
210000012
201001101
201210000
22010001
120101010
10021011
1022100
210000021
201001110
2202
110120100
10021020
211101
210000030
101220000
200100000
10401
21000210
200100003
12200100
210021
211110
210012
120012
110201001
10410
112001001
2220
110000301
10100001
1201002
30030000
12110001
110201010
121011
11100210
200100021
110000310
101101011
1004001
20003001
12110010
2010021
121020
11220
200100030
1020012
20011200
203000001
20003010
1032
2300100
1022001
2100021
2100012
3021000
100301001
203000010
42000000
130001100
100100301
2001102
1200012
20130000
2210001
100301010
100002003
101030100
20022
100100310
2001111
2100102
10103001
100010202
1200102
100002012
100010010
2100120
11000031
10111200
1100001
10103010
100010211
1100004
100002021
210000102
1200120
11000040
10101102
1100010
1202001
120101100
1100013
100002030
210000111
201001200
300102
1110120
20310000
22010100
11010012
10021110
11012001
210000120
120011001
1101300
10001004
10001001
2301
1020300
1100031
132000000
10002012
120011010
103200
10001022
201120000
200100102
301200000
1100040
4200
10102002
4000011
110201100
121101
10011012
200100111
200010000
10010112
102201000
200010003
4000020
10010004
121110
10010001
200100120
110111001
31002
10010121
20003100
20010012
10020012
1001220
122100000
12020001
110111010
31011
203000100
200010021
21000300
11000103
2013000
301001001
12020010
40100010
100301100
10010010
200010030
10020201
101022000
2001201
301001010
321000000
2210100
100000212
100002102
10020210
10020120
100211001
2001210
200000202
10103100
100010301
10010220
100002111
20040000
2120001
100211010
10021101
1100100
20021001
100010310
1100103
100002120
210000201
2120010
20012001
110000010
101220
10013001
101000202
22002000
1010001
210000210
10013010
1010004
10040001
10040010
10200012
20100201
1100121
1010010
10200102
120011100
1010013
20100210
10200120
10140000
20201001
1100130
20102001
2000031
4000101
1010022
10202001
230001000
200100201
102001002
10310001
10310010
10220010
4000110
1010031
12102000
21101001
200100210
102001011
11000004
12101001
200010102
12011001
1010040
111101100
21000012
12000021
102001020
31101
12000012
200010111
240000
21000201
310000002
10010400
12020100
10131
31110
11101200
200010120
110021001
11000202
310000011
301001100
21000120
12000210
12000120
2202000
12001101
110021010
11000211
2001300
12001011
31001001
21002001
13001001
100002201
12002001
12001002
100211100
21002010
12002010
12001020
100010400
21002100
300100002
21001200
2120100
12002100
12001200
310020
210201000
100121001
1100202
300100011
10013100
22010010
1110030
121000200
112110000
2030001
31001010
1100211
300100020
13002000
400010100
1010103
120003000
102201
2030010
1011021
1100220
1020201
1020210
120210
303000000
1021011
1022010
111000003
101400
10110201
10101201
1101201
200301000
1010121
10110210
10202010
200100300
102001101
1202010
10202100
102210000
1202100
21101010
111002001
11100120
111000021
102001110
10210110
110103000
200010201
10220100
200002011
200100012
100220100
111000030
11011011
101100000
11012010
200010210
101100003
200002020
310000101
12011010
12021000
140010000
11201001
3010020
2004000
110021100
11000301
310000110
212001
101112
101001
11201010
10100400
1011012
101100021
11000310
1010112
220011000
110112
11000130
20010210
100002300
101120100
101100030
10111110
2112000
104000001
40000002
10101012
10100112
300100101
1101012
1100112
10110102
1301001
104000010
40000011
31001100
1100301
300100110
100102200
1002000
1104000
1301010
1002003
2030100
10201002
1100310
122010000
210111000
100031001
1010202
300010011
1002012
100000302
104100
10210002
112020000
21200001
30100002
1010211
300010020
1002021
111000102
11001012
401001000
11000112
212100
30100011
21101100
11001120
1002030
111000111
102001200
11000001
100201200
11000400
30100020
200002101
110004
10100004
200211000
21011001
100000140
1020120
200010300
120120
200002110
1220010
102120000
411000
21011010
101011200
10110120
1101120
101100102
11111100
310000200
10130010
301002
20200011
11201100
10210020
2210010
101100111
101010000
21200010
12200010
101010003
20200020
10100010
11000121
11010120
101100120
11111001
12010020
22100010
101010012
11000010
111012
1201200
23100000
42
11111010
2112
104000100
40000101
11012100
101010021
300100200
202001001
40000200
10300011
1301100
211002000
40000110
1110021
2022000
1110012
202001010
1111011
10300020
10001013
1002102
1002210
110100021
1211001
101100012
103010100
100031100
1010301
300010110
1002111
13200000
410000001
400002
11100012
100120011
30100101
1010310
10001031
210021000
111000201
410000010
400011
101004
1100022
30100110
111000012
10001040
11000022
30010002
11000013
400020
101013
24
21
200002200
12
101011020
30010011
21011100
111012000
101022
201101001
3300000
400100001
10101210
1101210
30010020
20200101
10201200
101031
131001000
101100201
400100010
210000000
21200100
10100100
20200110
30
102030000
11000100
20110002
3001011
101301
101202
101010102
3011100
100010001
200031000
100121100
20110011
3001020
110130000
100031010
101010111
11100201
11013000
211000002
20102010
20110020
10300101
100000011
312000
121101000
11021001
1010220
211000011
202001100
11400000
10300110
10001103
23010000
300002001
11021010
110220
211000020
3020100
110100120
101100210
300010200
1002201
300002010
10210011
1211100
2000040
101101002
420000
1010400
10001121
201100002
111000210
410000100
400101
111000120
11000220
30100200
1121001
10001130
201100011
111000300
321
400110
101103
13110000
312
310002
132
201100020
30010101
210
120
21003000
11001
1100400
310011
11004
420
30010110
21010200
204000000
140000001
11010
12000003
400100100
11013
1012011
1111002
101301000
11100300
140000010
20001012
101100300
3001101
11022
12012000
3210000
400010001
101002002
11001000
1104
20110101
3001110
11031
11103000
101010201
400010010
101002011
23001000
104001
12000030
14001
2100000
130100001
20020002
2100003
101002020
211000101
1013001
113001
10300200
112002
130100010
20020011
11021100
111101001
211000110
101102001
11102001
11101002
10001202
10020000
300002100
10210101
2001021
100110120
1203000
100001004
2004
10001211
1002300
1002
2100030
1013010
1012020
120200001
10120002
113010
10001220
201100101
11102010
1103010
400200
111002010
120200010
10120011
1121100
10000212
201100110
11003010
11002020
30002001
201010002
320010
10120020
310101
10140
3012
30010200
1031001
30002010
201010011
11100
1020
310110
11103
13020000
110300001
1031010
2211
140000100
11102100
12000102
10102200
110001000
1102200
110300010
110001003
111002100
111001200
100002000
12000111
3001200
11121
100001202
121200
110001012
101002101
3102
3210
101211000
13110
11130
2310
101010300
110001021
101002110
1320
3120000
100400001
2400
1200
130100100
20020101
110001030
20110200
100101000
11004000
100400010
100101003
100004001
4002
20020110
2100111
2010000
130010001
20000310
2010003
100101012
10001301
10212
10122
10210200
10221
130010010
12120
2010012
100101021
10001310
101001210
2000100
1320000
10120110
1121010
120200100
10120101
100101030
100010112
201100200
103001001
21012
20112
11112
10113
2010030
210030000
121002
120110001
10030002
10001010
30002100
201010101
110120001
101120001
3000
130200
120110010
10030011
1031100
102000210
201010110
100000032
2010120
311000001
11202
110111100
10030020
220101
100010121
20121
111021000
12000201
311000010
11211
11040
3021
110001102
21120
400002000
110210001
130002
110120010
20102100
101120010
3030
110001111
101002200
213000
110210010
130011
20101002
1120020
11030010
200010012
110001120
301100001
4010100
100020012
100400100
30021
30012
201020100
101121000
2100201
301100010
20013
10032
100010040
100101102
122001000
3030000
100310001
2100210
101101020
130010100
10020
2010102
100101111
10001400
100230000
100310010
100011003
10101000
10130100
10120200
2010111
240000000
10112001
112000002
1120200
100011012
11020200
12011100
101111100
22101000
310200000
10112010
112000011
103001100
100011021
100101300
100020210
100020120
201002001
100010220
30210
120110100
10030101
100011030
30120
201010200
20310
201002010
20220
20130
10320
10030110
10230
230100000
120020001
102100002
100122000
311000100
11301
200202000
3111
12201000
13101
120020010
102100011
12000300
13011
11310
14010
3120
110001201
11022000
200012001
110210100
130101
100022001
100013001
402000000
32001
110001210
23001
13002
2121000
130110
100022010
220200000
41000001
40002
100013010
301100100
401010000
32010
31020
2301000
23010
41000010
40011
2100300
22020
13020
200000400
130002000
301010001
2002002
32100
100310100
31200
23100
13200
101031000
2010201
301010010
2002011
24000
12000
100011102
100120110
210300000
31100001
2010210
201120
10112100
112000101
100040001
100011111
100040010
40020
31100010
213000000
42000
101121
112000110
102120
120102000
10022001
101010
210001011
201002100
103200000
100101201
201201
10030200
111201
10022010
101211
210001020
10000002
111210
102210
200400000
3201
112200
110000001
120020100
102100101
101100
212010
11400
1211010
200101002
120000210
11210100
100100112
102100110
200112
110202000
122001
102010002
200101011
110001300
101201100
210102
201102
12111000
102300000
122010
102010011
200101020
20200200
211002
301200
20004000
11300001
1210002
1400001
41000100
40101
220011
200121
203001000
101040
11300010
11001003
100101120
210120
40110
111120
220110000
110030001
110130
101130
301010100
2002101
211020
204000
2211000
1210020
100003002
1400010
2010300
11001021
2002110
101000040
411000000
100011201
100200012
100003011
31100100
300012
11001030
200022
112000200
200120001
100011210
1101003
100003020
210001101
100032
100100040
210210000
31010001
220020
140100
10022100
100020
210001110
222000
100101210
201210
31010010
101310
110400
1101021
211200
1400100
401100000
11300100
11200200
103001010
3300
100200102
1101030
100100202
102100200
4001001
30102000
200202
200103
200101101
100200210
100200120
200310000
21110001
4001010
300120
122100
102010101
200101110
10203000
200220
200130
21110010
100320
100100400
200400
102010110
200100
110112000
20000001
20020200
200011011
20000004
10010130
202101
202011
40200
202110
20000010
104010
200011020
20000013
11001102
113100
301002000
11210001
11202000
100202001
110030100
100201002
20000022
11001111
2002200
302001
11210010
203001
202002
100003101
100203000
20000031
100212000
202100001
100202010
110010120
100011300
302010
100003110
203010
20000040
202020
202100010
211010100
100202100
10100013
1101102
302100
210001200
1310001
203100
202200
31010100
201300
10100022
1101111
1011000
102300
1310010
1011003
201000
101101200
100120101
10100031
141000000
200001
13000002
100121010
200004
10040100
221010
220110
10100040
110200200
200010
13000011
4001100
200013
100220001
100210002
200101200
102002001
100130001
100120002
13000020
320001
1011030
220002
102010200
200120010
102002010
100220010
100130010
200011101
100120020
200031
131100000
21020001
3100002
200200200
20000100
230010
200011110
20000103
200040
310001001
21020010
3100011
210030
121002000
130020
20000112
110022000
11001201
310001010
100210200
3100020
10000410
100130100
100120200
320100
20000121
11001210
310200
40020000
310100001
220200
110121000
100003200
11120001
20000130
120300
202100100
111102000
321000
10100103
110040000
300101001
11120010
13011000
132000
123000
2001120
121000002
31002000
202010001
300101010
120000
1310100
1401000
1111200
31101000
2031000
10100121
202010010
100023000
221010000
10010013
1011102
402000
111300000
1220001
10100130
102011010
100040100
13000101
10010022
1011111
30000012
100010100
111001002
1001121
100020300
1002120
13000110
10010031
21102000
110001
1001010
111001011
102002100
100010130
230010000
10002000
10010040
200003001
110010
101010210
111001020
110013
1021200
1010100
200011200
101101101
200003010
31011000
21020100
3100101
110022
101011011
31020000
220020000
20000202
101112000
310001100
2011011
3100110
110031
200130000
101102010
3010002
20000211
11001300
201000210
121200000
3001002
110040
101102100
211020000
3010011
20000220
102010020
200020200
1212000
200012010
111201000
10230000
1101000
11120100
21100020
101110020
12110100
104001000
40001001
10100202
1030020
300101100
100000020
101000112
100014000
121110000
11030001
40001010
10100211
202010100
111100200
21110100
10010103
101020020
300011001
1003002
101111001
10100220
112200000
2110020
200012100
312000000
1011201
300011010
120000003
1220100
20121000
330000
330
13000200
30101001
1011210
212000001
120000012
111001101
121011000
220101000
111210000
1130001
30101010
200211
110100
120000021
111001110
110103
10001100
100000104
1130010
201030000
200003100
202011000
120000030
101010120
302100000
20001
101001120
110100003
20004
1011120
1010130
1001130
3100200
110121
20010
2111010
110100012
20000301
2101020
2011020
101310000
310000020
20201010
102100020
111000
3010101
101101110
1041000
111003
10002210
101011002
200004000
100002210
12100020
110100030
20031
200040000
113000001
211101000
100200003
210000300
102000021
40100100
3000021
20040
10301001
113000010
10212000
40001100
10100301
111000000
1000032
202002000
2200002
10301010
10002003
11030100
100200021
10100310
100000203
200002002
1000020
10010202
101000211
300011100
1003101
100200030
20021100
121020000
103100001
110030010
10010211
1011300
10002021
120000102
300012000
410001000
401001
103100010
120001002
30101100
200301
10002030
120000111
102000
2101200
401010
102003
1130100
200000004
200310
200000010
120000120
30011001
110202
100013100
102012
120012000
300010002
40000020
111120000
1040001
30011010
110211
20100
102021
110100102
20103
400101000
200000040
1040010
130110000
20201100
102000120
102030
110100111
302010000
3002001
101000310
110010003
4011000
20030010
3000120
33000000
3010200
20111001
3002010
20200002
110010012
101011101
2000220
103101000
32100000
1000320
20111010
22200
113000100
110010021
101011110
311100000
10300002
211001001
100113000
101010030
10301100
1003011
110010030
100200111
100110000
200000112
211001010
100110003
300010101
1003110
10002102
1013100
300003000
10211001
1014000
14001000
100110012
10010301
100111002
10002111
22200000
200121000
10211010
101003010
103100100
100110021
10010310
311010000
10002120
120000201
2002020
1003020
401100
41100000
100110030
112002000
1122000
103010001
201101010
301110000
1003200
101004000
102102
100320000
210010200
311001
103010010
20020020
30011100
110301
3010110
102111
12300000
201012000
311010
12003
1040100
10000020
110310
20013000
140001000
110100201
20202
111111000
12012
100111200
201010020
302001000
111030000
101020200
110100210
20211
3002100
12021
110010102
40110000
400011000
101003001
30000000
211000200
20111100
1032000
12030
110010111
2400000
1023000
220000002
100200000
20012100
212100000
1113000
20012010
130101000
100200201
2101002
220000011
211001100
110000100
3003
1300110
32010000
202200000
20021010
2101011
220000020
110300100
100110102
3110100
10311000
10002201
1302000
101300100
10211100
300000
2200020
100110111
100020000
1300020
210100002
100020003
100011000
101200200
4000002
1300200
120201000
10121001
212010000
210100011
201101100
112000020
101202000
3102000
22110000
202110000
10121010
1200000
210100020
100020021
111101010
4000200
30003000
201011001
4020000
20110110
311100
10000101
100020030
10000011
21000000
210001002
201011010
21000003
10000110
100011120
12102
22011000
110301000
221001
10021200
200200011
110100300
20301
10010100
12111
12210000
111011010
110002002
110110110
200200020
21000021
12001110
100302000
20103000
110010201
11110110
110002011
101003100
13010100
21000030
40200000
203100000
10104000
110010210
11100003
110002020
220000101
101400000
11010000
100401000
400000200
10020300
21100011
100200300
2101101
220000110
21100110
2310000
110000112
100102002
10001112
101111010
11100021
2101110
200011002
130011000
100110201
2011002
100102011
10002300
212000010
11100030
40101000
101040000
14000001
100110210
1200003
100102020
210100101
100020102
210120000
11110020
222000000
14000010
121100010
10121100
30030
210100110
100020111
103002000
114000
210010002
300120000
100021200
1200021
10000032
200220000
303000
10031001
212000100
210010011
201011100
201201000
1200030
11112000
22020000
4100001
10031010
200120100
210010020
200200101
21000102
10003200
311001000
12201
4100010
4011
221100
21100200
200200110
21000111
20400
200112000
200110002
101103000
4020
110002101
10000320
110000400
110211000
131001
20000400
200110011
110010300
10000200
110002110
11100000
12120000
10014000
131010
21012000
200110020
131010000
11100102
10113000
301101000
201111000
120001200
30001200
20001000
100032000
101130000
11100111
203010000
301000200
300000000
11010003
110100000
100102101
200300100
210012000
100311000
110013000
110010000
30110100
100110300
2011101
100102110
12000000
2220000
202000020
100012002
20301000
14000100
11010021
2011110
33000
210100200
100020201
112101000
100012011
112011000
14100
11010030
1200111
1110000
120000300
112001010
1110003
100012020
210010101
200200002
32001000
201003000
12210
120111000
111110100
10031100
220000200
210010110
120000000
