10240000
1
4
210010120
213001
10
311001100
13
221200
120021010
12001300
22
110002201
131101
31
110010400
310100002
131110
220201000
41001001
41002
310100011
20013100
2302000
41001010
41011
310100020
11010103
41020
101032000
2220100
14000200
100221001
210100300
112001101
2130001
100221010
112001110
120103000
210010201
2130010
210002011
111100000
210010210
111100003
210002020
103
200401000
21201001
213100
102310000
21201010
111100021
121
110002300
111100030
131200
114000001
130
310100101
114000010
41001100
41101
310100110
11002000
310010002
11002003
41110
220111000
11010202
310010011
11002012
2212000
40100002
11010211
310010020
11002021
411001000
1401001
40100011
100221100
11002030
112001200
1401010
40100020
210002101
100131001
210010300
210002110
43000000
2040001
100131010
111100102
120013000
202
21201100
111100111
111010000
111010003
214
200311000
21111001
123100
223
102220000
20300002
114000100
111010021
310100200
33001
20300011
111010030
41200
241
33010
20300020
310010101
11002102
11010301
310010110
11002111
100000000
100000003
40100101
11010310
100213000
10101001
1401100
40100110
2122000
10101010
100000021
210002200
1311001
40010011
100131100
100000030
410100001
1311010
2040100
10101031
141001000
100041001
410100010
301
304
100041010
13001011
310
313
21111100
111010111
3400000
322
20300101
200221000
21021001
331
33100
20300110
102130000
310002001
21021010
340
310010200
11002201
310002010
20210011
11010400
211100002
20210020
100000102
40100200
211100011
10101100
100000111
23110000
100000114
211100020
40010101
100123000
10011001
100000123
1311100
40010110
2032000
10101121
10011010
410100100
10011013
1221001
10101130
111100300
100000141
10011022
400
410010001
410002
403
13001110
10011031
21103000
111010201
410010010
410011
412
12100000
140100001
111010210
12100003
410020
421
101401000
140100010
21021100
430
3310000
310002100
20210101
200131000
11002300
12100030
102040000
20120002
211100101
100000201
20120011
100000204
211100110
40002001
211010002
20120020
100000213
1303000
40002010
211010011
10011100
100000222
10011103
23020000
120300001
211010020
100000231
100033000
120300010
1221100
100000240
10011121
410010100
410101
1131001
10011130
111010300
410110
320002
140100100
12100102
110101000
200000011
200000014
12100111
12010000
20202001
12010003
200000020
200000023
101311000
20202010
12010012
110101021
3220000
20120101
110101030
200041000
200000041
100000300
12010030
100000303
113001010
40002100
211010101
10003000
20030011
211010110
1000000
100000321
10011202
1000003
20030020
1213000
100000330
10011211
1000012
10003021
410002000
402001
10011220
1000021
10003030
111002200
402010
1131100
1000030
1000033
320101
200000104
1041001
311100010
320110
200000113
230002
140010100
12010102
110101111
110011000
200000122
230011
12010111
110101120
20112001
200000131
230020
101221000
20112010
200000140
110011021
3130000
100410001
100000402
20030101
110011030
211010200
100410010
100000411
20030110
240100000
112100002
100000420
10011301
1000102
10003111
22201000
112100011
10011310
1000111
10003120
1000114
112100020
1123000
1000123
312001
311100100
320200
312010
200000203
12100300
1000141
140002000
311010001
12002002
200000212
230101
12010201
311010010
12002011
200000221
230110
220300000
41100001
140002
20112100
200000230
110011111
2401000
41100010
140011
110011120
20022001
140020
101131000
20022010
3040000
100320001
300000004
112100101
10011400
1000201
210101002
1000204
300000013
112100110
240010000
112010002
210101011
1000213
300000022
22111000
112010011
210101020
1000222
300000031
21300001
312100
1000231
300000040
21300010
200000302
1000240
120030001
311010100
12002101
200000311
230200
110003002
12010300
12002110
20104000
110011201
101000002
110003011
41100100
140101
11101000
110011210
101000011
110003020
101000014
100402000
41010001
20022100
101000023
2311000
41010010
11101021
411100000
300000100
11101030
300000103
101041000
101000041
1000300
210101101
1000303
300000112
100230001
14001010
112010101
210101110
1000312
300000121
210011002
112010110
304000
30000001
300000130
210011011
30000004
22021000
1000330
210011020
30000013
311002000
200000401
222100
30000022
12002200
200000410
110003101
30000031
212100001
110011300
101000101
110003110
101000104
212100010
101000110
20014000
101000113
41010100
11101111
11011000
101000122
11011003
100312000
10200001
101000131
10200004
2221000
300000202
14001100
10200013
210101200
1410001
1000402
300000211
100230100
11011030
112010200
1410010
1000411
300000220
210011101
10200031
141100000
100140001
13100002
30000100
210011110
30000103
1000
100140010
13100011
30000112
13100020
30000121
1021
110003200
21120001
30000130
400000003
212100100
1030
101000200
310101001
21120010
101000203
400000012
41002000
212010001
310101010
101000212
400000021
42010
101000221
400000030
121300000
10200100
101000230
11011111
300000301
100222000
10110001
1410100
300000310
2131000
210003001
10110010
10110013
210011200
201000001
210003010
201000004
13100101
10110022
201000010
201000013
13100110
10110031
141010000
13010002
30000211
201000022
1111
10110040
1114
13010011
30000220
201000031
124000
1123
21120100
400000102
114001000
310101100
101000302
400000111
200230000
21030001
42100
1141
101000311
400000120
310011001
11003002
130000000
11011201
2000002
130000003
40101001
11011210
2000011
130000012
2000014
300000400
40101010
10200211
2000020
130000021
2000023
210003100
130000030
2000032
10020001
1320100
201000103
13100200
2000041
10020010
30000301
201000112
1201
10110130
1204
13010101
30000310
201000121
1210
1213
13010110
10020031
21112000
201000130
110200003
1222
10020040
400000201
111011020
1231
212002000
101000401
400000210
21030100
110200021
1240
101000410
310011100
11003101
110200030
200140000
113100001
11011300
2000101
130000102
2000104
113100010
40101100
10200301
2000110
130000111
10102000
2000113
10102003
100001014
130000120
40011001
2000122
100001020
100001023
1312000
40011010
2000131
10020100
10102021
10020103
410101000
201000202
2000140
10102030
312010000
100001041
201000211
1300
1303
13010200
10020121
13002010
201000220
111011101
42100000
1140001
10020130
111011110
1321
1140010
400000300
110200111
110110000
1330
110110003
310003000
20211001
110110012
301000000
20211010
301000003
113100100
110110021
2000200
130000201
2000203
301000012
100001101
110110030
100001104
113010001
130000210
2000212
301000021
100001110
100001113
113010010
40011100
2000221
301000030
10102111
22300000
100001122
10012003
2000230
10102120
10020202
100001131
10012012
201000301
1222000
10020211
100001140
10012021
201000310
410011000
411001
1402
10020220
10012030
111011200
102000001
411010
1411
102000004
140101000
110200201
102000010
230000011
1420
102000013
42010000
110200210
12101011
230000020
102000022
20211100
102000031
110020000
110020003
301000102
102000040
20121001
211101100
2000302
301000111
101230000
20121010
100001203
113010100
110020021
2000311
301000120
211011001
100001212
110020030
2000320
211011010
31000003
100001221
10012102
120301000
210200011
31000012
10020301
100001230
10012111
22210000
210200020
31000021
10020310
10012120
411100
31000030
213100000
102000100
230000101
102000103
200001001
110200300
12101101
230000110
102000112
321010
200001013
12101110
140011000
102000121
12011002
110102011
200001022
11200000
102000130
11200003
110102020
110020102
200001031
301000201
20121100
110020111
113002000
2000401
301000210
11200021
100001302
110020120
20031001
2000410
211011100
11200030
100001311
101140000
14100001
20031010
210200101
31000102
100001320
10012201
14100010
10004011
210200110
31000111
10020400
10012210
1001011
10004020
1001014
403000
210110011
1001020
1001023
22120000
401000002
210110020
230000200
102000202
401000011
321100
200001103
213010000
1001041
102000211
401000020
110102101
200001112
231001
102000220
12011101
110102110
200001121
231010
12011110
20113000
110020201
200001130
110012011
301000300
11200111
11110000
110020210
11110003
110012020
211003000
100001401
20031100
2320000
330000001
100001410
202000003
14100100
10004101
210200200
31000201
330000010
202000012
1001101
11110030
1001104
14010001
112101010
210110101
1001110
1001113
14010010
202000030
100000
210020002
100003
401000101
120121000
210020011
100012
102000301
401000110
22030000
200001202
1001140
100021
102000310
311011000
12003001
200001211
231100
100030
12011200
3000001
131000002
200001220
110012101
41101000
141001
3000010
131000011
110020300
3000013
110012110
141010
131000020
3000022
20023000
11110111
11020000
11020003
330000100
202000102
3000040
300001003
112101100
202000111
2230000
210102001
1001203
14010100
11020021
202000120
112011001
210102010
1001212
300001021
11020030
111200002
1001221
300001030
401000200
111200011
210020110
100111
102000400
100114
10003
111200020
200001301
223000
100123
12003100
200001310
114100000
110004001
3000100
131000101
3000103
110012200
101001001
110004010
11200300
100141
131000110
3000112
310110001
101001010
101001013
41011000
3000121
310110010
11102011
101001022
40200001
3000130
11102020
11020102
101001031
202000201
40200010
300001102
11020111
101001040
202000210
210102100
1001302
300001111
100231000
112011100
1001311
2140000
111200101
30001000
100201
210012010
30001003
100204
111200110
111110002
30001012
100213
10102
21211000
111110011
30001021
100222
10111
430000000
20400001
302000002
110004100
30001030
100231
212101000
3000202
302000011
101001100
101001103
114010000
3000211
302000020
11102101
101001112
3000220
10141
11102110
101001121
100100002
40200100
10201000
11020201
101001130
100100011
202000300
100100014
300001201
11020210
100100020
100100023
1411000
1001401
300001210
10201021
410200000
231000001
1001410
103000003
210012100
10201030
100141000
100100041
231000010
100300
30001102
100303
13101010
103000021
30001111
100312
10201
2011
10204
111110110
30001120
100321
111020002
2020
302000101
2023
21121000
400001002
111020011
3000301
302000110
310102000
20310001
101001202
400001011
111020020
3000310
10231
212011000
2041
20310010
101001211
400001020
10240
211200001
32000002
310020100
100100101
100100104
211200010
32000011
11020300
100100110
100100113
100010002
300001300
10201111
10111000
100100122
10111003
100010014
210004000
40020001
100100131
231000100
103000102
100010023
201001000
40020010
201001003
13101100
10111021
103000111
410110000
30001201
100402
201001012
2101
10111030
103000120
100010041
30001210
100411
10300
201001021
2110
10303
140200000
2113
12200002
100420
111020101
201001030
302000200
2122
12200011
400001101
111020110
3000400
10321
2131
20310100
101001301
400001110
21031000
10330
2140
101001310
310012000
20220001
211200100
32000101
100100200
2001001
130001002
100100203
2001004
32000110
40102000
211110001
2001010
130001011
100100212
2001013
100010104
211110010
130001020
100100221
100010110
120400000
402000001
40020100
100100230
10111111
10021000
103000201
402000010
10021003
201001102
2001040
103000210
100010131
30001300
201001111
1231000
2203
13011100
10021021
201001120
200100001
10402
200100004
12200101
10021030
111020200
200100010
10411
200100013
12200110
400001200
12110002
110201011
10420
200100022
101001400
12110011
110201020
200100031
331000000
203000002
11004100
113101000
203000011
2001100
130001101
100100302
2001103
100002001
211110100
130001110
100100311
2001112
100002010
100010203
100002013
100100320
2001121
1100002
10103011
402000100
100002022
2001130
1100011
103000300
100010221
1100014
100002031
120310000
201001201
1100020
100010230
1100023
13003000
201001210
2302
311200000
132000001
4000003
200100100
200100103
1141000
1100041
132000010
4000012
110201101
200100112
200010001
200010004
12110101
110201110
200100121
110111002
200010013
4000030
140020000
200100130
110111011
203000101
200010022
301001002
12020011
110111020
203000110
200010031
130001200
100100401
2001202
301001011
100002100
100002103
113011000
100100410
2001211
301001020
10103101
100010302
100002112
112200001
211020100
1100101
10103110
100010311
1100104
100002121
112200010
1100110
100010320
1100113
100002130
10013011
201001300
1100122
1010011
10013020
1010014
120220000
2401
1100131
132000100
4000102
1010023
102001000
230001001
200100202
102001003
1100140
4000111
311110000
12102001
230001010
200100211
102001012
200010103
12110200
1010041
12102010
200100220
110111101
41200000
240001
12020101
110111110
203000200
200010121
240010
301001101
12020110
20122000
200010130
110021011
2001301
301001110
100002202
110021020
2001310
211012000
100010401
300100003
20040100
1100200
210201001
100010410
1100203
100002220
10013101
112110001
210201010
31001011
1100212
300100021
10013110
1010104
112110010
31001020
1100221
300100030
21400000
303000001
1100230
4000201
303000010
230001100
200100301
102001102
200002000
4000210
200002003
12102100
200100310
102001111
110103001
200010202
200002012
102001120
101100001
110103010
200010211
240100
200002021
12020200
101100010
200010220
101100013
200002030
301001200
11201011
110021110
2001400
11201020
100002301
101100031
232000000
104000002
300100102
14101000
104000011
210201100
31001101
1100302
300100111
100330000
1002001
300010003
112110100
31001110
1100311
300100120
210111001
1002010
1010203
300010012
1002013
30100000
112020001
210111010
30100003
303000100
300010021
1002022
401001001
112020010
4000300
1010221
300010030
1002031
21310000
102001201
401001010
30100021
200002102
1002040
102001210
110103100
200010301
30100030
200002111
120040000
33000001
101100100
200010310
101100103
200002120
110013001
33000010
11201101
110021200
101010001
110013010
101010004
11201110
101100121
101010010
101010013
41020000
101100130
10300003
104000101
101010022
330001000
300100201
202001002
11111020
104000110
101010031
112102000
1100401
300100210
202001011
1002100
10300021
300010102
1002103
14011000
1100410
202001020
10300030
300010111
100240000
13200001
112020100
30100102
1010311
300010120
1002121
101002
401001100
30100111
30010000
210021010
30010003
102001300
101014
30100120
200002201
101020
101023
21220000
400100002
33000100
30010021
3001000
131001001
101100202
3001003
110013100
30010030
212110000
101041
131001010
101100211
400100020
101010103
101100220
3001021
403000000
3001030
104000200
101010121
11021002
300100300
202001101
10300111
10210000
300002002
10210003
202001110
210103000
300010201
1002202
300002011
11021020
201100000
1010401
300010210
201100003
300002020
10210021
111201001
1010410
210021100
101101
10210030
101104
13110001
111201010
201100021
30010102
101113
11002
200002300
201100030
30010111
204000001
101122
11011
400100101
11014
30010120
204000010
101131
131001100
101100301
400100110
11023
101002000
400010002
101002003
101140
101100310
3001111
310111000
11103001
101010202
400010011
101002012
3001120
11041
130100002
101010211
400010020
101002021
40201000
10300201
2100010
130100011
101010220
11021101
101002030
202001200
10300210
130100020
300002101
11021110
300010300
1002301
300002110
10210111
133000000
10120003
201100102
210013000
30100300
201100111
201010000
30002002
201010003
13110100
10120021
201100120
30010201
30002011
201010012
11101
10120030
11104
13020001
111111010
204000100
101221
11110
20401000
302001001
13020010
110300011
201010030
101100400
3001201
302001010
110300020
400010101
101002102
3001210
11131
11103100
101010301
400010110
101002111
113200000
11140
130100101
101010310
2100103
310021000
100101001
10300300
130100110
11021200
2010001
130010002
2010004
100101013
300002200
10210201
2010010
130010011
2010013
100101022
1002400
10210210
130010020
10120102
100101031
231001000
201100201
103001002
10120111
10030000
201100210
10030003
30002101
201010102
10120120
3001
111111100
30002110
201010111
1240000
3010
11203
13020100
110300101
201010120
111021001
302001100
110300110
400002001
111021010
3001300
11221
3031
20311000
101002201
400002010
110210011
11230
101010400
301100002
110210020
130100200
32001001
2100202
301100011
100101100
100101103
113110000
32001010
2100211
301100020
130010101
2010103
100101112
100011001
10210300
130010110
304000000
100101121
100011010
100011013
40021000
10120201
100101130
10112011
201100300
103001101
100011022
201002002
10112020
103001110
100011031
111103000
201010201
201002011
3100
10030111
102100000
230100001
101410
102100003
201002020
11302
110300200
12201001
230100010
111021100
11311
3121
12201010
400002100
110210101
11320
3130
101002300
102100030
110120002
301100101
20221000
110120011
32001100
2100301
301100110
2002000
130002001
301010002
2002003
110120020
2100310
211111000
130002010
301010011
100011100
100011103
113020000
210300001
31100002
2010211
301010020
10112101
100011112
210300010
31100011
10120300
10112110
103001200
100011121
10022002
31100020
201002101
10030201
100011130
10022011
201010300
201002110
34000000
3202
230100100
102100102
200101000
11401
200101003
12201100
102100111
102010000
230010001
11410
102010003
200101012
110210200
12111001
230010010
102010012
200101021
11300002
110120101
200101030
301100200
203001001
11300011
102010030
2100400
110030002
130002100
301010101
2002102
20131000
100003003
2010301
301010110
2002111
14200000
10104001
100011202
210300100
31100101
2010310
211021000
1101001
10104010
100011211
1101004
100003021
31100110
210210001
31010002
100011220
1101013
100003030
201002200
210210010
31010011
10030300
10022110
401100001
31010020
3301
1101031
132001000
102100201
401100010
200101102
1101040
102100210
4001011
230010100
102010102
200101111
200011000
200011003
12111100
102010111
200101120
110112001
20000002
200011012
11300101
102010120
12021001
110112010
20000011
203001100
200011021
20000014
301002001
11210002
20000020
110030101
200011030
20000023
301010200
2002201
301002010
11210011
110030110
330100000
202100002
10104100
100011301
100003111
31100200
20000041
202100011
1101100
100011310
1101103
14110000
10014001
210210100
31010101
10022200
1011001
10014010
1011004
31010110
210120001
200002
401100100
1011013
3400
210120010
200011
102100300
4001101
200014
230002000
401010001
102002002
200020
4001110
200023
12103000
102010201
401010010
102002011
200011102
310300000
131100001
102010210
3100003
110112100
20000101
200011111
20000104
200041
131100010
12021100
20000110
200011120
20000113
301002100
11210101
110030200
20000122
2002300
3100030
100003201
11120002
20000131
202100101
100011400
300101002
11120011
20000140
202100110
210202000
31002001
202010002
300101011
10014100
112111000
31002010
202010011
300101020
1011103
14020000
111300001
210120100
200101
303001000
111300010
200110
4001200
210030001
110002
401010100
102002101
210030010
110011
102010300
102002110
110104000
200011201
200003011
131100100
3100102
110023
20000200
200011210
20000203
200003020
3100111
310210000
131010001
3010003
110022100
11210200
110041
131010010
3010012
20000221
40300000
100003300
11120101
20000230
202100200
104001001
300101101
3010030
104001010
31002100
202010101
300101110
1003000
300011002
1003003
202010110
210112000
120000001
1011202
300011011
120000004
200200
120000010
1011211
300011020
120000013
401002000
111210001
30101011
210030100
110101
120000022
102002200
111210010
30101020
200003101
110110
120000031
302100001
20002
200011300
200003110
33001000
3100201
302100010
20011
20000302
110014000
3100210
110131
131010100
3010102
20000311
101011000
101011003
110140
3010111
20000320
100200001
100200004
3010120
20041
100200010
104001100
100200013
300101200
202002001
10301011
11030101
101011030
202010200
202002010
10301020
300011101
11030110
100200031
231100000
103100002
120000100
1011301
300011110
120000103
13201000
103100011
30101101
200302
210022000
102001
103100020
30101110
200311
110200
120000121
30011002
110203
102013
200003200
111120001
120000130
30011011
302100100
20101
102022
20104
400101001
111120010
30011020
110221
20110
102031
20410000
20000401
400101010
110230
102040
3010201
20000410
3002011
101011102
211300000
32100001
3010210
20131
3002020
101011111
32100010
20140
10301101
310030000
100110001
202002100
10301110
11030200
300003001
100110010
100110013
40120000
1003201
300003010
10211011
103100101
100110022
1011400
120000202
10211020
103100110
100110031
231010000
200401
103010002
120000211
102100
102103
13111000
200410
103010011
120000220
30011101
110302
102112
12300001
111120100
30011110
110311
204001000
102121
12010
20203
400101100
12013
110320
111030001
102130
302010100
3002101
12022
400011001
101003002
3010300
20221
3002110
12031
220000000
101011201
400011010
220000003
32100100
20230
2101000
130101001
101011210
2101003
220000012
211210000
32010001
130101010
100200211
100110100
220000021
100110103
32010010
300003100
10211101
220000030
402100000
100020001
1003300
2101030
103100200
100110121
100020010
120000301
40030000
100110130
10121011
103010101
120000310
30003001
201011002
10121020
103010110
100020031
30011200
110401
30003010
200200003
12100
12103
100020040
110301001
110410
200200012
21000013
20302
302002000
12210001
110301010
111030100
200200021
21000022
20311
3002200
12121
12210010
400011100
101003101
200200030
21000031
20320
203100001
12130
101011300
220000102
21000040
203100010
130101100
100200301
2101102
220000111
20230000
100102003
32010100
100200310
2101111
220000120
130011001
100110202
2011003
100102012
211120000
1200001
130011010
100110211
100020100
100102021
100020103
1200010
100110220
10121101
100102030
402010000
103002001
2011030
102211
103010200
100020121
103002010
100132000
30003100
201011101
102201001
1200031
132100000
120210001
4100002
4003
21000100
120210010
201011110
21000103
1200040
10210012
12202
4100011
110301100
102010021
12010021
200200111
200110000
20401
10010014
200110003
4100020
4021
120100012
102100021
400003000
110211001
20410
102100012
12220
120100201
4030
120100102
101003200
12120001
110211010
120100210
203100100
200110021
10030210
102100120
10003012
220000201
12120010
12012001
120210100
102102001
200110030
2200003
32002000
203010001
301101010
212001001
12101002
100003012
100102102
21112
110001004
101001004
203010010
11001004
130011100
100110301
2011102
100102111
20140000
201101002
110002012
100012003
1200100
100004110
100110310
2011111
100102120
10113001
100020202
110001022
100012012
20101000
201120001
110002102
211030000
1110001
10113010
100020211
103002100
100012021
100410100
110001202
110110111
201003001
1110010
30301000
100020220
1110013
100012030
101004001
201011200
11004001
201003010
110011012
110010112
4100101
10031110
100200040
230101000
200200201
102101002
320000011
120120001
12301
4100110
4111
132010000
122101000
4010002
102101011
320000020
110010004
200110102
220111
4120
120120010
110010010
4010011
102101020
10120012
1120021
200110111
200020000
1120012
111010012
200020003
4010020
110020012
111110101
112300000
200110120
110121001
130120
101020012
301101100
11020012
10024
10021
10012
12030001
110121010
110010040
2101300
200020021
10042
41000020
130003000
301011001
2003002
4011010
101113000
201000040
200020030
110021101
121000000
2011201
301011010
2003011
111012001
100024
100012102
110022001
210301000
31101001
2011210
300200011
2003020
100020301
110021002
100012111
112210000
110012002
31101010
1200211
300200020
121000021
100020310
1110103
100012120
10023001
122000002
101022001
201003100
1000132
121000030
11022001
303100000
1020001
10023010
2001022
1020004
320000101
12004
2002012
4100200
4201
1020010
12001
200200300
102101101
320000110
110022010
12400
22021
4210
22012
1001200
4010101
102101110
21022
230011000
200110201
102011002
200102011
2100031
13012
4010110
1020031
101200000
24001
200110210
102011011
200102020
110040001
200020102
110040010
1020040
11301001
40021
40012
102011020
42001
1210021
200020111
203002000
1210012
11301010
110200012
12030100
101200021
101200012
11200012
200020120
110031001
100042
110200102
100102300
2003101
101200030
120022
101200102
104100001
110031010
11200201
2011300
300200101
2003110
11200102
100102
100012201
104100010
100004011
31101100
1200301
300200110
121000111
100020400
110200120
100012210
1102003
100004020
120040
1200310
101200120
210211000
31011001
1110202
300110011
10023100
11200210
11200120
100132
112120000
100240
31011010
1110211
300110020
1102021
100210
1020103
320000200
100120
110202001
30200011
4300
101301001
1102030
101202001
303010000
4002001
11202001
201004
30200020
200102101
102004
201010210
4010200
1020121
4002010
11320000
200110300
102011101
200102110
202012
33100000
10140010
200012002
201022
2010220
103012
102011110
202201
110113000
200020201
202102
200012011
11301100
201301
201202
101200111
101110000
103201
20001010
101110003
200012020
20001013
103102
102301
301003000
11211001
102202
300022
110031100
11000221
20001022
110101012
2003200
420000001
10400002
211012
104100100
100004101
210112
20001031
300200200
202101001
420000010
10400011
100012300
121012
101110030
120112
20001040
104010001
202101010
1030120
10400020
300110101
1102102
1300021
210004
120004
104010010
10002004
31011100
1110301
300110110
1102111
13300000
120001
300020002
1012003
210121
30200101
1110310
10032001
210121000
201001
1020202
300020011
1012012
110220010
30200110
110002210
112030000
310012
201010
1020211
300020020
201013
220021
220012
200102200
102003001
111300100
30110011
1020220
210022
1012030
210013
102011200
400200001
102003010
130021
30110020
200012101
130012
201031
131101000
101200201
3101002
221000011
200020300
120013
200012110
20001103
201040
4000
101200210
3101011
221000020
11013010
101110102
120010
20001112
102202000
220102
20110102
11211100
210202
200010112
101110111
101020000
20001121
130102
101020003
420000100
10400101
10202020
1101211
100004200
11121001
20001130
120001102
202101100
220120
10400110
20100004
210220
300102001
11121010
31012
104010100
101020021
10302100
10200022
300110200
202011001
300102010
10310011
321001
132001
101020030
123001
22000000
13210
202011010
22000003
10310020
300020101
1012102
400012
111301000
111102010
400102
201200011
201100
1020301
300020110
201103
13210000
11103010
400120
420001
201200020
30110101
1020310
420010
201112
111001
1012021
1102201
102003100
1102012
30110110
1212001
204100000
201121
30020002
200100400
400200100
221000101
112101001
1101022
200012200
1011031
200004010
30020011
101200300
3101101
221000110
1011022
2110021
400110001
101102002
2110012
30020020
12100021
3101110
111031
11203000
101110201
400110010
20001211
12100012
112000021
112000012
1000024
2200000
130200001
101110210
3011011
20001220
1000042
101020102
1101301
10400200
1101202
130200010
12100201
3011020
220210000
101121010
101020111
104002000
12100210
12100120
112000210
300102100
10310101
112000120
1000321
101020120
11031001
1000210
1000120
202011100
1000420
2200030
1001122
1014001
300012001
11031010
20301100
1002112
201200101
22000102
1104001
120001000
1012201
300012010
120001003
101101210
113001001
201200110
22000111
1020400
30102001
1012210
112002001
120001012
112001002
14001001
1002004
111211000
1001002
30102010
201211
111100
120001021
1001131
111103
13120000
110400001
112002010
112001020
201110020
30020101
120001030
2002021
302101000
21001
110400010
2001031
21004
1003021
30020110
1003012
3101200
111121
21010
1001032
400110100
21013
1002211
112002100
1003102
1003210
111130
1003120
101110300
3011101
101102110
1002310
1002130
400020001
101012002
1001320
130200100
1001230
3011110
21031
100201000
101020201
400020010
100201003
1004101
1004011
2004001
2200111
21040
130110001
101020210
2110003
100201012
1004002
1004020
1004200
202003000
2011021
130110010
121002010
11031100
100201021
2011012
2010112
1021012
321000001
1020112
20032
300012100
10220101
100201030
2010121
201200200
103101001
321000010
3010021
1012300
2020021
1004110
2020012
2010031
2010022
10130002
1030021
30102100
201110101
1030012
120001111
103000
1020022
1020013
10130011
2010040
10102012
201310
1200220
120001120
30012001
201020002
2010202
10130020
10321000
1230100
4000120
111121000
2020120
30012010
111211
21100
103021
12301000
21103
400102000
110310001
11110120
2021011
201020020
11110021
103030
2012011
302011000
3003001
110310010
1031011
110104
1022011
11100112
20100211
3011200
301200001
3003010
202020100
400020100
101012101
203200000
22000012
32101000
2200201
301200010
122000011
101020300
2013001
100201102
1230010
1032001
31012000
2200210
204010000
122000020
1020130
2110102
100201111
100111000
2022010
2021020
100111003
2013010
2012020
1032010
2110111
100201120
130020001
1031020
2020003
321000100
1023010
1022020
2040010
10220200
2101021
130020010
21012010
103101100
100111021
3100120
2101201
40110001
120001201
1201201
2100130
210110002
10130101
100111030
2101012
201400
103011001
201102010
2100112
1201012
1200112
2020030
1210102
230200000
1201102
103011010
213001000
30012100
201020101
2100004
103111
13000
1200004
2100001
102200011
2100121
1200121
201020110
2110120
103120
2101120
21202
1210120
102200020
1201120
3100021
3100012
111031000
2200021
2200012
21211
3003100
13021
2100022
2100013
400012000
110220001
1300012
1200022
301200100
122000101
13030
1200013
101012200
2100040
220001002
2101210
2200300
1201210
122000110
2200102
130102000
100201201
2102002
220001011
210000040
1300102
1200202
1200103
32011000
2110201
100201210
2102011
220001020
2200120
100111102
2100220
210400000
31200001
2110210
1300210
130020100
1300120
2020102
100111111
100021000
1200130
31200010
100021003
1200400
2100100
2121010
2020111
100111120
10122001
10200103
101011120
201102100
11100130
1211200
1202101
10130200
1202011
10122010
1101220
103011100
100021021
3102001
120030010
30004000
201012001
2202001
2201002
10210
102200101
100021030
1302001
111400
1301002
200201002
21001003
1203001
1202002
102200110
2202010
230110000
2201020
102110002
200201011
21001012
21301
2103010
13111
12211000
2102020
1302010
102110011
200201020
21001021
21310
1301020
421000000
11400001
1203010
1202020
102110020
2202100
21001030
2201200
122000200
21020200
11400010
2102200
1302100
220001101
1301200
1203100
1202200
110130001
122110000
100002211
301110100
2102101
220001110
1320001
1230001
313000000
110130010
104200
2110300
101101030
2102110
1320010
130012000
100111201
2012002
100103011
31200100
301300
2400010
2400100
1201000
2020201
100111210
1201003
100103020
11010220
100021102
4000021
210310000
31110001
2020210
4001002
10122100
4001020
4002100
100021111
103003000
12021010
31110010
12020002
100110040
1201021
21101200
10102201
401200000
222000001
11011021
10120210
201012100
11021011
1201030
11022010
102200200
4101001
222000010
10102102
10212001
200201101
21001102
11011012
11010112
13201
4101010
10110112
100002040
102110101
200201110
21001111
21400
10000420
200111002
202100020
121101001
11111110
102110110
11122
110212000
20100001
102020002
200111011
11400100
10101004
10011004
11010004
12121000
10110004
20100010
102020011
200111020
20100013
11010121
10110121
220001200
11310001
11020120
11220010
102020020
3100000
20100022
111022
203011000
10111012
11310010
10101022
13101001
100103101
2010100
20100031
103000030
202200001
23000002
1204000
100111300
2012101
100103110
11110012
20100040
300020200
202200010
23000011
2020300
120010210
2012110
13000030
10114000
100021201
20102200
100013011
23000020
21100012
121000012
1201111
1111000
10000024
100021210
1111003
100013020
10103020
13000021
201101110
210220000
300001
10000042
10101301
222000100
10101202
10110301
10110202
21100201
320001001
300010
12011011
4101100
300013
121000201
121000102
401110000
21001201
320001010
10000204
13300
13200010
1111030
13002001
102110200
4011001
102102010
10110310
10110220
200111101
21100210
300031
131200000
21100120
3200002
121000210
20100100
102020101
200111110
20100103
300040
121000120
200021002
3200011
10000321
10000312
102020110
40000120
110122000
20010001
10000213
200021011
3200020
10000132
10000123
10000240
12031000
20100121
20010010
10000210
200021020
20010013
10000120
101202010
100103200
11220001
20100130
10001212
202200100
23000101
20010022
10001122
2012200
300201001
2004010
11004010
1100320
100013101
23000110
20010031
31102000
202110001
300201010
121001011
100021300
11012101
100013110
11012011
20010040
120021100
202110010
10001104
121001020
10001014
1111102
10002112
111400000
21012001
11112001
11013001
31020100
11012002
10112002
300103
1021000
30130000
100301002
1021003
320001100
121002001
121001002
20001004
300112
210001
20001001
31000300
102102100
10001002
100420000
101112001
2212
300121
210010
11012020
4011100
1021021
30010012
10021120
200111200
102012001
300130
200140
310200100
3200101
1021030
30101002
102020200
10001032
102012010
100000132
300001120
200021101
3200110
210031
131110000
11000230
3110002
101201011
20010100
10002211
200021110
20010103
210040
11101300
121002100
3110011
101201020
121001200
20002201
110001112
110032000
20001301
20001202
10003201
3110020
10003102
31210000
10002202
104101000
20010121
211300
111101200
300201100
121001101
10003210
10002310
100013200
11130001
20010130
110000200
202110100
10001320
121001110
301011100
20000212
300111001
11130010
400300000
10001200
100010113
10004002
10004200
120100000
202020001
300111010
120100003
10010212
10010122
200221
24100
10110100
30201001
300202
220002100
1103020
100101010
1021102
10021201
111310000
10010104
30201010
300211
210100
120100021
11110210
210103
4003000
20010112
10021012
10020112
200103100
10011112
120100030
10010113
302200000
123000001
10021102
12001021
102012100
10121002
22000201
11040001
3200200
200013001
123000010
10140001
140010001
101201101
100200121
20010004
20002000
10020004
200013010
20002003
100022110
3110101
101201110
100121200
100031020
10011040
101111002
201111100
20002012
11040010
3110110
120031
100300000
140010010
3020002
20010211
121020010
20002021
13120
20020012
420001000
10401001
10030021
3020011
101111020
10030012
20002030
10020022
202102000
10020013
10401010
10010032
3020020
100300021
11023000
10010020
104011000
100130020
200203
10021210
300111100
1103101
100300030
331000
20020201
103200001
220021000
20010301
1111300
20010202
1103110
10030102
200200102
300021001
103200010
10041100
30201100
300301
20020210
120100111
202000
1021201
300021010
202003
101212000
20010310
300310
20010220
120100120
30111001
1021210
10030120
1013020
10010320
14002000
10010200
111220000
20021101
30111010
210211
123000100
202021
121000
120103
400201000
221001001
10031101
10031011
200013100
10022101
202030
10021111
302110000
30001
221001010
20110120
30004
110410000
20002102
210010000
3110200
120121
3102010
10031002
10013002
101111101
200220010
20002111
32200000
210001120
120130
200004001
10032010
3020101
101111110
10031020
20002120
10022020
101021002
10032100
10401100
10031200
3020110
100300111
100210000
10021300
10013200
100210003
10012300
10024000
10012000
10040101
100300120
10311001
10040011
10041010
101021020
10040110
20040001
10040002
202012000
20040010
10311010
10040020
103200100
10040200
10042000
1010101
20110201
201201001
22001002
20101201
300021100
1013101
100210030
10201201
300400
103110001
201201010
22001011
1021300
20110210
120010102
20101012
20100112
10201012
103110010
10200112
30111100
210301
20101102
202111
12400000
10210102
10201102
112003
21210001
110202010
210310
10200121
120010120
30021001
120202
10210120
221001100
10201120
21210010
1202110
111130000
30100012
30021010
120211
3102100
112021
1110400
30103
400111000
101103001
20200012
10300012
120220
10200040
112030
10200010
302020000
3012001
20002210
20101210
10201210
30100201
1103002
20200102
3020200
100300201
3012010
220100011
20100301
101021101
20100202
10300102
32110000
10200202
100300210
2201011
220100020
30100210
100210102
20200210
20200120
20100310
20100220
10300120
10311100
10200310
10200220
100210111
100120000
10200130
20100400
100120003
10200400
110000014
220010110
100003120
100210120
10221001
10202101
10202011
201201100
22001101
20301001
20201002
1013200
2011000
120002002
20102002
103110100
10302001
22001110
10301002
30103000
201111001
10203001
120002011
10202002
320100001
100120030
210111100
21100000
103020001
200300002
21100003
120002020
211210
112102
10302010
110401000
10203010
103020010
200300011
30021100
120301
20202100
112111
12310000
20201200
103010020
22003
200300020
21100021
120310
10301200
112120
10203100
30202
10202200
20002300
10220011
21100030
20210110
111040000
24000001
20120110
30211
3012100
220100101
10310110
10221010
400021000
101013001
24000010
10220110
100300300
2201101
220100110
21301000
101021200
20210002
100202002
20130001
10320001
10310002
2201110
101010040
130111000
100210201
2111002
100202011
10220002
30100
11001121
20220010
1300000
20130010
100210210
1300003
100202020
10320010
100120102
10230010
321001000
10220020
20220100
20210200
2111020
20130100
20120200
100120111
103102000
10320100
10310200
100030003
10230100
120002101
20400010
20400100
100120120
10131001
21010201
2002030
120010300
21010210
1300030
12010210
101110120
4200001
10131010
21011011
103020100
200300101
21100102
211101010
30013000
201021001
4200010
104011
12012010
100112200
100030030
21100111
21010000
21000112
201021010
21010003
104020
12001012
22102
12000112
110311000
1014010
100001032
200210011
21010012
30301
100010011
22111
3004000
1402000
21101002
111202
200210020
21010021
30310
13011001
220100200
122001001
310000
21000004
101013100
12000004
21010030
21000001
203110000
11102002
122001010
21000121
12000121
100202101
21010120
21001120
12010120
12001120
100000042
11100202
100210300
2111101
100202110
12101020
10000000
12011020
100112002
10000003
101302000
13110010
2111110
22000021
130021000
100120201
2021002
100112011
10000012
1111111
12000031
1300111
1210000
111003001
100120210
1210003
100112020
10000021
100030102
2002
120002200
21000010
220000300
21000211
10131100
12000211
10000030
100030111
103012000
10000033
21001210
12001210
4200100
104101
21011200
12101200
200300200
10041001
320100010
21000301
201021100
21000202
104110
220010002
11032000
4110001
102201010
10003003
30200200
200210101
21010102
31000210
31000120
22201
4110010
14011
22000210
22000120
200210110
21010111
30400
21000310
22210
21000220
14020
21000130
13000210
13000120
110221000
103101010
12000220
200120011
122001100
12000130
21000400
110011102
12130000
220002001
102001021
40010200
200120020
22011010
13001101
201121000
220010200
2103001
220002010
21012100
12012100
31001002
23001001
111022000
2111200
300300001
121100002
111102001
322000000
100112101
10000102
13001002
31201000
1300201
300300010
121100011
100120300
2021101
100112110
10000111
22001020
21003010
10000114
111012100
121100020
13001020
2021110
12003010
10123000
100030201
12002020
100022011
12001030
31001200
202000021
1210111
124000000
22001200
100030210
1120003
320100100
30200002
21002200
21001300
201013000
13002100
13001200
21004000
102201100
10000141
12004000
21001000
100302001
200202001
21002002
100110112
4110100
14101
121030000
10420000
200210200
102111001
200202010
21002011
22300
11000104
14110
100024000
13011010
4020001
102111010
31020001
21002020
200120101
40111000
11041000
11401000
111112000
4020010
101300011
31020010
12013000
200120110
30010300
22010020
21030010
200030002
121210000
101300020
13010020
12030010
12020020
110131000
22020100
22010200
200030011
2103100
22012000
21022000
13021000
104200000
100104001
13012000
12022000
200030020
121100101
1010230
330010
301021000
10000201
100104010
12300010
1300300
211102000
121100110
21300100
2021200
300210001
121010002
13200100
12300100
100022101
24000100
24001000
31111000
1210201
300210010
121010011
100030300
40110010
10000222
40000021
110201200
30300001
1210210
111100120
121010020
40000210
1120102
10000231
10033000
203020000
30300010
210400
210200002
40001020
40001200
1120111
4102000
40010002
40010020
1030003
320010100
21002101
40012000
1030000
14200
131000200
10402000
42001000
102111100
10312
21002110
101212
101011
200112001
110000002
102010
4020100
101300101
100102201
112201
200120200
102021001
200112010
20101003
103210
212101
1030030
212011
100021012
213010
102021010
123010
110000020
200030101
1010212
110000023
11311000
1010122
110212
101210011
110122
20101021
200030110
101011021
110000032
1111021
1011121
1012120
100104100
1011220
20101030
1011010
121100200
110000041
1010110
1032100
10000300
121201
201100012
10000303
104110000
100014001
23001010
121210
300210100
121010101
210020200
1020100
100022200
120100
100014010
101021011
1210300
1121011
121010110
1021111
400010200
300120001
1112002
221011
30300100
101022010
1122010
1022110
301000
1120201
10000330
301003
1110031
1010020
100102210
1220011
320002000
30210001
1120210
1220110
301012
2130100
1030102
10100212
102103000
10100122
30210010
20023
101101021
301021
102220
1030111
4012000
221100001
1101121
10101220
200112100
110000101
301030
1102120
101300200
3201001
221100010
131020000
102021100
1101010
110000110
110110201
110101201
110000113
3201010
101101201
11110201
101210101
11101201
20101111
20011000
10111201
110000122
20011003
10110211
10101211
101210110
1111201
20101120
110110210
101120002
110000131
20011012
10111210
10102210
1102210
11221000
10121200
10112200
101120011
110000140
20011021
2104
1211011
420010000
10410001
10000402
11202010
100014100
10212010
20011030
10202110
202111000
1212010
10410010
10000411
110202100
101202100
11202100
10212100
104020000
201300001
22100002
1212100
300120100
1112101
10312000
1110121
11110102
110210110
201300010
22100011
1120300
11210110
1112110
10211110
2211010
300030001
1022002
110220100
30210100
11220100
10221100
301111
211000
1030201
300030010
211003
30000010
301120
21130
21210100
200104000
30120001
1030210
11000212
221100100
11000122
301101001
10101112
102013000
103000000
30120010
110000203
3201100
211021
11002120
11001220
400210000
221010001
11113
12040
110000212
300300100
211030
2041000
101210200
3111001
221010010
11002210
11012200
110000221
20011102
11010100
130300000
1120030
3111010
111011011
11111011
101120101
110000230
20011111
111012010
11112010
11012110
2300011
11022100
112011010
101120110
12111010
20011120
12110110
101030002
12120100
2300020
112021000
1102
111110020
11131000
222001
22110100
101030011
10130110
1024
1012
112
300112000
210000001
11212
10213
201300100
22100101
112012
12112
202021000
131020
120101002
100212001
100122001
210000013
22100110
212002
30202000
201210001
22010002
120101011
300030100
1022101
210000022
110014
101011012
101010112
301210
22010011
1030300
1111012
211102
210000031
1110112
1011112
1010113
111112
30120100
110113
101001220
211111
123001000
11030020
2200
121003
14002
221002
110000302
2010400
211120
30030001
112003000
330010000
221010100
400000
1220002
110000311
1010002
10100104
20003002
10100014
3111100
121021
110100112
101101012
110000320
20011201
11000002
20003011
101100112
2300101
121030
11101012
101120200
3021001
101112010
11000011
20003020
10101013
2300110
101122000
130210000
1101112
3021010
100301011
11000020
101030101
110110102
11000023
110101102
101101102
11111101
2210011
100301020
11101102
101030110
10111102
321100000
10110103
10101103
110201002
210000100
100211200
101201002
210000103
103201000
11000041
11201002
10211002
10201003
120101101
111000130
110210002
210000112
10230001
2210002
30130
201210100
22010101
120101110
200000200
1022200
210000121
120011002
212110
30002200
200200120
22010110
11000014
30112000
211201
210000130
120011011
111001012
111000112
11001112
202010020
212020
111010102
201120010
32020000
120011020
11011102
121102
111111001
221002000
110000401
111011002
11111002
30030100
1110004
1100032
121111
3103000
100101004
110000410
31003
100011004
20003101
111004
100110004
301300000
122100001
110100004
101100004
101112100
11000101
20003110
111000004
2300200
10120
122100010
1120
3021100
100301101
11000110
222010
400030000
11000113
122020
111010
11020
2210101
100301110
1010131
101030200
1011040
100211002
1010140
1120120
1021120
2210110
121120
130120000
1221010
2120002
100211011
112201000
21010300
101220010
40210000
2120020
1220020
210000202
2120011
100211020
110020
310020001
11100121
201202000
22002001
302002
210000211
1014100
10101040
120010030
110110120
103111000
101101120
22002010
11101120
210000220
120011101
10111120
1111120
1101130
102300001
11211010
20110300
201120100
102210010
120011110
11210020
2210020
101000140
102300010
111110200
301110001
12200020
301201000
200010400
30022000
201030001
301012000
113011
111000121
11000131
100020004
11000140
111010120
111001120
201030010
11011120
113020
11010130
31102
11001130
20003200
212010010
112010020
310000003
122100100
12110020
22100020
31111
3013000
220101001
111000013
11000203
310000012
124
1042
142
301210000
122010001
220101010
10132
101022100
310000021
10123
1132
2210200
100111012
122010010
111013
101032
100211101
310000030
11032
31300000
201010021
200110012
101110021
101110012
2120101
100211110
1110022
1010032
110032
100121002
220000
210100012
210000301
2120110
111100012
10222000
203010100
2030002
100121011
22002100
220010101
210000310
101100022
320011000
120003001
11100022
2030011
100121020
310201000
10100032
30010
120011200
111000001
120003010
11014000
2030020
211000012
211
111000022
103021000
200301001
111000010
11000032
100000024
113101
34
100000012
111040
102210001
200301010
21101011
201030100
1110040
113110
110100040
101100040
102101200
23002
101200
21101020
43
40
111000031
101401
31201
101311
23011
102310
12310
310000102
102400
111000040
11200
31210
1111210
220101100
1011310
11000302
310000111
101014000
120400
1121200
10110400
122010100
141100
1110100
11000311
310000120
220011001
1010200
100203010
11100211
100110400
210020101
110101210
40000000
2112001
220011010
40000003
11101210
10101310
302101
1101310
2120200
10101400
2112010
1101400
40000012
100121101
101201200
11201200
210000400
10211200
10201300
1301011
1201300
2030101
100121110
12210100
40003000
112200100
100031002
320020
120003100
21200200
2030110
12200200
222100000
200001400
1033000
100031011
111000100
10100200
2221
111000103
4201000
2410
101210020
130000300
200301100
21101101
201103000
11111200
201022000
22100200
11000200
1312
102210100
100101301
21101110
100101202
111301
200211001
21011002
101302
101203
23101
1010302
120000112
20200000
102120001
200211010
20200003
31300
111100201
23110
101010100
100203001
310000201
102120010
11100301
21011020
203001010
301102
300100012
11410000
11000401
310000210
100302100
1013002
20200021
111310
111220
101320
101230
11000410
1110220
220011100
1110130
20200030
1010320
202300000
23100001
111013000
101003011
2112100
111100210
40000102
221020000
203000020
100113001
23100010
11100310
11100220
1301101
10100320
40000111
301030000
2022001
100113010
10001011
113200
211000120
1301110
320000002
2030200
111000220
1211002
11000320
10001020
100031101
100000312
10001023
31120000
232
410000002
400003
133
100000210
100031110
100000120
320101000
220
111000202
410000011
1211020
11100400
101103010
100
222010000
10001041
100001011
111000211
410000020
400021
12211
101012011
4111000
1112011
1013011
1012111
200211100
21011101
400030
1013110
23200
3300001
102200002
1024000
102120100
1012000
21011110
112000
111101101
200121001
3300010
111101011
310000300
101102101
101102011
20200111
20110000
102030001
200121010
20110003
1103011
1104010
11112100
10113100
220003000
1104100
102030010
10204000
20110012
11212000
10213000
21202000
2104000
12202000
1102000
211000003
23100100
20110021
111002101
111002011
300301000
40000201
11003011
111002110
100113100
10001101
20110030
11003110
202210000
23010001
121101010
11013100
2022100
211000021
10001110
112012000
12112000
10001113
23010010
113000020
200022001
1211101
211000030
2014
100031200
4012
100023010
3112
13102
410000101
1211110
4102
1140100
104002
1121002
10001131
33010000
111000301
410000110
400111
31030000
113002
102400000
310003
10001140
211101001
111000310
201102001
200203000
21003001
111101002
201130000
1121020
110102002
2320
110211100
102112000
12000001
140000002
11101003
3300100
310021
10103002
101211010
4021000
20200201
12000010
140000011
200121100
12000013
310030
122002000
2111011
3210001
101301010
21040000
102030100
211002001
12000022
100311100
111002002
200031001
3210010
300200002
121000003
11102200
200001004
20110111
20020000
100002004
200031010
20020003
3004
201220
211000102
100001002
12000040
1003
200120002
142000
40000300
110110300
300100
211000111
2014000
410200
100301200
10001203
23010100
20020021
30000400
200102002
300211000
121011001
110203000
101013010
100023100
101012020
20020030
201040000
202120000
101200003
120200002
11300110
1113010
10001221
1112020
110121100
410000200
400201
100303000
120200011
111101020
1121101
10001230
122020000
111000400
101102020
400210
100300102
120200020
300110002
310102
1042000
100020130
211002010
1031002
111003010
21003100
111002020
11003020
310111
123100000
401101000
2001220
220003
12000100
140000101
100101211
12000103
200113000
110001001
100102000
103300
101301100
303100
140000110
24010
102022000
102001030
110001010
3022
3210100
110001013
21111010
3013
2032
101211001
1033
20102011
200031100
3040
220030
212001010
100201300
3120001
100400002
23200000
20102020
3211
20020102
110001031
2311
211000201
3120010
100400011
30110200
100000033
1112200
20020111
110001040
130000
211000210
112300
100400020
111102100
10001302
30110002
20020120
110102200
101103100
401011000
121011100
101102200
221000002
10001311
103300000
10103200
10102300
1103200
400200010
120200101
212001100
1102300
300121000
1113001
211002100
211000000
400300
111003100
120200110
110023000
202030000
11003200
120110002
3101020
3011002
300004
121201000
121000300
30211000
310201
200014000
120110011
100003102
1031101
100321000
2002120
31003000
43000
311000002
110000011
120110020
201200002
1031110
3103
221101000
100220011
12000202
311000011
110001100
11302000
10132000
110001103
123010000
100041100
100003210
130003
311000020
20102101
210031000
100002310
200023000
330001
22000030
20041000
101211100
3310
20102110
20300200
3220
110001121
20012002
2230
3120100
100400101
100002400
131011000
100001200
101121001
110001130
20012011
211000300
203110
100400110
11104000
11121100
3030001
100310002
111004000
20012020
100004002
20030200
121111000
121003000
10001401
3030010
100310011
100010212
100010122
20212
312001000
112000000
240000001
10001410
112000003
100310020
20122
10222
100010101
120200200
22101001
240000010
201110002
1113100
201110011
200000002
111202000
103210000
200004100
22101010
21013000
110101003
120110101
31021
21121
300031000
1023001
22120
20001310
310300
21220
120110110
200000032
1031200
210001012
120020002
211100200
201000400
311000101
2110000
20030002
30121000
220201
101002120
120020011
402001000
12000301
311000110
101203000
120300100
121021000
220210
201020200
120020020
121011010
12000310
132100
221011000
132010
103003
110001211
201301000
201110110
311100001
130111
3112000
220200001
41000002
40003
110001220
20012101
110400100
200000101
100400200
2301001
220200010
41000011
20020300
30020200
20012110
201020011
1041010
200000110
2301010
13030000
3030100
100310101
140110
20001400
110011003
101031001
10111300
30030010
1121110
113001100
100310110
101012110
212200000
110302000
101031010
130110100
240000100
110120110
112000102
300004000
210001000
11120110
22000300
210001003
22101100
10121110
1131010
112000111
40110100
120102001
10140100
201110200
100220020
120001210
11310100
301020010
120110200
22011001
120102010
10120000
1023100
210001021
1120000
100330
103120000
200400001
21200002
311200
1041100
120020101
210001030
31021000
311000200
11030011
200400010
21200011
220300
110310100
120020110
100200220
12000400
11040100
122002
12040000
21200020
110001301
20014
10114
30031000
130201
301110010
122011
100020112
300000001
110001310
102004000
24100000
20004001
130210
30112
220200100
41000101
40102
300000010
20012200
11001001
20004010
120202000
2301100
20113
41000110
40111
3022000
220110001
11001010
120001300
3000004
11001013
11113000
120120100
100310200
2211001
220110010
201012010
101031100
1400020
11001022
110101300
211020001
411000001
1400002
203101000
200000320
100220101
112100200
11001031
23020
112000201
411000010
1400011
11030002
31110100
210001102
100103002
11001040
100022002
100130002
301020001
120102100
10003300
140000200
210001111
10231000
100023001
311020000
100130011
22011100
30121
120112000
41110000
4300000
204001
100011040
100010140
200400100
21200101
1003111
200410000
120020200
100021120
120012010
120030100
40120
31120
21200110
212020000
103030000
200310001
21110002
230020000
30000040
122101
200202100
301102000
110001400
131002000
200310010
21110011
130300
1040020
122110
220120000
340000000
301020100
212000002
120000040
20004100
101120020
11120020
101000320
41000200
40201
1130020
212000011
11001100
211020010
111030010
11001103
24010000
210110110
40210
101101111
212000020
200020012
202000000
120022000
101023000
100030021
100030012
31010200
2211100
100020022
100020013
400000000
100010032
220020001
10100002
30031
411000100
1400101
30022
30013
100220200
2121001
220020010
10100011
112000300
10033
1400110
200010040
30040
210001201
1310002
200010010
10100020
100130101
100010020
10100023
22003000
110040100
210001210
1310011
20020
10030
100130110
200200000
320200000
141000001
100040002
13000003
120012100
220030000
200210002
210130000
10141000
10100041
141000010
100040011
13000012
2020000
30000202
121300
4210000
114001
21100300
140200
200310100
21110101
110130100
110120200
201031000
200103001
114010
11130100
11120200
401020000
21110110
200103010
20212000
200220001
21020002
212010100
203101
212000101
300011200
310011010
2004100
223000000
310001002
21020011
40300
23000200
212000110
101210002
220102000
101110
11001202
310001011
21020020
300220
200020210
312100000
122011000
201000100
100030120
11001211
310001020
202020010
30220
111101110
300400000
121200001
210040000
100010200
220020100
10100101
20200
200021200
1400200
20301010
121200010
210130
2121100
32101
10100110
100300003
32011
10100113
10010002
32110
210001300
1310101
121120000
101101000
100130200
2031001
100122010
10010011
120010000
120010003
1310110
11122000
120004000
1132000
2031010
10100131
141000100
100040101
13000102
10010023
111001000
100032001
201101101
111001003
10100140
100013002
100040110
13000111
320110000
21102001
32002
100220110
114100
13003
200022010
100032010
21110200
10010041
21102010
100022020
300103000
111001021
32020
31030
4120000
101400001
22030
100032100
200220100
21020101
111001030
32200
212000200
210002002
101400010
120010111
230000002
310001101
21020110
34000
100012000
200130001
31000
22000
310200001
11001301
310001110
301111000
220100002
100040020
200130010
40030
200001040
130201000
11001310
4030000
220012000
100042000
40000
101021110
121200100
10000
200212
31000000
2113000
200122
40001002
10100203
111200200
300013000
120100300
101300110
300310000
121110001
100212100
40001011
100122100
10010101
120010201
100101220
1310200
201111010
121110010
202120
2031100
10100221
10010110
200001010
30400000
312000001
121101100
20203000
200101201
1220101
10100230
301201
100040200
13000201
312000010
10303000
220010011
310210
111001102
220010020
202210
112210
1130002
10010131
21102100
100030000
212200
111001111
122200
20000032
120211000
1130011
10010140
120002110
100212010
311101000
200212000
110100001
200001100
402100
101400100
200300110
32000200
1330000
102121000
12220000
110100010
1321000
420100
110100013
100411000
101320000
310001200
101310001
10410100
20201011
200130100
201210010
110100022
10004110
11001400
111210100
101310010
111201100
20201020
200104
210020020
110100031
241000000
200040001
113000002
100200112
2013100
320011
310200010
200113
23101000
3000031
200040010
113000011
221000200
40001101
10100302
300001000
100114000
10002001
201011020
300001012
121110100
210110200
40001110
10100311
2023000
102211000
10002010
10010203
320010001
10002013
120031000
320010010
300220000
121020001
1011100
101300002
312000100
200101210
10002022
200131
1220200
410001001
401002
100101040
13000300
10010221
100100140
10002031
30310000
111001201
410001010
401011
310120
1130101
10010230
201130
10002040
203002
111001210
222001000
401020
1310020
1130110
1210030
221200000
42000001
1040002
20320000
110100100
11300020
21110020
110100103
3301000
203020
42000010
1040011
100300012
20201101
310110100
100200022
200122000
110010001
100100032
11110300
101310100
200032
20201110
420100000
102031000
110100121
20111002
100033
200100040
110010013
110041000
310020010
303001
101220001
110100130
20111011
200040100
113000101
110010022
100203100
100200130
103000012
211001002
100101310
20111020
241000
113000110
110010031
121102000
10100401
100101400
211001011
10002100
110000104
401200
10002103
23011000
200030200
10100410
11300200
211001020
23001100
10010302
300202000
201400000
22200001
32000020
100200202
121020100
100200103
121010200
10010311
200200210
10002121
22200010
214000
410001100
401101
200320
200230
300130000
1122001
10002130
100200400
111001300
100200100
401110
302011
1130200
2300002
311002
203011
302110
204010
204100
210000004
30220000
210000010
412000
311011
42000100
1040101
120101020
410020000
12001000
140001001
110100202
12001003
311020
140110000
1040110
100302010
221110000
20101300
140001010
110100211
110010100
303010
302020
110010103
3211000
400120000
200201200
20011210
110100220
20111101
100202200
302200
412000000
2400001
203200
202300
101220100
100204000
20111110
101030020
113000200
110010121
20021002
313000
20011300
211001101
100140100
421000
1420000
101130001
110010130
20021011
11230000
100220002
211001110
120101200
103001020
300120010
101130010
3100300
20021020
100320010
201004000
100230010
210100000
10010401
200010100
210100003
22200100
130030
310000000
100320100
330100
120201001
10010410
322000
10002220
232000
133000
340000
201310000
22110001
120201010
130030000
1122100
210100021
20032000
102300100
3001102
101004100
22110010
120130000
430000
311101
210100030
110111200
300040000
213000001
1002220
110230000
214000000
301120000
311110
101002210
1040200
2002210
213000010
300010000
140001100
110100301
12001102
104000020
110002000
201101011
201011011
110002003
40000030
101111011
110100310
12001111
30101200
20103001
110010202
1003030
221020
110140000
3001012
200032000
20111200
11100001
20103010
110010211
11100004
110002021
101101003
11140000
3121000
100401001
11100010
200002210
110010220
11100013
110002030
400100011
211001200
2310001
100401010
101010130
101130100
2011120
20021110
2010130
1011130
201101020
2310010
200101300
2110030
10002301
101000032
11100031
142000000
101040001
14000002
101000020
21130000
140000020
210100102
201101200
11100040
101111200
101040010
14000011
120201100
101101300
110300002
210100111
10330000
30002020
400100200
210010003
14000020
20200300
103001011
30010210
210100120
120111001
3202000
2410000
101004010
101003110
23002000
101104000
201220000
22020001
120111010
1114000
213000100
20001100
13102000
10300000
3002002
311001001
22020010
10030030
102002020
221101
210010030
101003020
110100400
12001201
311001010
211201000
10411000
110320000
221110
112000030
302010001
302010010
131002
101121100
20103100
110010301
321010000
110002111
30040000
130010200
201211000
131011
11100100
3010000
110010310
11100103
110002120
20013001
100003000
110030011
100401100
200302000
110030020
20302000
20021200
11010001
20013010
202201000
2310100
102301000
220110100
2203000
3031000
100311001
11010010
13000000
200022100
11010013
4000000
300100000
10002400
2220001
100311010
300022000
101040100
14000101
11010022
200003002
240001000
210100201
2220010
310120000
320020000
201112000
14000110
11010031
22102000
220000210
210100210
112001011
110200000
20010400
210010102
411010000
11010040
120000400
200320000
121012000
120111100
101410000
122200000
210010111
