422400000
1114113
300003330
3
141111300
330031110
303111
30011400
303114
30011403
112140300
4110
4113
300122130
30003222
114303000
311322
111030300
111112221
30
111030303
33
3301410
11403300
303141
30011430
4140
33112110
4143
442110000
114012210
122114100
4141110
12243000
111030330
11100222
3330111
301224000
441000003
3031110
11133000
3031113
11133003
2220111
300114000
2220114
300114003
31113300
1421400
11141211
441000030
1110111
1110114
300122211
31232100
11133030
30003303
311400
311403
13320300
1114221
300114030
111
141222000
114
30122100
303222
30122103
303022200
111022203
12210300
4221
12210303
114000000
30003330
114000003
311430
111141000
111030411
41100
141
114004110
41103
412410000
30122130
111022230
11104410
33030300
114000030
411300000
114000033
411300003
111141030
41130
41133
441000111
1413300
3031221
11133111
411300030
300114111
31224000
303300
303303
1110222
30114000
30003411
422100
422103
1143000
111112410
1143003
300032220
222
303330
30122211
30331110
111022311
33000
33003
4332
30114030
114000111
114000114
1143030
111141111
33022200
41211
3330300
41214
3113220
33030
33141000
33033
114041100
114000141
411300111
142410000
411001110
11141400
41241
1110300
1110303
333300000
141300003
1114410
300
303
414000
303411
411001140
4410
341111100
4413
141300030
30114111
422211
111223110
1143111
330
333
414030
422130000
33014100
122401110
33111
3322200
33114
30032220
114000222
11211111
114033000
41322
441000300
3031410
11133300
33141
2331000
2220411
300114300
14111103
22311300
411001221
142111110
1221000
1110411
300233100
1110414
141300111
141001110
341103000
141001113
14111130
411
311411100
414
414111
30122400
1221030
1110441
114000300
114000303
323310000
141001140
111030
41400
441
41403
332220
322200000
322200003
33222
114000330
331121100
3023310
41430
14103000
14103003
330011100
3142110
330011103
412140000
112411110
2331111
14111211
411030000
411030003
14103030
1221111
311403000
111301113
330011130
30114300
422400
1143300
141001221
111111
111114
4121100
411030030
4121103
111133200
311112210
111301140
1221141
33303
114111000
114111003
3011100
3011103
11211300
111141
11211303
331113000
4121130
301421100
322200111
122430000
33330
114111030
330003000
3011130
330003003
300311100
3011133
300311103
313320000
411001410
14103111
330011211
141300300
312210000
312210003
330003030
300311130
414300
411030111
311100000
311100003
111301221
1221222
4113000
4113003
303002220
311104110
111002223
333030000
141030003
33301110
3003000
4121211
311100030
144000
311100033
33411
4113030
114111111
301413000
3011211
3011214
11322000
41112210
11211411
3003030
300303000
3003033
300303003
144030
301122210
2331300
122131110
330003111
14111400
3011241
300311211
31421100
411112110
300012210
1221300
300012213
300303030
1221303
141411000
30311100
312210111
112440000
141001410
111300
111303
311100111
303330000
311100114
111330003
4113111
30311130
111002331
141030111
41100000
111330
41100003
111333
3003111
3003114
311141100
311100141
42210030
144111
301110000
11412210
301110003
3011322
301114110
11322111
300000000
41100033
300000003
14103300
3003141
23311110
300303111
31413000
301110030
2442000
301110033
14222100
22201110
222303000
22201113
30303003
411030300
300000030
1332000
300012321
111301410
1221411
30311211
300004140
141112110
222000
30012210
111411
22201140
30012213
30303030
4121400
311100222
42210111
11400000
11400003
114111300
303031110
3011400
111031113
3011403
3302220
11404110
41100111
33330000
111441
41100114
3003222
322311000
11400030
301110111
32220000
11400033
301110114
32220003
330003300
3011430
300311400
41141100
41100141
300000111
31110000
300000114
31110003
330122100
411022200
312210300
301110141
32220030
414000000
1422210
30000003
22201221
30303111
411141000
311100300
300000141
31110030
300041103
300000144
30004113
312210
4113300
312213
13321110
141030300
414000030
222111
30012321
222114
4232100
12211110
3003303
12211113
311100330
30004140
11400111
114222000
11400114
3122100
111031221
11101110
3122103
11101113
11322300
222141
41100222
3003330
300303300
33031110
41133000
11441100
11400141
301110222
32220111
330114000
3122130
1410003
411014100
11101143
301143000
133211100
300000222
31110111
300000
31110114
300003
312321000
300033003
304110
30000111
22230000
304113
30000114
22230003
311211000
311100411
42210300
31110141
300030
144000000
300033
144000003
111113220
300033030
141141000
13323
302220300
30000141
22230030
41100303
30000144
3114003
12211221
311211030
301110300
144000030
301110303
441300000
3122211
11101221
3331110
11433000
41100330
300000300
3114030
300000303
300414000
2221110
133203000
2221113
301110330
1410111
1410114
30303300
1111110
1111113
300000330
1332300
300000333
31110222
300111
300114
30422100
1110
300033111
31143000
1113
222300
304221
30000222
22230111
114300000
114300003
1111140
311211111
42321000
30033003
341100
300141
144000111
300144
111031410
1140
1143
41211000
222330
30041211
314111100
114300030
3114111
12240000
12240003
30033030
301221000
341130
301110411
32220300
11130000
11130003
11101332
41211030
300111000
122111130
300111003
31110300
300000414
31110303
2221221
301221030
414000300
1410222
30000303
30414000
11130033
111314100
1111221
300111030
300041400
300000441
30004410
300222
1221
333000
30123210
333003
30000333
111023310
114300111
12211410
114001110
30033111
314103000
114001113
341211
111142110
3122400
42210
42213
333030
41211111
122111211
12240111
114001140
411301110
301221111
32331000
44111100
1410303
42240
11130114
300111111
31221000
300111114
31221003
304121100
300303
300033300
414111000
304410
30111003
303011100
11130141
30000414
303011103
1140000
1140003
311211300
300111141
31221030
300330
144000300
300333
1144110
30000
30003
1332
30111030
333111
30041400
30111033
303011130
3114300
111011133
34110
34113
114001221
122103111
3233100
30030
30033
44103000
14411100
2221410
304113000
1410411
411002220
11130222
441030000
1111410
1111413
141301110
31221111
303003000
303003003
300414
300144000
1410
1413
112113030
30111111
22341000
30111114
303011211
34121100
111011214
1140111
311322000
1140114
30033300
303003030
144111000
300441
33011100
33011103
1440
30114
1443
41211300
30111141
122111400
111011241
12240300
34221
114030000
114030003
301221300
14403000
33011130
330311100
30141
11130303
30144
300111300
300111303
114030030
411330000
14112210
22214100
112113111
11130330
1222110
341100000
1222113
300111330
341100003
303003111
34113000
411114
141002220
112110
112113
333300
30111222
33003000
111011322
33003003
3311100
341100030
3311103
30144000
114001410
111044100
411141
12232200
33011211
112140
30222
112143
41322000
122222100
33003030
330303000
3311130
11122203
114030111
301332000
14100003
11241000
11241003
14104110
300222000
330012210
300222003
31221300
11122230
112121400
14100030
311400000
14100033
311400003
30111300
411031110
30111303
303011400
111011403
111302220
1222221
300222030
341100111
141330000
411222
3303000
3303003
30300
112221
311400030
30303
332220000
30111330
12224100
111011430
33003111
34410
3311211
114112110
331110000
3012210
331110003
11114100
3012213
3303030
11114103
30330
30333
330000000
330000003
11122311
331110030
14100111
3012240
300312210
112113300
11241111
2242200
330000030
300222111
31332000
330000033
303003300
312211110
411303
1132200
1132203
14141100
14100141
311400111
30222000
30111411
303122100
311101110
111122103
22200
311101113
1140411
4114110
41400000
411330
41400003
141031110
3303111
33011400
30411
112332
30222030
301410000
3004113
111122130
301410003
311101140
22230
22233
114030300
41400030
331110111
300300000
3000033
300300003
141030
30441
3004140
301410030
330000111
322230000
330000114
2234100
300300030
444000000
300300033
1124100
1124103
300013320
1222410
341100300
330000141
303114000
30312210
411411
14100
14103
112410
112413
30222111
4110114
111122211
33003300
311101221
42211110
22311
3311400
22314
111114030
41400111
3000114
33122100
14133
302221110
141111
114022200
41101113
141114
3004221
301410111
22341
301111110
114141000
301111113
3041100
3000141
300300111
31410000
300300114
31410003
41101140
141141
300001110
300001113
300222300
330000222
30300000
30300003
301111140
330033000
3041130
311400300
300300141
30304110
1124211
300001140
1333110
300001143
341211000
422111100
30300030
111114111
312240000
30300033
14211
3303300
14214
30013320
223113
4110222
33114000
311130003
3422100
11401110
4143000
11401113
331110300
3000222
11114400
14241
223140
41101221
141222
3033000
3033003
330000300
311130030
330000303
11233200
11401140
301111221
32221110
14211000
3041211
300300222
31410111
300001221
31111110
300001224
31111113
330000330
30300111
30300114
414001110
422103000
30001113
30222300
4110303
144300000
311101410
31111140
313320
30341100
30300141
3000303
3414000
14322
30001140
223221
30001143
3004410
301410300
311130111
42240000
11401221
331221000
3123210
412121100
3000333
300300303
233130000
141330
41130003
3033111
330111000
330111003
411011100
411011103
301140000
301140003
1411110
14211111
1411113
300300330
41130030
300030000
300030003
300001332
31111221
301110
301113
411011130
111114300
301140030
14400
14403
1411140
30001221
22231110
30001224
4221003
111233100
300030030
133200
300030033
133203
301140
144001110
301143
3111000
3111003
122411100
3000414
41101410
141411
4221030
412113000
133230
11430000
301111410
11430003
3111030
3041400
3000441
411003003
31410300
41130111
133200000
300001410
133200003
300001413
330111111
411011211
222300300
11430030
301140111
1411221
300411030
333011100
133200030
141011103
31140000
300030114
31140003
301221
301224
30300330
2220
2223
414030000
223410
222030003
30001332
114301110
4221111
122403000
141011130
311130300
300030141
31140030
133311
11401410
3111111
3111114
222030030
30030033
122112210
3033300
12241110
301222110
11430111
14211300
3111141
11131110
411003111
142113000
11131113
112421100
300112110
133200111
300112113
31111410
141003000
30300411
111311100
111311103
1440000
30001410
1440003
11131140
30001413
141011211
300112140
300030222
31140111
330000
330003
301332
141003030
311122200
111311130
2331
1440030
30030111
30001440
30030114
314100003
311241000
114002220
330030
144030000
330033
3111222
43320
41130300
30030141
314100030
3144000
122100033
330111300
112413000
301140300
14322000
1411410
233211
11131221
222000411
12243
111303000
12432
12321
111303003
300030300
300112221
31222110
300030303
13431
13320
301410
3301110
22422
301413
23421
141003111
41100411
11100303
11100
111311211
111222
223110111
30112110
1440111
123210300
30112113
303012210
30414
4221300
111012213
111303030
3412110
123321
1141113
300030330
124320
33311100
123210
134310
330111
301440
11103033
330114
222222
3111300
224220
31110
3111303
223110
31113
2442
234210
30112140
12210222
30030222
314100111
114330000
111300003
122100114
111000
1141140
1111332
1112331
1112220
41122200
1121322
1121211
1122321
11430300
330141
1123320
422100300
44100000
1132311
3111330
44100003
300411300
11101224
222111003
31143
41241000
1223220
1232211
1233210
122141100
122100141
1243200
1232100
330222000
1332111
1343100
304110003
411122100
2220222
2222220
2231211
300022200
4110330
2231100
300022203
2332110
2342100
44100030
141111003
303000000
1110000
141000222
303000003
11102331
11102220
111012240
111303111
141011400
111001224
11112321
300030411
31140300
11113320
303004110
333000111
112221000
412113
11122200
224220000
11211222
11212221
300022230
11213220
33303000
11212110
11222211
11223210
30030300
30112221
303000030
30030303
4332000
303000033
11101413
11323110
11333100
1141221
300141030
11211000
244200
311103300
12212220
12221211
412140
1414110
330222
222112110
3222000
12321111
33012210
3111411
41114100
31221
12322110
12332100
11422200
12432000
30030330
12321000
300111411
222001221
122100222
13431000
14400000
444000
3000111
14400003
301124100
22200222
114031110
22200111
122133000
22202220
123221100
30041130
23321100
22222200
3222030
44100111
411114000
414000111
11131410
22311111
300014100
22312110
123210030
300014103
133311000
22422000
300112410
22311000
22211100
23421000
14400030
304110111
422130
41401110
112110114
411033
141003300
11100000
111000222
300022311
31132200
111000111
300041100
111001221
1440300
111002220
111001110
303000111
34110000
111011211
303000114
34110003
141122100
111012321
341101110
300141111
30022200
11130030
22211130
30022203
330300
412221
111012210
330303
33000000
111022200
111011100
33000003
113220
111111111
111112110
113223
30141000
111123210
111122100
30030411
303041100
303000141
34110030
111041103
331410000
303141000
3312210
111222000
11414100
111111000
30022230
123210000
112110111
331111110
330330
112112220
112111110
112121211
33000030
3222111
330300000
33000033
112122210
330300003
31332
112132200
30141030
112121100
23313000
222000141
111041130
30000441
112232100
11104140
11123310
14400111
113220111
113221110
113231100
113331000
113220000
112110000
14101110
122100111
22203000
14101113
333001110
22203003
122102220
122101110
330300030
141033000
122111100
300411
122212110
300014211
111303300
222303
300223110
122211000
1432200
123210111
123211110
22211211
123321000
124320000
112110222
300001440
4410000
134310000
122100000
4410003
14101140
222000222
311401110
30014103
322200
222000111
30112410
322203
13331100
222002220
303000222
34110111
3300000
222001110
1141410
3300003
222011211
222012210
222022200
30022311
441000
222011100
222111111
330411
12221100
222122100
4410030
33000111
222222000
222111000
33000114
113331
223111110
31413
322230
30141111
314211000
223121100
223221000
111041211
11111100
223110000
3300030
11111103
233100111
3300033
233101110
233111100
233211000
234210000
441030
244200000
3013320
233100000
12221130
222000000
44100300
33000141
111000000
330300111
31440
1224
2334
11214
12324
300441000
330001110
11322003
22203
330001113
11111130
111003300
304110300
11111133
112224
112110303
122214
123213
111003033
233103
1424100
14101221
222003
22203111
111003
1111224
1112223
222111030
303000300
14131110
222000003
303000303
111414000
1221114
1232103
1332003
330001140
1221003
111031110
314103
13323000
2331003
412410
31410030
300341100
311103000
1133310
4410111
11102223
111001113
300422100
30014211
11211114
11212113
4111110
322311
12213000
4111113
303000330
12213003
311102220
111000333
23310
3300111
341130000
23313
314130
11211003
12210114
12221103
3001110
441111
11103000
3001113
12321003
11103003
3222300
111333000
33000222
3012321
22200114
142113
22211103
22311003
4111140
112410030
301411110
122211111
33033000
302331000
111000114
11111211
3341100
3300141
11111214
111011103
11244
30300222
111222003
111111003
3001140
111033000
300301110
3001143
44211000
300301113
112121103
112221003
142140
113220003
112110003
2231103
300014400
122111103
122211003
123210003
122100003
330001221
222000114
222001113
304221000
11111241
222011103
112110411
1121100
223110003
233100003
1121103
14130000
111000003
30000330
14130003
300301140
12240
23340
2220030
303111000
30034110
2231130
303111003
34110300
123240
111000414
11103
330011400
222030
1110141
314211
1121241
1122240
112221030
1132230
1232130
1222140
1121130
1332030
33000300
1121133
14130030
33000303
311430000
2220141
2221140
2331030
30141300
4111221
303111030
12213111
111041400
111000441
11130
1110030
330041100
11133
3300222
11101140
433200000
11112240
11211141
11212140
11222130
3001221
11322030
11103111
3333000
11211030
33000330
12210141
330300300
142221
12211140
12321030
13320030
12210030
3300411
22311030
23310030
111300300
314100000
111000141
2223000
111001140
11111322
2223003
301112220
111011130
12210033
41111211
331140000
111004410
14101410
111111030
11144100
300301221
31411110
112110141
1113000
112111140
112121130
1113003
300002220
113220030
112110030
300002223
330030000
122101140
122211030
330030003
22322100
122100030
30301110
112221111
3000
30301113
222001140
3003
4410300
222011130
1121214
14130111
30014400
223110030
233100030
222000030
111000030
144
1113030
303111111
34221000
1113033
111111114
11211
3300300
111144
330030030
3300303
30133200
11103303
222033
111033
30301140
1110144
3030
1111143
33111000
3033
1221033
33111003
114011100
2220033
1110033
114011103
4140000
11100144
11211033
4140003
122211300
111111141
311131110
3030300
11111400
11241
3300330
11111403
11402220
111000144
412110
111111033
41430000
112110033
222000033
3030003
3001332
111000033
33111030
300042210
441003000
122400
114011130
222411
411311100
233400
4140030
111000330
301440000
1232400
330001410
2220330
2220300
11100411
11111430
2223111
11101410
11212410
11222400
12210411
12221400
12321300
14212110
22200411
300330000
3030033
22201410
300330003
22211400
142140000
22200300
1113111
11100300
111000411
1113114
300002331
31112220
111001410
111011400
330030111
422100000
114033
111122400
422100003
111033300
30301221
111111300
3111
41100300
112110330
3114
113220300
30002220
112110300
300330030
30002223
433200
122100411
4111410
122101410
12213300
1113141
111111222
133200300
3411000
122100300
11322
114003003
222001410
222011400
422100030
222111300
111144000
223110300
3001410
233100300
44100
3001413
222000300
33111111
3144
111000300
142410
114011211
1224000
111414
122403
4140111
122322000
1110333
2220303
11100414
11222100
22200303
3411030
11222103
411303000
111001413
1113222
122100303
222000303
111000303
111114000
3030111
3001440
112440
3030114
122430
1111440
1121430
41131110
1221330
2231400
1110330
11100441
11101440
11211330
12210330
330112110
22200330
11100330
111001440
411012210
111004110
112221300
122100330
301141110
222000330
1121400
444
112124100
1121403
14130300
3030141
11100333
300330111
31440000
11214111
300014130
114111
303111300
1141110
300031110
111111303
11400
300031113
1224111
11403
302220
2224110
2334000
422100111
30330000
11103222
41211003
30330003
14111100
11114211
3222
11214000
300301410
12324000
22204110
30002331
22314000
111003222
4222110
111003111
344100000
111004221
111111330
111014211
300031140
111014100
11430
114003111
112114110
11433
112224000
113223000
112113000
122104110
30330030
122214000
412110000
3112113
123213000
412110003
122103000
222003111
222004110
222014100
222114000
223113000
233103000
222003000
111003000
4224
1140030
114003
411000000
1224003
11103114
411000003
2223300
441001110
11431110
11214003
111003114
111004113
111014103
111114003
3112140
112113003
411004110
122103003
222003003
111003003
3141
14130
1113300
311114100
133201110
1113303
141303000
1114140
1124130
1224030
330030300
2223030
411000030
11103141
112332000
411000033
30301410
11114130
3300
11214030
12213030
3303
14241000
22203030
11103030
111003141
111004140
111014130
122103030
222003030
303222000
111003030
141012210
111111411
122100
300031221
31141110
122103
11130111
31114110
300012240
302331
1113411
1124400
1224300
30330111
314400000
11103411
3330
122400003
33111300
3333
30031110
11214300
114011400
30031113
22203300
11103300
4140300
111003411
111222030
111014400
122103300
222003300
122130
3414
42210003
122133
111003303
3000330
30302220
41130000
4440
14430
322211100
3112221
122400030
3030303
143220000
300122400
1113330
330000411
30031140
303030300
11103330
111003330
344100
3111033
1413003
30111
330111030
144003
32220
411000111
142110000
300034110
411000114
142110003
14114100
441000000
42321
30333000
330022200
4110411
3030330
311212110
300330300
300003411
3003411
142110
141000000
3000411
141000
141000003
300113220
1140222
30041100
41212110
330141000
30042210
30003300
1142220
411041100
411000141
141004110
300331110
114000
303030000
111312210
3411
112140030
11132220
1441110
422101110
411003000
300300411
11142210
41214000
31110033
11242110
333000030
111222111
30300300
141000033
222041100
122211
3411300
30300303
331110
411003030
4132200
331113
22241100
23340000
30000000
300030111
114030
122400111
33222000
3441
111030111
414003
114122100
30031221
314101110
111032220
322203000
122101113
311214
3022203
300411000
30030000
111041100
30030003
44400000
122241
3000003
342210
331140
112141110
112140000
4221000
3141000
222301110
302223000
3141003
1421211
14214000
30030030
122130000
304410000
222030111
30114003
112410003
330014100
303014100
3022230
222031110
300322200
222141000
223140000
222030000
114003000
300411111
411000222
142110111
303300000
41101110
31224
303300003
11130411
44400
3141030
4110033
411033000
30411003
303311100
141003
312221100
412111110
111304110
141000111
133230000
30003000
141000114
14100222
30411030
411001113
334110
141300000
422211000
111141003
11400303
111030003
311111100
31140
303300030
311111103
1140141
111300033
114114
11141130
30113220
411011400
11241030
12240030
111013320
30311103
111031140
11400222
141041100
141000141
303303000
111300000
114114000
111030030
122322
141033
3014100
331221
30411111
3014103
3441000
1140033
311111130
3032220
412110300
114141
31410
32223
141300
1140300
11241300
22230300
11130300
122101221
111141300
3022311
31110330
411003300
222030300
301132200
411000300
141303
1140303
411000303
304110000
1140330
3014130
14400300
300314100
300141000
44101110
3141111
300141003
411300300
44211
304110030
141000300
11134110
441111000
112410111
11244000
414003000
322200030
111033111
111034110
112143000
304111110
222033000
312213000
112111113
411000330
114003030
44103
303301110
300023310
303300111
34410000
111033003
111300114
34140
44130
111033030
303001110
144300
30322200
303001113
30233100
311103003
111222300
33300
300142110
114000411
33300000
41411100
4110003
33300003
413220
14100300
30411300
3304110
30441000
312321
413220000
311111211
42221100
111300141
114222
414000003
411411000
141030000
30031410
411111
303001140
142121100
311103030
111001143
423210
314100300
33004110
411000
302231100
1412220
33300030
41111103
123240000
11400330
1421100
3014211
1410000
312210030
3223110
300412110
412221000
41403000
30000030
32331
301121100
3003003
111300111
301121103
314130000
111301110
31124100
122130003
111322200
111411111
14401110
111412110
411111000
141030030
41111130
411111003
300011100
111422100
141114000
300011103
111411000
30014100
112410000
3030411
122400000
222300111
303033000
222311100
222411000
223410000
301121130
233400000
333000300
222300000
122130030
141000303
302223
43320000
22212210
30111000
30314100
112111221
411111030
411003
341103
33041100
300011130
111330111
114300
300011133
111300222
114303
41222100
411300
42210000
111411003
14100303
303001221
34111110
311103111
42213000
302220000
141000330
222300003
233100
302220003
30023310
33300111
4112220
31121100
331410
322200300
41104110
312240
33001110
300141300
41103000
33001113
114330
41103003
11411100
30033000
30142110
11411103
24420000
411030
111042210
1410141
1410030
302220030
314400
3044100
301113000
30223110
233130
301113003
300004110
300004113
3300114
111411300
23310000
30303000
111411030
23310003
33001140
300000033
41103030
31122210
300003000
222300030
11411130
301121211
32231100
111300030
30330300
122130111
22200000
1410033
112410300
22200003
333003000
3411003
301113030
411111111
142221000
311133000
1410300
300011211
303300300
11400411
300011214
31121103
44130000
302220111
300133200
31121211
11400300
111300411
300003030
303000411
333111000
300003033
111311400
141000411
414011100
122400300
22200030
30011103
304140000
22200033
300411003
112140003
111300303
14100330
4411110
300004221
311111400
300011241
31121130
114411
300000411
1410330
323310
111300330
111030000
114014100
300300
303030003
111001332
30004110
141111030
311100303
11403000
3301113
30011130
11403003
300304110
30011133
442110
314100
3014400
1413111
12222210
1413000
441011100
33001221
30000033
41103111
3042210
114300300
3003300
11411211
300041130
304140
303030030
1413030
3133200
111030033
11112210
4124100
3301140
11112213
11403030
301113111
32223000
30001110
411000411
33000411
4110111
300033000
3030000
23310111
111331110
111341100
330411000
111441000
300041211
30004221
3034110
300003111
31113000
222330000
300003114
31113003
330002220
111330000
3031140
1421103
14430000
441003
112111410
3030030
30041103
423210000
3033030
111330030
303411000
341400
300011322
30003003
311100
441300
111330300
311103
13320000
1443000
303001410
13320003
300044100
300003141
31113030
141111111
141000030
300004410
1421130
30011211
33300300
22200141
30011214
112140111
12210000
301221003
300123210
12210003
311222100
3022200
30003030
141014100
4224000
30003033
311130
3112110
144011100
311133
12214110
303030111
34140000
4122210
111030114
11100003
24420
3301221
141311100
11403111
41111400
30011241
4110000
14102220
3002220
14122200
11104110
3002223
33030000
11104113
14100000
33030003
143220
3411111
3001224
300111222
301121400
30000300
3222003
300111033
122130300
111030141
11100030
14100114
14211003
11100033
412110030
4110141
411111300
4110030
14211030
14100411
300011400
3000144
3000030
300011403
300302220
3112410
33030030
4110300
330330000
31110411
2232210
3000300
30141003
3004110
300003222
31113111
303000
3114000
30000411
303003
412110111
334110000
112222110
333000000
333000003
114003300
1122210
30412110
3030222
1122213
300011430
30003111
22233000
3041103
30003114
311211
3141300
14133000
303112110
13320111
311214000
111112113
12210
4421100
114411000
12213
303030
300031410
144003000
303033
30011322
3314100
114311100
4413000
300003003
12210111
4440000
3000000
33001410
342210000
30044100
30003141
30011100
30014130
11411400
311241
300300300
41102220
111112140
41111100
111030222
11100111
3330000
322201110
11100114
3330003
301113300
141022200
141011100
141111000
122122200
30222003
142110300
3002331
23310300
11104221
30411000
33030111
2220000
30012240
41100030
2220003
300003300
142110030
330004110
300003303
122241000
330301110
41103300
141003003
11141100
11100141
3330030
11141103
411222000
414300000
301232100
1110003
300122100
341400000
30311400
300122103
31121400
311130000
41400300
33002220
33411000
300333000
1114110
311211003
