112000000
120000001
100011010
4
100100101
1030
101000200
21001
120000010
200000011
13
100100110
300010000
20010001
21010
200000020
110101
22
10111000
20010010
100010011
3100
110110
31
200020000
110100001
20002
10011010
100010020
10021
12010000
11011
100201000
10020100
110100010
20011
100000300
10020001
100201
400000000
100030000
10110001
100210
1001011
20020
2101
100120
201001
211000
2100010
10110010
210001
10300
120001
2110
210010
1000000
100200001
120010
1000003
300100
10100020
1
11020000
110000200
1000012
100200010
1000201
200001100
1300000
1102
1000210
21010000
101010001
1000120
100
1110100
1000021
10120000
1111
103000
1002001
101010010
1001002
100011100
1002010
1000030
1001020
10300000
1020001
1002100
1001200
120000100
200000101
110101000
103
210001000
2001001
10001002
1020010
21100
2100001
200000110
1200001
11110000
102001
2001010
10001011
20010100
100010101
1200010
2100100
110011000
121
102010
1200100
10001020
11010100
100010110
1102000
10000000
210000001
2000002
10000003
110100100
20101
100102000
310000000
200101000
10000120
210000010
2000011
10000012
1001101
20110
102100
102010000
110010001
10000210
101011
2000020
10000021
1001110
12000010
100111000
400
110010010
11000200
101020
10002001
10000030
10002010
120100000
200100001
10002100
100003
201000100
10001200
1000102
1120000
3001000
11001001
200100010
130000000
100012
10010002
10020010
1000111
20110000
100110001
11001010
10010020
101010100
100021
10010200
10021000
100003000
10012000
1210
10000
10200001
13000
100030
10200010
110200000
3000001
11000002
20100100
1020100
10200100
100300000
12000001
200000200
1101001
3000010
11000011
2001100
10001101
100012000
12000100
111010000
100002001
1101010
211
11000020
202000000
10001110
12001000
100010200
200200000
100002010
400000
220
1201
20200000
1011010
201100000
12001
1100002
12010
210000100
2000101
10000102
201000001
300001000
20001001
100001002
1100011
201000010
101101
2000110
10000111
101110000
211000000
20001010
100001011
110010100
120100
101110
1021000
200011000
1100200
11002
100001200
100001020
101002
110020
11000110
4000000
300000001
20000002
100000003
200100100
10101100
100102
1100020
2101000
10101001
300000010
20000011
100000012
11001100
10110100
100111
202000
200010001
10101010
10003
20000020
100000021
102100000
103000000
31000
10201000
200010010
1201000
10012
10210000
100000030
1012
20020000
100020001
10100002
112
3000100
11000101
11002000
4000
21001000
101001001
100020010
10100011
1101100
301
10030
101200
110110000
30001
201010
200011
100002100
1210000
310
101100001
202
1011001
30010
10120
1120
111010
11020
100110010
301000000
21000001
200002
1010020
12100
1100101
120010000
101100010
2000200
10000201
21000010
101000011
20001100
100001101
1100110
40
201010000
10
1010002
11200
101000020
1010200
100001110
110200
111000100
101100100
30010000
1010011
10100200
11101
100000000
100000102
101020000
11100001
100000210
100000120
300000100
20000101
11110
130
30001000
110001001
11100010
30000001
1000300
1012000
20000110
100000111
1030000
112000
110001010
100021000
200010100
11101000
10102
10102000
2011000
10011001
220000000
100110100
301000
2002000
11200000
10111
22000000
102000001
110000002
2020
100020100
10100101
2200
1300
20101000
100101001
30000010
110000011
101001100
1000
10100110
200000002
210010000
2010001
100101010
100000
110000020
100010002
101011000
200020
121000
111001
2010010
10010011
1011100
30100000
200101
30100
110020000
20100001
100100002
201001000
21000100
101000101
20200
101001010
111001000
2020000
20100010
100100011
10000300
10003000
101000110
40000
200110000
101002000
110002
121000000
100100020
1010101
101000002
200110
11011000
3001
20002000
110011
210100
201100
1010110
110002000
2200000
111000001
3010
102000010
11100100
102000100
102001000
111100000
20000200
100000201
111000010
100200100
110001100
100100200
200200
100300
200002000
11010001
2002
100210000
100120000
310000
220000
130000
1111000
10201
11010010
2011
10011100
31000000
12100000
101101000
21100000
300001
10210
2110000
30000100
110000101
3100000
300100000
120001000
200001001
300010
1003
100101100
1003000
110000110
3010000
22000
1110001
200001010
101200000
2010100
10010101
210100000
10030000
20011000
100011001
1110010
13000000
111100
1021
10010110
40000000
