32000000
20011010
1110020
100100102
102101000
11
10201100
14
100100111
10000400
100010003
20
23
100100120
10111001
100010012
32
200020001
10111010
103000100
100010021
41000
41
200020010
301100
100010030
1022000
201001010
11010101
2102
2003000
211001
10301
11010110
2111
300200000
121000001
211010
100012100
10310
2120
110000201
121000010
210002000
110000210
1110101
20011100
1110110
2300000
111100001
1020002
101
104
100100201
111100010
1020011
110
200102000
113
100100210
2001011
1020020
100010102
102011000
122
10111100
100010111
101200001
210000002
131
200020100
100010120
10021001
101200010
210000011
140
22010000
11002001
10021010
210000020
11010200
2201
11002010
211100
100004000
2210
121000100
110201000
121001
200100011
110000300
12110000
1102001
121010
200100020
1110200
1102010
11000000
11000003
111100100
1020101
200
203
100100300
2001101
1020110
2210000
111010001
100002002
212
11000021
2001110
10103000
100010201
111010010
100002011
221
11000030
200012000
100010210
1100003
100002020
210000101
230
20001002
10021100
210000110
101110001
20001011
11002100
1100021
120011000
101110010
20001020
1100030
10400000
100000001
100000004
200100101
100000010
121100
100000013
200100110
40010000
200010002
10101011
1102100
100000022
110111000
31001
200010011
10101020
100000031
300020000
1012001
31010
200010020
11000102
100000040
1012010
302
11000111
30110000
201011
111010100
100002101
311
100211000
100010300
100002110
221000000
1100102
3101000
20001101
1100111
1010000
1010003
101110100
20001110
1100120
1010012
211100000
101020001
100000100
1010021
100000103
113000
102001001
101020010
10101101
1010030
100000112
102001010
200010101
10101110
100000121
10011002
31100
200010110
201200000
22000001
100000130
10011011
1012100
110021000
11000201
22000010
10011020
201101
410000
401
11000210
201110
100002200
111002
30020000
300100001
111011
100121000
1100201
300100010
111020
2030000
1100210
1010102
3011000
1010111
20120000
2200001
111000002
101020100
21101000
100000202
111000011
102001100
211010000
200002001
100000211
111000020
200010200
200002010
100000220
10011101
10220000
101100002
22000100
10011110
11201000
120001001
101100011
11000300
201110000
120001010
101100020
111101
104000000
40000001
200000003
300100100
111110
1301000
110101001
40000010
1100300
300010001
110101010
21011
200000021
100031000
1010201
300010010
1002011
21020
200000030
101012000
30100001
1010210
2200100
111000101
100201001
30100010
100000301
111000110
20030000
2110001
100201010
200002100
100000310
21011000
10003001
2110010
10011200
20200001
10003010
1000004
101100101
20200010
120001100
1000013
101100110
10130000
101010002
1000022
11111000
103001
101010011
1000031
201020000
10300001
103010
101010020
200000102
202001000
10300010
10001003
110101100
21101
200000111
230000
300010100
1002101
21110
200000120
110011001
1010300
10001021
1002110
410000000
400001
110011010
30100100
10001030
101000
400010
101003
100201100
100000400
30010001
2110100
100111001
30010010
10003100
101021
112100000
2020001
100111010
20200100
101030
1000103
101100200
3001001
2020010
1000112
20110001
3001010
101010101
1000121
20110010
103100
101010110
10040000
211000001
1000130
10300100
11021000
200000201
211000010
10001102
300002000
10210001
200000210
10001111
1002200
10210010
110011100
10001120
201100001
400100
220001000
201100010
101102
2102000
310001
30010100
101111
11000
310010
11003
100111100
140000000
300000002
2020100
210101000
100021001
1000202
300000011
3001100
11021
400010000
101002001
100021010
1000211
300000020
11030
101010200
101002010
1000220
130100000
20020001
2100002
211000100
200201000
21001001
20020010
2100011
13100
102110000
10001201
21001010
10210100
110003000
10001210
120200000
10120001
101000003
201100100
11101001
10120010
101000012
30002000
201010001
11101010
310100
101000021
100103000
201010010
101000030
110300000
220001
300000101
11111
1201001
110001002
100021100
1000301
300000110
11120
1201010
110001011
101002100
1000310
210011000
110001020
100400000
30000002
20020100
2100101
100101002
30000011
21001100
2100110
130010000
2010002
100101011
30000020
200111000
2010011
100101020
102020000
20100002
10120100
101000102
103001000
20100011
11101100
101000111
302000
10030001
201010100
101000120
11011001
3002
311000000
11201
10200002
3011
220100
300000200
11210
10200011
3020
110001101
110210000
130001
10200020
110001110
1111001
130010
13100000
300002
30000101
2100200
1001
300011
1004
100101101
30000110
100310000
1010
300020
1013
100101110
100011002
2010110
10112000
112000001
100011011
20100101
1031
200021000
101000201
112000010
100011020
20100110
201002000
20010002
10030100
20010011
11011100
3101
120020000
102100001
20010020
10200101
3110
121001000
102100010
10200110
110001200
10110002
130100
10110011
1111100
110120000
40001
201000002
10110020
300101
111101000
1021001
40010
201000011
1100
300110
1103
100101200
2002001
1021010
201000020
1112
2002010
210011
100011101
100220000
1121
112000100
100011110
101201000
210001001
1130
101000300
10022000
210001010
20010101
11003000
20010110
21200000
130000001
2000003
102100100
10200200
200101001
130000010
2000012
122000
102010001
200101010
10110101
1103000
102010010
10110110
11300000
120100001
10020002
40100
201000101
300200
120100010
10020011
1021100
201000110
110030000
1202
11001011
10020020
210101
111011000
100003001
1211
11001020
210110
100011200
110200001
100003010
1220
110200010
120011
210001100
100130000
20002001
1101011
120020
20010200
20002010
1101020
3020000
100300001
130000100
2000102
100001000
100300010
100001003
200101100
2000111
21110000
10102001
100001012
10110200
200011001
10102010
100001021
32000
200011010
20000003
120100100
10020101
100001030
1013000
20000012
11001101
10020110
11210000
120010001
20000021
11001110
210200
120010010
100003100
1310
10100000
10100003
110200100
120101
10100012
1101101
120110
1310000
110110001
30002
20002100
10100021
1101110
110110010
30011
10100030
100040000
301000001
200003
30020
101021000
2000201
13000010
1011020
100001102
102002000
100210001
2000210
10102100
200021
100001111
100210010
200011100
200030
100001120
3100001
20000102
310001000
10012010
20000111
11001200
120010100
1400
11120000
112001
102000002
10100102
300101000
112010
102000011
10100111
10010000
10010003
110110100
30101
10100120
10010012
1011101
30110
220100000
110020001
13000100
10010021
1011110
2201000
111001001
110020010
10012001
2000300
12001001
10010030
200111
110000
100001201
111001010
110003
100210100
20102000
12010001
12010010
200003000
2021
100001210
1100012
110012
11000012
20210
320000
210200000
31000001
11000120
11001002
10012100
110021
2012
1022
1301
20000201
31000010
401000000
11012
10112
110030
1120001
120002000
3010001
101101010
30200000
100301000
11012000
10121
1120010
3100010
200120
3010010
20012
12101000
203000
13000001
10040
200300000
21100001
10000112
20201
112100
102000101
101000210
111002000
40001000
10100201
200001002
20120
10220
10000040
102000110
3110000
11030000
22001
10100210
200001011
21002
13001
10010102
400000100
30200
1003001
22010
13010
200001020
12020
1001120
10010111
1011200
11200001
120000002
101201
110020100
1101200
101012
100112
30101000
200201
11200010
120000011
111001100
101120
101101100
100004
1130000
2001020
200210
10001012
120000020
110120
110102
1002002
2111000
12001010
100200020
200012
200110100
2010101
400000001
110111
20000
1300001
110100002
20003
31000100
100040
1001300
20001200
20201000
101210
1300010
110100011
20000300
11200100
200102
1120100
210110000
100030001
102000020
4000100
3010100
20021
1111010
110012000
100130
101011001
100030010
100400
1202000
1001021
20030
2010200
104000
12100010
101011010
100102001
21100100
10100
1001030
202001
102000200
201002
10001000
100200011
10100300
200001101
202010
201020
200210000
21010001
10002002
102020
22100
202100
200001110
201200
102200
10010201
21010010
10002011
1003100
100120001
210002
120002
103100000
100120010
10010210
220010
10002020
120000101
210020
120200
401000
120101000
1011011
1001012
200300
1001102
120000110
101101001
4001000
11110001
102002
1101002
1011002
12100001
1000001
1010120
30011000
110201
11110010
102011
2000021
1000040
1000010
100001300
1040000
202000001
110210
12100100
10000004
110100101
20102
2000120
2021000
1000400
202000010
1000100
200000012
10000013
110100110
20111
3002000
1210001
110010002
101001002
100030100
201001001
10000022
1001111
20111000
2001002
1210010
110010011
101011100
1001003
21100010
10000031
210020000
100001
1003010
1002020
110010020
100200101
300001100
2002100
211001000
2001200
100010
1004000
3200000
100013
100200110
2
14000
4100
100110002
1001000
21010100
10002101
100022
203000000
10211000
400000010
140000
100110011
10010300
4010000
10002110
100031
200120000
2011010
3000002
102200000
100110020
21000200
2100020
310100000
201101000
11300
13010000
3000011
11100200
111200
3100100
2010020
103010000
1030010
1211000
41000000
11110100
102101
1030100
1020200
311000
30000200
2012000
1031000
110300
320
102110
200000000
121100000
11020001
12002
1200110
202000100
130001000
110102000
10000103
110100200
300001001
11020010
12011
1201100
10000202
2000000
10030010
100022000
1001201
300001010
201001100
1210100
110010101
2200010
310010000
101003000
10000121
1001210
101200100
2000030
1300100
110010110
200100002
111200000
220000001
10000130
1200200
100100
4000001
4000010
100103
20021000
2101001
220000010
10310000
1040
20003000
11102000
10000100
21002000
10001
2101010
100010000
10004
100110101
11011010
31010000
10002200
100121
10010
101111000
20101010
10013
100110110
102010100
101300000
210100001
100020002
113000000
10101002
3000101
10022
2300
10121000
212000000
210100010
100020011
10301000
201000200
3000110
10031
200030000
11010002
10000001
101001011
100020020
20000030
202100000
10010120
201011000
301001000
100200200
12000002
101001020
20012000
200000
21020000
100300100
200200001
21000002
31001000
11020100
12101
210000200
10000010
221000
301000010
200200010
21000011
20300
110100020
12110
10101200
121010000
110002001
1400000
10000211
21000020
20000120
101102000
1220000
110010200
20000210
110002010
200100200
10000220
3200
101300
1100000
230000000
310000001
11100002
10400
220000100
100100000
310000010
202010000
12010100
30001001
100202
11100011
2101100
410
12000011
301000100
111110000
1030001
30001010
100211
11100020
10001300
10004000
10103
100110200
2011001
100102010
13001000
100220
12000200
23000
300110000
302000000
310000100
1200002
110000003
210100100
100020101
300011000
10020200
3000200
20101001
100013000
1200011
110000012
101001101
100020110
10013000
101210000
210010001
10130
100202000
1200020
110000021
101001110
101120000
10031000
120000200
210010010
100120100
20110100
320000000
110000030
20100020
4100000
4001
100200002
100100003
200200100
21000101
40000100
20100200
12200
10201001
4010
10202000
100100012
10000301
21000110
20210000
100112000
200110001
10201010
12000101
110002100
100100021
10000310
12000110
131000
12001100
200110010
12011000
12000020
111000200
100100030
112001000
1112000
103000001
22001000
12002000
400100000
11100101
12020000
200001200
21200
301001
103000010
131000000
30001100
100301
11100110
212000
2000
3000020
301010
2003
100102100
23000000
100310
1121000
2120000
31100000
10202
11010011
2011100
112010000
22100000
12200000
111020000
100012001
11102
10211
11010020
1200101
110000102
100020200
400001000
200000300
100012010
220010000
20101100
101000000
2030
110000111
101001200
301010000
1110002
101030000
210010100
122000000
14000000
40100000
110000120
20011001
110000000
1110011
120110000
20300000
20000000
301100000
