112003000
13000012
31101001
220000
10020100
110001022
11001004
20200000
40102000
200130001
101210020
210010021
200011012
101211001
111112
102001030
1200001
2000041
11110111
200001100
1000111
100202110
1130200
2212
12000010
2301001
100402000
20110210
10010101
10101202
1001203
410110000
101011102
101003020
220000102
200130010
102040
100212001
130011010
240100000
112011100
210001111
301120
1003201
200200300
3003010
100102000
301200001
300112000
100000213
212020
102201001
21200020
11004001
211010020
114000001
200001103
2012110
210100120
1032100
4101001
111010300
11011300
100222000
110001211
20120020
13102
320200000
124
100312
100000231
300022
10040002
11101120
101002102
110221000
4102000
110014000
130110010
200001220
103000
10101130
114010
221101000
102100210
1100002
300000121
100110040
220100002
110130001
100030021
11013001
10210
200000002
101021200
100201000
100302100
110040001
10110121
20000041
13000102
111000004
30010210
1000102
300100210
110200300
101000320
10231000
10230100
200122
20020120
1021102
2011021
1300000
31300
10102021
120202
420000001
10103002
211200010
120100003
100311001
101100220
12120010
101200300
20010130
200010130
200011003
3001102
300202
300011002
112012
2020111
10102201
110000302
100103200
11020201
400000120
12001111
102000301
11111200
110011201
10113100
43000
111301
10102012
121100110
2110003
104001010
200211001
100111
200012101
121003
1300201
141000001
100101001
1024
112101100
30001300
1122100
200210011
100121002
113011
4002010
23010001
41011000
320000101
100011211
10100113
20010022
1001104
20023000
102001111
210001120
110111110
10301101
10021210
21300100
111002110
120000130
201000310
201111010
12010201
101012020
400100110
20041000
130001200
111000010
101000122
1012000
100112011
100012
100300000
111201010
101012011
112300000
3000013
4000000
20011012
101203
10110022
112002010
13000210
2000203
101400100
211
12201010
113011000
210013000
120000004
10410001
2010121
21103000
42001000
200000032
2121100
12102010
102101101
20220001
110211010
30010000
11120110
10040200
112101001
3001021
302200
10301002
200020120
101201011
102100012
22110001
1002112
3010012
201101110
21020020
2001400
121101001
201120100
211300
401110
202120000
11120200
10110010
101010121
10012
200010220
100033000
200030020
10003003
210011200
200100211
140200
20131
202100011
11110201
10002100
321010
100401001
110012020
101012101
1021201
3110002
10220020
101113
1221010
120002110
20003101
20120011
100020022
10000012
210010
11003011
3010102
320002
300103000
100200112
100114
401101
10002121
220100020
110032
20100112
10100101
10021030
10010200
100121101
11102101
11100010
201020200
1030021
20010001
2011012
110000230
104200000
20211100
31101100
201040000
21010111
11100103
2211010
220300000
201202
113000002
3400000
101401000
31010020
12002011
20101111
110120110
11203000
110100310
1310110
20311
10020112
10010212
111201001
1201
203020
300202000
100000411
200111110
2210101
21003100
21111100
210120100
300121
11200012
123000010
30010030
22002010
30002101
10220110
210201001
100102111
231001000
22200001
114010000
101001400
20000002
2102020
121012
212100100
1014100
120000100
110011111
2001010
312010
101200021
11300200
12000004
10200022
10400002
410000101
21001102
21300010
101032000
101030200
111020101
30000100
100103020
31000
12200200
1112011
30011002
100212010
33010
20002102
10101031
100011004
200023000
100203100
100100200
100102120
20001031
1022011
1000231
410101000
102003010
4120000
112000
120211000
101020021
141100
101000230
100022200
2002210
10203100
110021020
10022110
20010112
22021000
1000402
400011100
1111012
20220010
20100220
21102001
1041001
120000010
200000101
210130
300010003
313
1121011
101200201
21010210
1410001
10101211
200110201
20010202
1040011
11010013
300110110
3001012
10103101
110201011
200023
1101013
2102200
2201020
21000310
112010020
40210000
120101011
22000
20010010
131110000
202200010
3010003
130000120
10111
300002020
1031200
2200210
33010000
31011100
100200031
411010
120200110
20000140
20200012
1004002
321000100
101000302
10130110
131002
101100301
1004101
12300001
111001000
10310101
201010021
120020011
201201010
110001310
2011030
11221000
100211020
200021020
11201101
222100000
10120012
130020001
100200220
200041
23200
104200
11013010
101300200
131010100
12002200
200011111
110100022
300200110
100020103
101010301
22000003
2101021
1001302
1002031
1110211
102100111
2030101
110001400
101230
1020013
2300011
41001010
12001030
103000102
100100203
100100113
2131
100111021
102010012
1101022
141010000
100300111
12101002
10001320
300001120
202100200
1011400
210110110
100030120
300010300
1202002
411001000
102020200
21031000
201020020
203010010
210121000
111010111
104002000
2101000
131000110
200410
201010
110010022
10001101
1101031
133000
30012100
110101003
14001010
10420000
110110102
30021001
1020040
211100011
300100120
1400200
2010022
400102000
230000020
101000041
340000
1001230
101003200
201000301
301100200
10100020
113200
231001
20300110
202200001
111000001
20200210
10023010
1110202
10101022
130200010
121101010
220000210
2110300
210120001
10012030
10013011
1102201
102220000
120001000
130011001
2221000
200212000
10310002
210102001
200100121
231000010
101210101
211100002
142000000
2000302
310101100
30301000
3300100
202010011
41002000
10011022
1231
2310010
113200000
111111100
2140000
102001000
120003100
301102000
111103
101100103
141100000
100000021
300000100
200002210
40010110
100140100
11200111
20113000
201011020
2001004
13120000
1300012
1011001
30202
210000112
41101
100021102
401101000
21201010
23000110
101201110
102010300
22010002
111000100
112110001
210012010
31200001
100110121
411100000
201001
210210010
102004000
10104001
400000300
30020011
210300100
200300020
130021000
302110000
100002301
12310
112030000
1111030
20111101
20000011
300010201
2021002
110013100
2410000
200032000
221110
10011121
102200020
22010011
31001200
120002200
20000311
210000010
4000030
121111
11030101
400111000
410000011
400011001
110002021
303000010
110011102
100000114
200002120
310102000
300111001
10210012
131100100
201020002
102002200
3101002
20011210
1113001
11104
30103000
20040100
10001140
104000110
201210010
100032001
100003102
210202
121021000
103101100
3020011
32002
1110040
1330000
102400
4000210
22000030
202010002
1001113
30013
30010012
11020120
400201
13020010
31000201
1002220
302020
300200200
1112200
1010041
102100120
21310000
111010000
200210020
10030210
100003201
202003000
101211100
120010021
11300002
2211100
1000300
201010210
100202002
400100011
210211000
14000110
120100120
101040001
1002202
200002111
13010011
210101200
102000400
4021000
30001021
300200101
302100100
10330000
400012000
1204
113000101
201110200
110110030
4000003
11310010
20401
202100020
102013000
21010300
200011120
10200301
121110100
112021000
31020100
201001021
2301010
111002200
30101002
20202100
10010311
111102001
1110100
1100140
22201000
11022010
3111100
200002000
210002011
200000131
200210110
10114
210400000
210112000
200014000
204000010
2101030
20011000
30102010
1100230
13111000
2102002
1200112
400001200
1240
114100000
202001110
102010030
111030001
202002010
1004110
12000013
101200000
200203
10211200
110021101
100010311
3000040
110122000
101140
30211
10021201
1004200
101110003
102000022
112000012
200121010
10013020
101100022
112100020
21201001
200120200
130010011
310100110
13201
12040
11121001
400001002
22102000
30101200
300020101
3211
1010212
201001000
112020100
30003001
104100010
11220100
11210101
101010022
112
202000300
200101111
10220011
11210110
20140
42010
1010101
11011111
20020030
2001013
110000122
10100203
10100131
130
1011301
101300011
100123
30012010
10001110
200100103
210100012
21100012
1100014
1002103
20001013
1211011
401110000
101011300
312001000
13100101
30001102
10100032
11103001
1010023
221002
112120000
200202010
200401
100100041
200110
10010203
421
1120
31111000
1003120
300110002
120200002
130000210
24000100
102101011
10031020
11010310
1211002
12100030
310020001
22002001
200001211
302100010
1000204
110200111
2101003
200101000
202300
10200103
1121110
3202
10001131
101020030
10021
300010012
110110
11311
1020211
10321
111011110
1000012
200021101
12010300
101001010
11110120
100101031
2103100
2202100
201100030
20300011
111000013
210011101
100130110
100102003
400
142
212100010
211011001
1201210
102202
11200030
210011002
100013200
40021
103101001
2121010
203110000
200100001
10002202
20001301
102130
311001100
110200030
41000020
10001221
300100111
100140001
300002011
2001001
100303000
103010020
10000411
20100010
10020202
11401000
11032000
22010020
220010011
210000103
2000002
310010200
102202000
410011000
202020001
1113010
200001004
400012
301120000
103010101
212001001
20000020
10112200
10300
100204
201021010
212000011
12030100
10104100
100200013
210010012
1000420
20200111
100104010
10410100
10410010
402010
12110110
20131000
102110020
10230001
10300102
204010000
202101010
130000102
20101300
200101012
11011
12103000
103003000
204100000
2002000
110022100
1410100
100020112
111004
1303000
12031
1002001
112000003
11310100
2004010
101000032
311010100
10022002
310002100
200230000
1203001
110131
102020002
2041000
110220100
202000
110010121
1140001
101102200
231000100
2202001
300002110
111102010
304000
30100120
111010021
1212010
101003002
120030010
122010010
301300
100011121
201102001
100
101100400
22200010
2300110
3200011
210000310
102000010
20011102
311001010
430
130100020
11010004
101200210
300011200
14200000
11041000
103010110
101000131
140010100
320020
10020301
121100020
300210001
221011
1141000
120102100
101100100
1101130
101202010
400010002
111040000
11001310
20011030
110201020
301110100
1401010
100000312
10110220
101002000
1001023
1011112
13010110
303100
100101121
200001001
1300102
210103000
11023000
20000104
10411
201111100
120110002
110000113
301010020
20122
11220010
102200101
200013100
201001210
220300
20020
11110210
22020001
22101010
10011310
1013101
122011000
220100011
101113000
300400
10100410
1410010
31000003
20004010
210000100
10102003
300120001
140020000
101104
212101
100302001
23100001
120001012
20000110
20100013
11140
110011012
1110004
130100200
1010221
1010020
111200020
10000330
100111003
300000130
4200010
2400010
21022
20300101
311000002
110020021
1030120
203011000
120001102
100012210
130300
100203001
30301
303000100
300004
20101
100001032
130210
30112000
100011130
13101001
101103001
3020110
201301000
112010101
30002200
100021210
123100000
100203010
10302001
100211002
10210210
1420
21100201
101000113
3100300
21101110
30000022
10121020
10014001
120103000
31020001
20102011
113010010
21020200
122010001
111012100
14100010
200010001
11040001
120200101
130000003
210002101
100021201
11021101
204001
121100200
200003110
201110011
301102
211111
23101
10002040
2112001
100300003
23002
21112
111300010
1311001
411000010
401001010
110210020
100014100
110003011
111002011
100200022
2311000
111120001
10011013
130000111
210020011
21002200
21000100
103000210
31110010
110021002
400010101
102030010
13011001
21111001
100320010
1213000
122200
40110001
22201
111000121
110011300
20001040
21001201
20000122
40020010
20212
200112001
120200200
420001000
11001202
121021
201031000
200301001
100011013
1100110
103021000
210202000
3010111
202001101
110001040
120000121
110101111
100120111
13102000
11020012
10201201
120010000
112010110
30002002
21110110
21110011
1002022
100120021
220111000
103011100
13001110
101110300
20001130
302101000
100010002
120130
20230000
101010112
13000120
102011020
101011
100120
200113000
21001111
200000200
120111001
200201200
120201001
301200010
100200121
211000111
21100120
2020201
201012001
200111101
300020011
300000211
310000003
12010000
110301001
200400100
120301
20200300
120003010
100000300
11100211
1101004
122000011
101101300
240000010
20023
211012000
3011011
2013001
1001011
21000001
101301100
11113000
110012002
100042000
310000102
1101220
1102012
102100000
11010100
121030
10021120
131101
41001001
401010100
121011010
2003101
10000003
230010010
13200001
200020111
200000311
110000101
100201021
1010203
11100100
122101000
100024
210020020
112000210
201000211
141000010
21110020
211030
300001000
201013000
102011002
110120002
1310011
410002000
130003000
3013
300110200
20210101
130110100
100300120
40011010
2320000
2003002
22000021
201000040
111110011
101221
1200121
112100200
210310000
231000001
130020100
11002000
13001200
330001000
10110211
130030000
20010310
12110101
100001110
1003012
402000100
10300000
21011020
100220110
302101
12220
20011
133
110111200
20212000
11201002
300001021
3210010
11111002
210301000
2000230
1000141
101011000
200100013
402100
10013110
31030000
1101121
320001001
120101020
21000040
210110101
10211002
111300001
31000111
201002020
232000
10102030
10300120
210103
2120200
221100100
2004001
11101201
200020
20100040
100002211
20004001
101100013
1201201
401000101
2000122
200001010
20020210
1101010
1030210
11020111
121100002
120010030
1111300
121110001
32101
300030100
1100311
123010000
2030002
1030111
21002020
102000100
111001012
301010200
1122001
111022000
12020002
20210002
10001032
12112
220010020
10300003
23011000
131000011
301100101
211000
20010040
200010040
2230000
2211001
1020001
400002001
1100032
2004100
104100001
10011004
200040100
12100111
110031100
200000302
12110020
220110010
200111020
10120003
131000200
100201120
311200
201102010
101101111
10023100
101220010
2101300
102030100
211001200
111000112
200110120
10001020
100120210
201202000
120020002
200010301
300010030
10001002
2202010
1200010
2020000
100101220
210100003
202000210
2110102
201220000
22101100
100120030
103000300
20030101
120001021
2002
102011110
200003020
20100202
1204000
1001101
103001020
202101100
200001040
220110001
110011000
10100320
301100110
10020010
220000000
11201020
121
102211
1020031
101120020
42010000
210020101
120000112
1400002
100201102
110022001
11001022
131000020
201101020
220011001
10021021
301110010
111031000
202010101
114000100
201013
1131010
101102002
201100120
11201011
30210100
400001011
120000022
100020121
102022
210200110
22001200
21110200
100132000
100103110
110020120
120111100
120002011
312000100
21110101
200220010
220003
10220002
110100001
3220000
100010041
301002001
2121001
24100
210022000
101003110
130000201
11002210
10200001
10100221
40003
22200100
111000220
104000200
201101002
20100004
100012000
11010220
1120210
13001020
220200010
30211000
11201110
142000
2302
300012100
411000100
113101000
103002100
1003003
10010041
1020022
102100003
200011030
410020000
21030100
20110300
30110200
312000001
3010
310000201
202111000
30020002
211002001
220001002
10202200
100020301
10240
111200011
120201100
2201110
220101010
110300101
102121000
200131000
201000100
111210100
101010013
1010002
10110400
120021010
220001011
104001100
10102111
1130020
100140010
3001
210100000
200110012
1030012
104011
20401000
20032000
101221000
101000221
120100012
301100020
200022001
113000200
100411000
111021010
200030011
100103101
201004
201300010
220000030
13100002
111000202
4110001
100130011
33100
300020002
31100200
10120120
112010002
11022100
10201210
2120002
10213
10120210
21030010
13110010
3010201
10011211
20203
310020010
100001101
302200000
110100400
401020
320100001
100222
301000201
10321000
21111010
220111
10010122
4030
121210
100012021
32100010
14010100
111110200
2011003
20100130
100031101
10001014
113100100
200030110
110004100
12120100
200230
10010401
10040101
102310
231100000
2201011
1003030
1114000
110101000
10100041
100040020
20001202
1200004
201100003
101020000
2002120
131011
11102011
100000120
30300100
110220001
2200021
311110000
14000020
201000001
101030011
2100211
120022
300130
200031010
11101300
201112
2031010
2011300
11010130
20201002
120031
23100100
103002001
22001011
110000212
120012001
111001300
103010200
11130100
231010000
212001010
102010111
12000100
11000104
14000101
100200001
310101010
232000000
100000204
2011
3121000
20022100
20021002
43
101121001
202000030
120021100
200110300
201011200
310111000
11010211
100210000
21120010
211003000
1132
1001041
40020001
3100021
21210001
3000031
201000031
102010210
101000110
100030012
402100000
301300000
4100200
100101040
14200
100001401
2002201
211021
202002100
13001002
200103010
400101100
210200200
111110101
320100010
100210102
1103020
221101
4020001
2001031
21021010
110030101
100000303
11000311
100023001
100110010
220000300
120010300
101031100
200002003
13000201
11000023
101011003
1211110
210111100
101014
110140
120002020
13110001
301000210
22102
2001022
2310100
210000130
200111200
200110003
201012010
111210010
1311010
100330000
200310010
300010
202210
301201
100011103
12111100
22011100
320000110
10103200
10201102
110010031
100002004
12220000
2010001
100022110
100000042
1011220
2020210
210000220
100114000
100101400
31021
4200100
402000001
12021010
2010010
21000004
100210111
10102210
1042000
12400
20201110
20140000
200003002
11000032
42000010
1400020
2100040
10120021
20300020
20000200
200001112
200320
410000020
310003000
112001011
110000140
320101000
10230010
10202002
301210
11210011
30001111
100104001
201100012
11014
300002002
320100100
300100021
110000032
121011001
1012003
10111012
3100120
201310000
110004010
110010400
10011301
310000021
30300001
10201030
311100001
110302000
120121000
130002010
30000040
100220002
1121002
110030020
100200004
14110
21012001
3003100
3001300
111003001
113001001
210001003
4003000
21100102
130001110
31002010
321000010
12101011
20010121
10011010
40001002
12040000
3001003
311101000
20300002
100121200
101110120
3100201
102000211
102010003
10111111
110011210
200102200
10200130
102220
1130011
13110100
11212
201010102
40102
3000211
20113
101001040
31002001
210012100
301000
103003
10200010
1012030
40001101
102200110
420000010
1030102
122000101
201001300
20010004
10222
1301002
110401000
11111110
20011111
221001100
220001200
211000021
3001120
200012020
10132
202102
330010000
200220001
1400011
20010220
100021012
101102011
301000102
201001120
210101101
11000122
300111100
2203
1041100
100100302
10042000
1040020
10040110
100004002
1110301
122020
10202110
300021001
2010013
111001003
330000100
200104
110113
12020101
101031010
3000001
111101011
100420000
100100401
1020010
131101000
22000111
13002001
120110020
40101100
20002120
20010013
110401
111211000
2002021
124000
10031011
10041001
102102001
4010011
3300001
23001001
100231
31210000
310000030
102120100
30110101
11101210
32000011
20000212
100200400
10010302
201100021
1104001
210031
400201000
212010100
200112010
1013110
102012001
1101001
111201100
110002003
110010103
21101011
130000
10302100
100300021
200002
1300300
100211011
300010120
312001
400300000
300211000
3101110
211001110
1033000
110103001
200014
31003
110012011
111202000
10030021
101212000
2311
1100011
132100000
210200020
1001221
101011012
131002000
31001020
401011
40000
22002100
11300101
4030000
10030111
102000310
201000004
41200
202011100
130001101
20101030
211110001
110002120
2200003
12000103
204000001
21001012
10300021
100040200
100010023
10001122
100003003
1010014
11100202
110030011
402010000
410001010
120010003
20021020
41110
101200
1002400
400000111
42100000
1112020
11100220
1010131
100120201
410100010
11010103
140000101
301010110
310001020
110212
2003110
11020003
4010002
40101010
100300210
11211010
100010020
100301110
121012000
430000
401002
21120001
21202
1012021
222001000
20010031
1013200
210000040
200200
110100202
310100101
20002
301002100
10301110
31001002
100110400
10212010
101100001
2100310
21220000
110200003
4300000
220000111
102111001
100310011
100003021
200300200
43000000
202001200
20013100
100010212
130102
100000000
1122010
110221
13003
12010003
13002010
111100201
300101002
4000201
3200101
12102001
10033
110102110
220012000
200031100
10312000
120210010
101112001
10420
100110031
20020000
400000021
2031100
103000201
4000300
101001310
20100022
10401001
1011310
110300002
1031011
211000210
30001210
100210003
200010112
110020
140110000
201100111
20011120
101111002
3000004
410200
200001202
2120110
13000030
120011110
101112010
101301001
2301100
32001010
13100011
2111110
10020400
132010
3010021
131000002
403
1201102
200131
101100121
3220
210300001
210210100
121001110
21010003
200030002
121001200
11000200
3310000
201120010
10010131
301011010
102100
310012000
20020201
100004200
100102021
100201
401100010
230200
2001301
100011301
102010000
30003100
10002220
20130001
201400
100021300
200010004
21200200
103210
2201002
1002121
300010102
110030110
201000103
1011130
211003
102010
112001110
30022
10041010
111100021
111001
3012001
120003001
220102000
210001300
101102110
11000110
20201101
100020400
10010113
102301000
20200102
30001
100110022
220000201
110003110
200001130
20001010
1132000
101100211
1110022
1202011
21011110
101030002
120001003
30100201
10013200
110010010
10002010
2113
21200011
1300120
1001212
10000420
213010000
212000200
30200002
200300011
111121000
210000211
111011101
210130000
1110130
122011
100210
111120010
11110003
110310010
210100021
1100320
1031110
200031001
1300021
1000030
111001210
30100210
1130002
1010122
1020202
23101000
202200100
200300101
221000011
210000022
101010100
101001004
11200000
311001001
1220011
3120001
2012002
211020100
200002030
24001000
3000121
201111001
120100102
121100101
120000031
200110000
10101220
24010
1120000
300101200
1230001
110000410
11200021
2100112
210002020
120000301
11111101
110100100
401011000
2203000
20031100
100003030
3000220
20121100
110120020
421000
23200000
4000111
2210020
14000200
11002120
101120200
2023000
212000020
12021100
110001010
140010010
20121001
301010011
2310001
103000030
212002000
11000302
30011101
212200
12100210
21301000
211011100
131010001
321000001
12111001
11110
11102200
10002211
12100000
110110021
10004101
410010001
3002011
201200200
114000010
100200211
310010011
1000321
23020000
4012000
310210
100001014
300011101
100110001
101101201
1302001
41110000
1000042
320020000
101020111
120000040
311000101
2130100
4001011
201030001
11101030
40001110
10302010
110103010
20400001
100001011
101021002
102201100
2210110
210021010
31001101
200100004
101121010
1111
100000201
1010302
202210000
420100000
1011004
110001130
21011002
102101002
200140
230002000
20000302
303000001
101001103
10300201
10010020
100011112
10101004
110030200
213010
2030020
22001101
100411
100100212
110020210
4003
11012011
32000002
100020010
20002012
300000010
231010
13021000
121020100
200310001
110102002
103111
101013001
10000024
200302000
12211000
21002101
20010400
11000002
200102011
10110103
10040020
120310000
2221
210201010
130010101
110003101
21010120
11031001
102101110
11121010
1213
304
21001
40030000
210004000
3101200
11011201
112210
100001020
101020210
10031110
23000020
211010002
201011110
101000014
40201000
40100011
4010110
113002000
1002004
2201101
210110020
10011220
101103010
211020010
20110030
10111000
100000
301030
30201001
20201011
310
13010101
101011021
110014
21021100
111101020
10212100
1140010
110203
1001311
24001
111130000
240010000
22110010
111101002
10300012
4300
101002
101004001
121000000
11000041
111001201
310100011
10011031
11202010
211011010
110032000
3112000
200013001
10112011
4200001
100030000
22100002
22001110
211001002
201002011
1221100
100002100
200002012
21300001
100110112
12201001
101020102
220010110
300001030
200320000
12111010
311000011
120102001
10100002
11040010
200040001
3121
313000000
112010200
111010003
30002020
102101200
3000400
2112100
1321000
11300020
10021012
1131001
1000132
10022011
104000002
20011003
20000014
100024000
101021011
2100100
400210000
12010030
10111120
100020211
100020004
201011002
121030000
103020010
220001101
11120101
11102002
12310000
1030003
100113010
122002000
3010030
2003011
302000200
101210002
10110112
221200000
110020003
101002003
103001011
10120300
2100004
210201100
201001111
200000014
111100120
101410000
30000121
210111001
110210011
20201200
30022000
30000103
20001400
12000040
20010211
40201
30001030
211010110
110003020
210010201
21010
100101301
300012001
12202000
120000013
101011201
1310101
10014010
30010021
11112001
201010012
10003300
2010202
11041
100220200
110310001
10100230
200020210
130002100
103020100
20003110
111000130
30000031
130110001
20100001
300004000
30201010
1031101
1300210
3000103
120120100
100231000
300100000
100030102
303100000
20310100
20020003
11000410
4100020
12011011
30210010
10210003
2300002
200101120
1300
1101310
2001202
402001000
200210101
201130
10002310
10002004
300120100
1000120
100103011
112200100
230001010
3002200
14002000
10103020
20200120
31102
21202000
1202101
12010111
310000300
311011000
10004200
13
1010104
1210102
30021100
101012110
2010100
210010210
220011010
3003001
200200012
300030010
110200
110023
1110112
1001401
1300003
2110021
201002002
30120100
100111102
20010301
122110
11011021
21001300
40011100
201102100
101011111
10100401
310200010
100010302
10020001
102000001
221000020
110111011
132100
200004001
10012102
1000000
1310200
1320010
101002012
1022200
11030200
210030100
101041000
20002000
11003200
122001001
21011101
212020000
10110001
10210021
2001112
3000100
220030
1000210
202012000
32010001
111020110
111111010
20102200
1210030
20110102
100021021
21201100
2110120
300010021
223
20320
2101
100000321
11010040
100211101
210000202
4101010
10201000
100201030
1320001
113010001
101311000
102000220
101001013
210001201
100102300
301100011
10012111
203020000
100010140
11101
1031020
10010023
21004000
300200011
101100130
1002013
202300000
23010100
30200110
320002000
4100101
110100010
400003
11401
22111000
1020310
202021
1200103
302001100
14020
1100203
10030003
211001020
120002101
200110111
200220100
110202100
10001302
40101001
220200100
410010010
2110201
111002020
14101000
11004010
121000210
110101300
104000011
101002120
103120000
200010310
2200120
10030120
13012000
200003011
3102010
10210300
10100014
10022101
300010000
121200010
130021
1102030
41100010
10401010
110010004
11010202
100321
200020300
20101210
31120
10010104
1231000
1110001
120101101
2300101
111003100
101011120
200010100
20200021
100111012
102100102
111103000
110002030
230020
100310002
31111
310010020
1102000
112102
102022000
3021001
2101201
320000020
14100001
11011210
320011
200212
100121020
22000210
23001010
121020010
111112000
101000002
30001012
313000
300100003
111100000
101131
10102102
2100031
100101022
22011001
121010200
202102000
110300011
121020001
12010210
120120010
100000420
1101112
222010000
11030110
110001013
320000011
310200001
32010010
1420000
200032
241
421000000
320011000
100030003
20000230
40100020
100202200
10200013
31000000
121000021
2000014
10202020
10210120
340
101201200
11301010
103000111
321010000
13000021
10220200
1023001
103100200
41001100
11021200
110120200
100220011
10201012
200002201
10002400
34000000
100240
401010010
114001
221010010
201021100
20001220
30400
301020001
101120110
200110021
103210000
100041100
220001020
10201120
1131100
331
11220001
401020000
111300100
33000001
22100110
310030
100100221
100000240
300000301
1200013
10000000
400210
10120000
10021300
3004
100011001
101001202
3103000
2032000
10204000
104110
100303
101400010
10031002
111021001
11311000
1301200
1010110
131011000
11020030
20030011
1011121
412000000
103030000
100031110
200100022
40010020
130000030
3002020
300210100
20203000
101020003
11011030
10200040
100030201
1202200
210310
12200101
111002002
131001001
100111300
200113
120103
11010112
10300030
30102100
11100400
300012010
1021012
11301100
20200201
1021120
20011300
22020100
11030002
102101020
2001040
100012003
100121011
10000231
201300100
11211001
130010020
10140010
101202001
1210201
230101000
10202011
401200000
400010020
3001201
201020101
211002010
111011200
10111030
201001012
100100014
10000240
203000011
103201
1212001
30010003
300220
10401100
10101040
40001200
100112020
111200110
12000211
111001120
20122000
40111
120400
112001200
10310110
111400
10400110
10020040
11120011
4000021
220210
22000012
20020111
3011020
24000001
100022011
100011310
113000110
210011011
140011000
110201101
300103
110200012
10400011
20032
40110010
120000103
1100020
102020110
102020011
104010010
30100
1220200
112000111
31011010
11004100
11000101
20012101
141001
120121
121000003
211120000
200003200
204000100
240000100
100130002
200201101
100102210
3130000
131200
300003010
1210210
20230
102001003
104011000
200003101
2111011
2001121
20100100
11010121
21121000
200310100
21000031
10020031
10000312
21100210
2120020
32100001
111000022
200021200
1003
1014001
240001
41200000
31201000
3200020
20002300
210001210
110110000
110022010
1121020
30100000
1001032
30110002
111102100
201211
10003
100011202
401000002
230110000
101000311
101001220
300100300
112021
11002102
121001002
110203000
1311100
30200011
103000120
30000202
2011120
2010211
103201000
210100201
31201
300011011
100210300
14000002
110000104
302002
200100010
310010002
10010221
1104010
214000000
20111020
41000011
102001021
310002010
1201000
2110210
301030000
30020110
10122100
110000011
100310110
10003120
12202
102301
31120000
100410001
10002301
10402
42001
100201111
100300030
10030300
210110200
10011400
20101000
1310020
10022020
121120000
122000200
20104000
110110111
120001201
20022010
10101001
12010
112201000
10411000
22100011
112100101
202020010
201000400
10021000
300021010
111310000
10212001
1200220
120001
1211020
200030101
201002101
10024000
10021102
140011
110300200
40120000
41100001
101101000
311100100
100110211
102210001
230000002
100120000
11100301
1102102
30111001
11400100
1010011
101122
2102101
2300020
101200111
100010410
301000021
230020000
212011000
20002111
30011200
10011130
20020102
10140001
211111000
102200011
320110000
100013110
11010031
2100022
1003102
220102
220200001
13003000
21211000
21002002
201011011
200130100
12004
220030000
103100101
11002003
120120001
11100310
101220001
123000001
203001001
111010201
100302010
10200100
210400
201021001
1002301
30111100
400002010
11022001
21001003
303001000
200000113
101010211
10010140
10001011
310000120
220010002
2102011
2200300
101010010
101041
211102000
102400000
203000101
20000401
102110110
30110011
10112110
101400001
12100300
1200211
1002211
100110100
1210000
102112
1101100
1111000
120004000
30002110
110031010
100002010
1230100
13111
2013100
201101200
10001113
110210002
400000201
12210100
220101100
300002200
110101
12130000
10221010
1401100
10303
30031
11103100
10001104
11300011
2001211
1312000
1210300
100300012
103120
222000001
200200210
100010320
1011040
210022
302000002
302020000
200022010
10003201
10122001
2020300
131010010
31000120
110111020
200202001
300000202
111400000
302011000
12000220
120011020
140001100
10010002
2012011
210003010
200300002
241000000
210001000
12000112
2014
1020112
13210000
1040110
2100130
11003002
12011101
10021003
101102101
121102
120100
210200101
21000022
200010202
110001001
1123
10004110
11030020
121002001
121001101
210000004
123100
113101
122001100
101020300
2210200
300101020
10012021
2100001
210001
203200000
201301
11013100
111012010
202003
200100112
100400011
101022001
104001001
120112
31020010
101300002
3002002
310000
200102020
300013
10110100
10012000
211000030
310001011
4001200
110021011
20112100
3101101
3040
1002100
22000201
201012100
202011001
1222000
110100220
20012020
200140000
3030001
30121000
312000010
10210201
100010230
300111010
101201020
120220000
111002101
120000211
131020
10011112
11101012
2103001
210040
311200000
400000210
12001021
200100040
210012001
40012000
10231
20320000
20000032
100211200
100100101
40021000
2010400
221100001
30030100
2010103
100002220
110010220
1130101
100010122
122110000
400011010
112002100
10123000
30100102
20110
100004011
11001301
131200000
20014000
101013100
303010
1010032
12100021
31010110
222000100
132000010
210030001
12000031
121110010
2111020
10121200
22000000
21013
20002201
1021030
10020103
104101000
22000102
30120010
310110001
400000102
20410000
1003111
301000030
110111002
30031000
12000400
20012110
200020021
101010040
4001101
1030000
110031001
113110
1001020
121003000
20000320
2010130
200011
22120
210220
401010001
30030001
1310002
41011
12121
1200031
200203000
201000112
100312000
22
2010112
2010004
132010000
20221000
300003001
1301101
11301001
102112000
122100010
212000002
120031000
3020020
110003002
301003000
110010100
102100300
10201300
10113010
40000102
214
11100013
301110001
101021101
110000221
2021101
130101100
101300110
20003002
100000141
420010
120100030
211010011
112000201
130000021
111111001
100100410
101210011
20221
31102000
20201020
311101
11023
210002110
13010020
330000001
101101003
200010103
11001010
200202100
1102003
102300100
1220020
1023100
2100202
420010000
221002000
12002101
101210110
1030201
300201001
110041000
21001120
202100110
131001100
31100110
201003001
14011000
2001103
20110111
2001100
200401000
1000240
100123000
102001012
100400200
10001230
1200130
400110010
31001011
2102110
3013000
11020300
102011101
302000110
120011011
204100
301021
211030000
11103010
12200110
2000410
1111003
12001102
201001102
20000113
11020210
122010100
3100102
2103010
30000400
10200310
1021210
10201
203010001
211000300
31100020
30010120
11001121
110121010
300031000
20110021
130200100
200101030
10103110
10100140
110020012
101202100
100030030
30200101
22001002
2001130
100210030
100131001
100001320
221011000
101001022
411010000
110122
4100011
21010021
10012012
221110000
201022000
200100202
41002
140001001
13210
101020120
203000002
100000033
21200110
101110
110020102
31012
300040000
20011021
330001
200010400
40000030
2012200
200000122
11400001
1002130
1002040
130100101
100010401
22210
10002103
12100012
13021
111011020
10122010
100012102
11002012
12010012
212101000
20021011
100000123
1001002
1000312
100200103
211200001
2000023
2021200
10320010
200012011
132000100
2104000
200012110
12101101
2022001
123001
213001000
12201100
101000410
11101000
101000212
200010013
101130010
222001
203000020
3020200
120030100
100011400
100101103
1001320
300120010
122000020
401200
11210002
1030
10001023
4000102
121010011
20004100
131110
20101102
1111102
10300300
201000022
12102100
230002
100210120
10101112
10112002
1111120
121002100
4020010
102021001
11110300
102110101
200100220
40010101
101120101
2130001
210011110
22010101
100004101
10000210
40000201
2030110
11101111
10101310
200013010
111100012
200000023
1301110
11000230
111011002
40100101
102110011
20100211
101001001
3100000
400020001
213000001
104110000
12101200
101211010
200021011
2200
300101011
112210000
100210201
100020202
1203010
400100200
3000010
201121000
4001110
130030
10101400
10003210
300100102
31012000
2030200
2003200
201000130
20102020
110011
120210100
4110010
30000112
210001012
10113001
102120010
1011022
111013000
2000401
110100004
100010104
1211200
1032001
210000400
2000020
1112002
401000200
130010200
120000310
22300
1123000
100010101
11020
1022002
240001000
4011010
100101112
20020012
111220
12004000
21001030
112001020
200210200
201103
100040011
310001200
131100010
103110100
12000202
100410100
100023010
121300
10121011
11100121
103100002
400021
120010
31010200
110020111
3000310
210110011
210102100
102013
3210001
201100300
30220
100030210
300000001
100102012
1032010
300210010
400101001
100131100
210300010
121010020
112020001
12121000
21000202
30011020
1011103
32101000
1120300
1120012
111010102
10300111
100020031
300000103
11021020
102201010
2002030
30000301
100000222
1010200
21004
130120000
210010003
31000102
101121100
10000222
320200
110210200
230011
21010000
310100020
10130011
2300200
20003020
103001002
21011011
201010201
100001230
101013010
122200000
100402
100000024
31021000
211000201
110101201
20104
221100010
221010100
110000401
21001021
100131010
100401100
110100013
2120011
103300000
210000013
100002040
111012001
110230
101100202
101010031
1021111
13011100
141001000
200000140
210100210
100012030
12210001
30030010
101140000
140100100
10000111
301010101
1201003
103102
400010011
111030010
201002200
201000202
140100010
111000040
201101101
100204000
10110130
200301010
110001202
1104100
302100001
201201001
210301
400021000
100031011
4010200
220000021
120001120
11000113
21000112
111022
11020102
101000200
1031002
201000220
302011
110200201
201100
30012001
21020002
100032010
100120102
100213
400200010
22010110
103110010
200102101
101302000
210000031
120010102
101001121
210120010
300130000
1402000
201031
212010001
312100
10020310
11100031
20111110
22100101
21020101
110121100
11000212
1010311
211100200
200101003
10100023
112111
120211
200041000
230000200
111200101
3000202
102010102
10310011
20103010
101410
22210000
101110021
1000201
100101010
120001210
10100311
300001300
111310
10101301
100003300
200100301
100400002
211201
10201021
320010001
1330
4002100
202002001
30000310
201011101
202030
11100001
212002
1020301
112102000
102002101
10000300
10201111
110101210
1100221
1210012
110030002
101011210
20100103
11130001
322
100120120
1200400
110112010
21100003
210031000
3010300
111101101
100022020
21400
10
31003000
1011013
301000003
100111111
110120101
301100002
1130110
1120111
300011020
212001100
2200111
121000111
140001010
11121100
110200021
21211
14101
123001000
202201
100200310
420100
10003012
31010002
101030110
10400101
110101021
2020120
130100011
101002111
2001310
11000401
100122100
20211001
10120
203001100
212000101
3021010
20022001
1110013
12100201
120300100
310300000
10041100
12002110
103000021
10032010
20013010
201200020
210001030
100120300
110100121
20101201
2032
401001001
32000020
111100300
2030011
200000230
40110100
11400010
100111201
13030
22030000
102210010
211101010
21003010
102000103
202000201
102110002
101001112
1100023
113110000
10104010
1221001
3110020
110310100
201010111
200101300
100110103
100002001
310002001
14002
24100000
211000120
11120020
41020
101003101
200201110
120011101
2122000
10310020
20020021
101103100
1100212
120400000
101212
101020201
30000211
110001121
100310020
10111102
100042
120200011
2000032
3111001
10011103
11001013
102120001
1321
2010301
122001010
400100020
102111010
103011001
120101002
111202
1200202
1200301
100003111
120001111
2111002
101012200
100220020
3120010
3202000
103200001
204001000
121000300
100000210
113002
10001410
130000012
310000111
1102111
111010012
210003100
120100111
301011100
310001110
3110011
10010410
101010202
13000300
203100100
221001010
101000104
20120101
110002102
30220000
120001030
12012100
3011002
100041010
20040001
230000011
41010001
1102300
101002201
2002300
31110100
113001100
23010010
200000401
302000101
100110301
110410
31300000
100132
230100001
110300110
23000101
20002030
10012300
10001200
10000102
121102000
121000
1102021
11104000
200111011
20211010
301020100
11302
120110110
112011001
231100
300300010
301011001
102211000
113000011
101000011
203200
300001
310100002
1040200
100012120
21200002
210010102
30110110
311002
10100104
1021000
12011002
21200101
103020001
21001210
111000211
200012200
20001211
1400101
32100100
400110100
403000000
201001003
10014100
121000120
2020012
1020004
3300010
10003030
103002010
114001000
30110020
10320100
2110
300001210
200211100
1210021
10022200
100102030
11100112
210111010
200300110
200001400
31011001
110021200
31210
101012002
3100210
211200100
2012020
102111100
120011200
1001140
104010001
11120002
401002000
30100003
110040100
102001210
40111000
20110000
10200400
22120000
220002100
110011030
310111
100202020
110202001
310100200
30100012
310030000
11110021
1100131
11012002
21000400
111000400
101001211
32110
300020020
210121
22010200
41000200
22101001
1121200
400001101
130010002
300102100
11002021
42000001
2000113
100201210
100100131
11202100
200301100
122000110
21022000
120022000
101021110
110110003
10120201
32010100
110201002
10200112
202
13000003
221010001
211000102
210101002
10102300
10001401
2040001
400002100
201211000
110003200
102011200
1001110
20001004
400000003
10042
130000000
4101100
33001
10030
20112001
2201200
210010120
3020002
21120100
20210011
110012101
2104
100001212
3211000
22110100
211010101
12001120
2100400
121201000
1042
1012102
13010200
23000011
120020101
10000141
201101011
10220101
4102
11230
11302000
1021021
1000021
130201
1212100
104020000
102021010
101002030
2002111
301200100
301020010
10141
340000000
2110012
2320
103200010
112200001
12011200
202110010
110320000
120000220
111010120
103110001
120040000
110002012
400003000
10100110
121010002
120111010
200100310
300000004
202030000
20111200
120010120
20110003
310011100
3120100
120012010
200011210
121010101
10002112
2020021
101120002
30100300
321100000
21013000
3011200
120000001
300201010
310010110
131020000
2010310
12130
102102010
200010211
110210110
110010310
10010014
101010220
111100111
30101101
210001021
100101100
100012111
10010230
12100
1010401
4020100
220002001
21101200
11102110
200120101
20021110
310201
100100011
42100
200010031
40030
200002102
10110004
110200210
10301020
100010200
101001301
210013
400010200
32001001
121100011
111000310
300013000
23002000
11131000
110100112
32000110
310010101
10011202
12301
200000320
2000104
4000
110104
400200100
20020300
10102000
110102020
1300030
102040000
302000020
210101011
1220110
1200100
30100030
30004000
202000102
200001310
30101020
301000111
100200202
3022
221000110
100420
120040
33000010
110023000
112110010
1240000
100003210
22100020
400101010
111020011
1411000
20101003
110001112
120010201
10203010
10100122
200002021
100300300
111100102
2002012
220201
10110310
210200011
220002010
40100002
32000200
322000000
1003300
2014000
102001201
110211001
1100401
110230000
12030001
100111000
21130000
12101110
310000000
110001031
104020
30200200
101302
110301010
3010210
100201003
10102120
200221
420001
101110000
11020000
110000203
11110030
20001112
301000000
40210
20001022
131100001
220021000
140101000
21000130
101010001
32011000
12001003
11001130
10200202
2220010
211100101
21100030
10320001
100001023
10004002
101101210
11100022
2210002
203000200
12100102
13002100
11002111
104010100
3101011
400000
210010111
111101200
320001010
100230100
10203001
20103001
101310001
11100040
200104000
120220
20000203
200100100
20031001
301002010
11011012
410100001
11003110
12002020
240000001
1040101
30200020
1000114
101122000
300310000
110202010
212110
210002002
30201100
10030030
22011010
12000001
100020100
100040110
3400
120100000
40001011
1101400
100001311
200111002
2101012
11031100
103011010
200103001
200101021
300121000
1110031
400200001
400020100
22300000
1100101
11111011
310210000
101100112
400001020
101001130
101111110
20112010
200210002
103030
300000112
11021110
200410000
103001110
2111101
10012210
20202001
3130
301
221000200
4210000
3030010
10003000
110113000
200400001
10020211
2023
22100200
102001
110040010
103021
201001201
120013000
20030020
3020101
12001000
12001300
101000140
12000121
211100110
110212000
4011100
110001220
40002100
221020
2100103
2020102
100030300
13020100
20111002
30000004
11001220
100014001
1114
1010140
32200000
40003000
11112100
110102200
10021111
20021101
100013011
2122
31100101
220021
1100410
2000131
100011010
10002031
40000012
102121
21100111
20120002
10004020
34
112100110
210200002
331000000
111020002
10114000
112000102
120100021
113100010
100100311
100012300
10030012
1
110300020
12020110
403000
32200
10111021
200200000
322000
110101012
200010022
10003021
1020220
12300010
210021001
1112101
10130101
101111020
201121
1201030
112201
10111300
301111
301012
4111
401001100
110201200
3021100
3010120
202101001
20101120
1000
20110012
410000200
100311100
12031000
31010101
10121110
1320100
112003
300101101
2210011
103100011
121000030
110021110
120000400
100103002
400030
100111210
22003
101320000
2010040
11200201
2401
101230000
32002000
11300110
12200011
221001001
110101030
200000212
23110000
3201001
10402000
101203000
11211100
112110100
11140000
2113000
200010121
1100113
220120000
1000303
21000121
11001112
11212000
101000101
1303
3112
3301000
1010320
101310100
103012000
210020002
100311010
100021000
120021001
101021020
33000100
20200030
330000010
100002310
1301020
400110001
212110000
1000033
100020040
200001031
1120120
112012000
210003001
200004100
110000320
20010103
10112020
10000120
30400000
124000000
10130200
23110
310012
203100010
112011010
101000203
101111011
100122010
101020012
102004
32110000
202010200
12003001
4111000
2000200
2110111
2100220
1210120
230000101
301001110
100020130
110001004
2020030
30000013
310021000
20200003
102020020
101014000
3001111
4
1302100
2200102
13300000
200020003
3001030
100021030
100113001
121120
130100110
3201010
2110030
2112010
10010032
1012300
4000012
200311000
12200002
1210111
101130100
300030001
100040101
112000300
202000012
110010130
200000221
200010010
1120003
10121002
10000204
130001020
3012100
3000112
200400010
100201201
2002003
31010011
201003010
200000203
301210000
200101210
23020
2101120
212200000
10301200
114100
2410
100011022
1020130
300001102
101010004
122100100
300110101
200011000
10311010
100023100
31030
4012
103012
24000010
14010010
14010001
412000
200110102
20101021
201120001
100021
220003000
220201000
12200020
201200110
12020011
101022100
110012200
210211
130102000
100002202
100101202
1101103
10020022
31000030
120020110
10300210
200012002
210220000
211002100
12000301
104100100
11101003
100130200
400300
10311001
13000111
111001111
121001011
101000023
30202000
101004100
20400100
10031200
200121001
1100200
21210100
20031010
201020110
20021200
10200220
200101
1100122
1023010
102210100
1003000
121000102
11001400
100111030
11000131
20000221
200100130
3100111
213001
100012012
120012100
111120100
100230010
400000000
410001100
112101010
120100201
21112000
200200003
100004110
12001201
11130010
101023
300110020
120130000
21040000
40000000
103300
300400000
3010000
10001212
1022020
1000024
2003020
201010300
20000410
11001040
1000003
331000
210100102
10101100
30100111
2041
1012012
100112200
202011010
101002300
311000200
11000221
110100301
110001301
11102020
102200002
104002
100113100
100400020
310011010
200001301
1001014
3002101
201003100
21011200
21000010
100001113
110000014
102011011
101200012
102200200
400020010
102000130
11122000
10210000
11210020
10000213
1111201
1000123
30010111
210102010
10140100
21310
430000000
100000330
300100
100110130
300040
1210003
100021003
10210030
30011110
40000300
240100
101010310
400010110
201010000
201000010
40000003
20210020
40000120
11122
400120000
201004000
211110100
230010001
2022100
20210200
23011
100022101
100011220
30310000
301101010
1100041
320101
130101001
20000101
200103100
20102101
100100230
100101310
110000131
120301000
3200200
31001110
12002002
112001002
140000200
104000020
2200000
412
1022110
400102
300001003
203011
20014
2010220
1030030
202100101
201000121
41010100
100301200
310120
3100
11203
103200100
10102
3301
11110102
300200002
111010030
100201300
100010221
1110121
300001201
110020030
130100002
101111101
211120
1302010
122000002
201200101
30011011
20110120
100112101
10012201
111100210
201103000
22001020
1001410
101110111
20012200
10200121
140101
11201200
212100001
12013
130200001
103100110
210020200
302110
100100020
40300
22000300
200004010
111000031
110112100
200011201
111001021
20130010
30130
112200010
100210021
100010110
31000021
311000020
20011201
300301000
2131000
101030020
14000011
102102100
100112110
410020
100100140
300011110
132000001
100101004
1411
211210
301001101
12211
1102
110000023
21002110
11000320
111000103
41000101
1111021
132001000
12011020
20102110
20120200
214000
11003020
200000041
2212000
300200020
11110012
1120201
400001110
221000101
10023001
1011010
300031
2401000
30001000
200002300
110110201
32020
21220
10000042
31200010
230010100
102021100
102002002
102010201
100310200
141010
11221
40300000
111013
11000140
200201002
10210102
40010200
102002020
110400100
411100
201100201
123010
201200011
101300101
120100210
40001020
10000402
110311000
13100020
110020300
100000030
301111000
1111111
40120
30130000
100201012
201022
22012
122100001
30111010
20001001
1230010
130120
21100300
110210101
40200010
40011001
1102120
201020011
220100101
110130010
110101120
110400001
100400101
10000
300002101
23000200
102100201
2100301
211020001
12110200
21000211
200120011
1103002
300001111
13201000
130020010
11014000
102000040
4010101
300211
100100104
11100004
30101110
100200010
30112
10110040
1003210
4110100
200200102
300300100
100001203
1103110
201030010
111000301
300310
31100002
31002100
21002011
100002103
10000201
10030000
110103100
110000311
30101011
130111
30002011
13001011
4100110
103101010
120000202
330010
100301020
221020000
100104100
200020012
101022010
200000104
210000301
120110200
203101
200311
11310001
100100122
101101120
121200100
120010012
1202110
1203100
40200001
21012100
100010014
110302
101100040
23100010
11001211
10004011
120201010
13101010
212000110
11002300
102001120
330100
111220000
110100040
1011031
203100001
222010
11113
131000101
200200201
111100
210100
100210012
12301000
220010200
211001011
101111200
10130020
30210001
10013002
34000
202000003
1002010
1103011
3200002
12003010
10200031
101310010
211012
112000000
12010021
3004000
202000120
10111003
30001201
100101130
10011001
1004020
11001031
31200100
20030002
3000301
110001100
1020400
1300111
120101110
101101030
31110001
3110101
2302000
140000011
311110
402001
411000001
11003101
20030200
110000041
300220000
100100032
10101010
301012000
100003012
110020000
100000012
100004020
22020010
11000203
210000121
30100021
10020220
1040002
10001311
111100030
22111
32011
110020201
101100310
101311
111030100
200020030
12011110
2011000
100000111
200302
100030
310102
213100000
10112101
100013002
21110002
300301
100200040
20101012
12021001
202001011
100121110
10013101
21021001
101200102
2040010
130210000
100003000
3000022
2000221
401000011
202201000
330100000
303010000
230001001
200120110
110102011
1004011
201300001
11001103
21010102
100221100
100010032
101031001
10003111
311002000
12112000
110000002
100031020
10020013
1102210
110140000
111003010
103000012
10002130
11101102
240010
110131000
101131000
2011201
10200211
100111120
10111210
100002013
1110103
111301000
202000021
100320001
30010
20041
1013011
13030000
10101103
10221001
10024
130003
111200200
102100030
112111000
13100110
12001210
3102100
100001104
130300000
10000021
101002021
1110400
110011021
100001302
400000012
110200102
203001010
21010030
201010030
130002001
20001103
10240000
10131001
11410000
102103
300112
100021120
100003120
112300
200020000
10000033
2000140
21101002
11110000
10103011
101220100
100022002
121000201
40002010
40010011
20103100
100202011
3031000
110002111
2101111
20002210
110200120
10002022
10001041
300000220
120300010
1401001
1010410
100030111
210101020
110102101
220
112120
100141000
101210200
120030001
11031010
11010400
12110011
301003
100141
100100002
111020200
1120021
10003102
101010400
201110020
300000022
1010113
13012
201210100
120112000
111010210
10213000
200120020
200120002
103010002
110011003
110010301
11010001
200000020
130101010
211001101
1012111
1010230
1012
300102001
211201000
200201020
20100310
10100212
121200001
210011020
10120030
140010001
10001203
100002022
20311000
101110030
40200100
110320
301101001
1000411
21020011
202001020
102000121
20100301
101032
121011100
120102010
200021002
1220002
101040100
3210100
2011102
200020201
14110000
310110010
102110200
211300000
12000022
21010201
20410
1141
100000102
211000000
103111000
120010111
40000111
100001221
10030201
232
1202020
21100000
230101
2101210
202020100
310011001
300100201
20120110
321001000
2111200
102010120
140100001
200022100
100220101
11131
220020010
120001300
202001002
11112010
3103
100002121
213000100
33001000
102003001
3000130
320110
100010131
11002201
13000000
120110101
301101100
3031
100112002
3040000
13200010
201200002
12400000
32000101
112020010
201110002
101002210
223000000
32001100
11011003
30310
4002001
103102000
302002000
20202010
2130010
201010003
1020121
1012201
200001022
120020020
101201002
100122001
410100100
120020200
104000101
21101101
20220100
100032100
20200
110010202
40000021
102300010
410000002
132001
111100003
110211100
102000004
21102100
200102002
110013010
301000012
101300020
140020
10110202
300110011
410110
2011111
110100130
20100400
203010100
220011100
102002011
100000003
200001013
221200
40010002
40000210
120200020
10110013
1200022
301000120
103001101
101011030
200200021
111121
211000003
210001102
10000114
200112100
10030102
110010001
11200102
14020000
40100110
310200100
3310
100002130
4001002
401100001
230200000
200102110
100013020
20012011
300020200
100110202
102000112
30040000
111110110
2000011
100033
20013001
100002031
1101202
21030001
40012
410000110
13101100
121000012
203110
300300001
2220100
4000120
11202001
121300000
130001002
3002110
42000100
10222000
100000132
202110100
10132000
10201003
301021000
11410
100040002
1110310
212011
211101100
220010101
20003200
201210001
101200120
2021110
10000303
101112100
311011
301010002
410010100
130201000
12110002
220020100
2110000
1011211
310201000
200110210
321001
402000010
110110300
211010200
20000131
10120111
400111
302010010
100102201
1201120
103000003
100301101
10000321
120210001
21000103
220101001
100300
103
300001012
302001001
3201100
101023000
30001120
3012010
130011100
3200110
20012002
21103
1013020
220120
12300100
211000012
110130100
110400010
1000213
11200210
11030011
203002000
10000030
11000011
1120030
11230000
21003001
20040010
11021011
4001020
20302000
101010103
311000110
2000110
10301011
311010001
30300010
140000020
20102002
100002400
2000311
220020001
100002112
10110031
11010022
102100021
23001100
140000110
10210111
10202101
10120102
101000401
21000301
200100031
21210010
410011
100021111
1222
2400100
30021010
10012003
100020001
310000210
202120
11011120
110010013
12100120
102003100
2040100
12003100
40100200
20001100
2000101
204010
100020013
21400000
401100100
400100002
11020021
21121
101200003
202010020
20002003
10131010
1011202
400000030
31000300
100202101
10100302
320001100
10010011
10110301
30000130
110010211
20100031
40020100
100110220
202110001
100410010
101020
1001131
210004
100213000
113100001
31101010
320010010
200011021
101201101
113000020
201030100
30003010
211101001
10400020
1101040
40
101101021
202000111
401000020
21301
221000002
210000001
100020220
30103
12001
30020101
1112110
1012210
310101001
302001010
301000300
4201000
100031200
110004001
300000040
2100010
103000000
210010300
14001100
110013001
100001200
100012201
10000132
400100101
120300001
410001001
100240000
300100030
110010040
1301011
1200310
1022101
20030110
210100111
1030300
140002000
110011120
21012010
223000
211102
33100000
100001131
1103200
230110
213100
1020103
203101000
121101100
11000020
111110020
12010120
111110002
110110210
13300
201130000
100001041
111031
110002
100110004
101001031
120013
21130
100031002
10000123
201100102
101110012
110100103
203000110
210020110
200000011
321100
10211020
220100200
2000320
320000002
11011000
101040010
30121
300000031
111010
113010100
202012
210030010
112001101
141000100
31000012
101010130
20121010
100003
202000000
1101301
1211101
102000031
10211110
100330
121010110
112000120
211110010
300201100
300010210
101030101
121001020
20001121
1013002
111021100
140200000
100130101
100013101
10020130
2020
11012020
101101
3100003
3001210
21000013
3011101
11012200
120010210
202111
101100010
133000000
401000110
111200002
31100011
202021000
102012100
120011002
110110120
10312
10303000
120004
2021020
30102001
100401010
22030
30004
20002021
300100012
101301010
210010030
200000410
21101020
11012101
300000013
1021
20301100
113020000
12100003
201010120
310120000
300003100
110110012
100221001
102130000
2012101
12020200
1210
11002
2002102
110201110
210002200
30000001
100130020
100120003
310021
312100000
200100400
100000402
300102010
102001300
201400000
222000010
10002013
100102102
100101013
13001101
210040000
20130100
310001101
21100021
210112
111004000
13011010
31000210
30000010
11111020
110001103
110000110
100100023
30020020
111211
1024000
1110220
110100031
21000220
30010102
100020310
30040
2200201
2031001
30013000
1402
1101211
10032100
121002010
112002001
102001102
2000212
200101102
12030010
140110
112030
1100302
11010010
230011000
100001410
302000011
100300102
10204
1001122
12000130
211100020
11012110
310110100
10121101
301001200
10002001
1103101
103100020
1220101
2100013
3100012
1100104
102031000
200110030
4100002
2001220
41010010
4120
130000300
101000020
111001102
111011011
10211101
101130001
100010113
1201111
3030100
230001100
201001030
41000002
140002
1001200
12022
23000002
11000014
20301001
10400200
104101
302010001
121201
230100010
10111201
300021100
310001002
1111210
112010011
220012
3110110
110121001
14001001
112100011
410101
111040
200021110
200200111
110002210
11210200
20300200
110120011
311010010
220100110
111001030
130001011
120101200
20000023
100101211
10020121
21031
102020101
210010000
111020020
200122000
1110010
2013010
10311100
30001003
200000110
201100000
10010320
30010201
202010110
101003011
10011100
200040010
110112001
400030000
13200100
311020000
103010011
201002110
2010031
102010021
111101110
220210000
41100100
100212100
10101121
12012001
121210000
200011300
100310101
20110201
1140100
110104000
22003000
220110100
102000202
12001012
200001121
110100211
100011040
122020000
1312
100011031
301001011
10100011
140000002
20003011
100001140
303001
100110310
31
130012000
112000030
310300
1400110
11320000
100211110
100301002
100200130
420000100
110000020
220000012
41000110
21102010
1201021
121111000
213000010
200030200
12000310
100001122
21010012
11101021
230100100
101001100
300000400
1120102
302010100
12022000
320010100
111210001
11200
1003021
32020000
20210110
311100010
13000
10010110
301001002
102310000
10330
10011040
1033
4011001
4010020
2101102
100100110
201310
222100
200101201
300000310
11032
2400001
11200120
102012010
100200100
100300201
2200012
3111010
14100100
100320100
200201011
311020
13120
14011
110311
120202000
3101020
12012010
110220010
10012120
110002201
210100300
13010002
103001200
12101020
201040
11200300
2120101
122002
24010000
200200030
1011100
200200120
310020100
100110013
122101
30010300
230000110
110002300
102002110
220000120
20010100
100400110
100014010
13100200
101100004
10123
201112000
200011102
11001100
10200004
100010203
300010111
113020
3022000
100120012
100102
101101102
2021011
110000200
21100
100010011
200211010
20301010
12013000
11002030
41101000
40002001
4201
102103000
212010010
2020003
410002
10032001
21040
1113100
1021300
102300001
101101012
1121101
12010102
13020001
110002000
320000200
20111011
4210
12020020
30020200
101104000
20100121
201220
10040011
201201100
20302
100041001
22021
22000120
41020000
200121100
10221100
203002
100301011
110101102
300022000
211021000
130012
400120
101102020
131001010
220001110
10131100
300020110
3102001
202100002
20001310
12103
21020110
3011110
101004010
30120001
100230001
100221010
411001
10020004
11040100
410200000
12210010
1000222
111130
200020102
201100210
12120001
11021002
3001000
123000100
304000000
1000330
241000
10211011
1041010
1020100
110200000
102030001
120002002
3110200
120110011
100011100
120310
11001001
110301100
3100030
220000003
2011210
100321000
301201000
310000012
120100300
30000220
10310200
210021100
100100320
100200301
11320
110111101
20400010
10101013
1014010
1021003
1200040
201000013
11011102
20310001
110010112
2140
11100130
101110210
101320
112100002
101110201
1201300
101401
101100031
1012120
11010301
130111000
10033000
312010000
100210210
10031101
2100121
211210000
210101110
210210001
110410000
113001010
21001000
102000013
301001020
101110102
110041
11200003
130010110
112000021
200221000
10130002
10100200
300101110
101120011
101200030
201110101
310003
4021
2220001
1201012
1002310
102031
10141000
210110002
110012110
2022010
2200030
22012000
20310010
100001002
210100030
2230
201110110
