0
3
12
21
24
30
33
42
102
120
123
132
201
204
210
213
222
231
234
240
243
300
303
312
321
324
330
333
342
402
420
423
432
1002
1020
1023
1032
1200
1203
1230
1233
1302
1320
1323
1332
2001
2004
2010
2013
2022
2031
2034
2040
2043
2100
2103
2130
2133
2202
2220
2223
2232
2301
2304
2310
2313
2322
2331
2334
2340
2343
2400
2403
2430
2433
3000
3003
3012
3021
3024
3030
3033
3042
3102
3120
3123
3132
3201
3204
3210
3213
3222
3231
3234
3240
3243
3300
3303
3312
3321
3324
3330
3333
3342
3402
3420
3423
3432
4002
4020
4023
4032
4200
4203
4230
4233
4302
4320
4323
4332
10002
10020
10023
10032
10200
10203
10230
10233
10302
10320
10323
10332
12000
12003
12030
12033
12300
12303
12330
12333
13002
13020
13023
13032
13200
13203
13230
13233
13302
13320
13323
13332
20001
20004
20010
20013
20022
20031
20034
20040
20043
20100
20103
20130
20133
20202
20220
20223
20232
20301
20304
20310
20313
20322
20331
20334
20340
20343
20400
20403
20430
20433
21000
21003
21030
21033
21300
21303
21330
21333
22002
22020
22023
22032
22200
22203
22230
22233
22302
22320
22323
22332
23001
23004
23010
23013
23022
23031
23034
23040
23043
23100
23103
23130
23133
23202
23220
23223
23232
23301
23304
23310
23313
23322
23331
23340
23400
23403
23430
24000
24003
24030
24033
24300
24303
24330
30000
30003
30012
30021
30024
30030
30033
30042
30102
30120
30123
30132
30201
30204
30210
30213
30222
30231
30234
30240
30243
30300
30303
30312
30321
30324
30330
30333
30342
30402
30420
30423
30432
31002
31020
31023
31032
31200
31203
31230
31233
31302
31320
31323
31332
32001
32004
32010
32013
32022
32031
32034
32040
32043
32100
32103
32130
32133
32202
32220
32223
32232
32301
32304
32310
32313
32322
32331
32340
32400
32403
32430
33000
33003
33012
33021
33024
33030
33033
33042
33102
33120
33123
33132
33201
33204
33210
33213
33222
33231
33240
33300
33303
33312
33321
33330
33402
33420
34002
34020
34023
34032
34200
34203
34230
34302
34320
40002
40020
40023
40032
40200
40203
40230
40233
40302
40320
40323
40332
42000
42003
42030
42033
42300
42303
42330
43002
43020
43023
43032
43200
43203
43230
43302
43320
100002
100020
100023
100032
100200
100203
100230
100233
100302
100320
100323
100332
102000
102003
102030
102033
102300
102303
102330
102333
103002
103020
103023
103032
103200
103203
103230
103233
103302
103320
103323
103332
120000
120003
120030
120033
120300
120303
120330
120333
123000
123003
123030
123033
123300
123303
123330
130002
130020
130023
130032
130200
130203
130230
130233
130302
130320
130323
130332
132000
132003
132030
132033
132300
132303
132330
133002
133020
133023
133032
133200
133203
133230
133302
133320
200001
200004
200010
200013
200022
200031
200034
200040
200043
200100
200103
200130
200133
200202
200220
200223
200232
200301
200304
200310
200313
200322
200331
200334
200340
200343
200400
200403
200430
200433
201000
201003
201030
201033
201300
201303
201330
201333
202002
202020
202023
202032
202200
202203
202230
202233
202302
202320
202323
202332
203001
203004
203010
203013
203022
203031
203034
203040
203043
203100
203103
203130
203133
203202
203220
203223
203232
203301
203304
203310
203313
203322
203331
203340
203400
203403
203430
204000
204003
204030
204033
204300
204303
204330
210000
210003
210030
210033
210300
210303
210330
210333
213000
213003
213030
213033
213300
213303
213330
220002
220020
220023
220032
220200
220203
220230
220233
220302
220320
220323
220332
222000
222003
222030
222033
222300
222303
222330
223002
223020
223023
223032
223200
223203
223230
223302
223320
230001
230004
230010
230013
230022
230031
230034
230040
230043
230100
230103
230130
230133
230202
230220
230223
230232
230301
230304
230310
230313
230322
230331
230340
230400
230403
230430
231000
231003
231030
231033
231300
231303
231330
232002
232020
232023
232032
232200
232203
232230
232302
232320
233001
233004
233010
233013
233022
233031
233040
233100
233103
233130
233202
233220
233301
233310
233400
234000
234003
234030
234300
240000
240003
240030
240033
240300
240303
240330
243000
243003
243030
243300
300000
300003
300012
300021
300024
300030
300033
300042
300102
300120
300123
300132
300201
300204
300210
300213
300222
300231
300234
300240
300243
300300
300303
300312
300321
300324
300330
300333
300342
300402
300420
300423
300432
301002
301020
301023
301032
301200
301203
301230
301233
301302
301320
301323
301332
302001
302004
302010
302013
302022
302031
302034
302040
302043
302100
302103
302130
302133
302202
302220
302223
302232
302301
302304
302310
302313
302322
302331
302340
302400
302403
302430
303000
303003
303012
303021
303024
303030
303033
303042
303102
303120
303123
303132
303201
303204
303210
303213
303222
303231
303240
303300
303303
303312
303321
303330
303402
303420
304002
304020
304023
304032
304200
304203
304230
304302
304320
310002
310020
310023
310032
310200
310203
310230
310233
310302
310320
310323
310332
312000
312003
312030
312033
312300
312303
312330
313002
313020
313023
313032
313200
313203
313230
313302
313320
320001
320004
320010
320013
320022
320031
320034
320040
320043
320100
320103
320130
320133
320202
320220
320223
320232
320301
320304
320310
320313
320322
320331
320340
320400
320403
320430
321000
321003
321030
321033
321300
321303
321330
322002
322020
322023
322032
322200
322203
322230
322302
322320
323001
323004
323010
323013
323022
323031
323040
323100
323103
323130
323202
323220
323301
323310
323400
324000
324003
324030
324300
330000
330003
330012
330021
330024
330030
330033
330042
330102
330120
330123
330132
330201
330204
330210
330213
330222
330231
330240
330300
330303
330312
330321
330330
330402
330420
331002
331020
331023
331032
331200
331203
331230
331302
331320
332001
332004
332010
332013
332022
332031
332040
332100
332103
332130
332202
332220
332301
332310
332400
333000
333003
333012
333021
333030
333102
333120
333201
333210
333300
334002
334020
334200
340002
340020
340023
340032
340200
340203
340230
340302
340320
342000
342003
342030
342300
343002
343020
343200
400002
400020
400023
400032
400200
400203
400230
400233
400302
400320
400323
400332
402000
402003
402030
402033
402300
402303
402330
403002
403020
403023
403032
403200
403203
403230
403302
403320
420000
420003
420030
420033
420300
420303
420330
423000
423003
423030
423300
430002
430020
430023
430032
430200
430203
430230
430302
430320
432000
432003
432030
432300
433002
433020
433200
1000002
1000020
1000023
1000032
1000200
1000203
1000230
1000233
1000302
1000320
1000323
1000332
1002000
1002003
1002030
1002033
1002300
1002303
1002330
1002333
1003002
1003020
1003023
1003032
1003200
1003203
1003230
1003233
1003302
1003320
1003323
1003332
1020000
1020003
1020030
1020033
1020300
1020303
1020330
1020333
1023000
1023003
1023030
1023033
1023300
1023303
1023330
1030002
1030020
1030023
1030032
1030200
1030203
1030230
1030233
1030302
1030320
1030323
1030332
1032000
1032003
1032030
1032033
1032300
1032303
1032330
1033002
1033020
1033023
1033032
1033200
1033203
1033230
1033302
1033320
1200000
1200003
1200030
1200033
1200300
1200303
1200330
1200333
1203000
1203003
1203030
1203033
1203300
1203303
1203330
1230000
1230003
1230030
1230033
1230300
1230303
1230330
1233000
1233003
1233030
1233300
1300002
1300020
1300023
1300032
1300200
1300203
1300230
1300233
1300302
1300320
1300323
1300332
1302000
1302003
1302030
1302033
1302300
1302303
1302330
1303002
1303020
1303023
1303032
1303200
1303203
1303230
1303302
1303320
1320000
1320003
1320030
1320033
1320300
1320303
1320330
1323000
1323003
1323030
1323300
1330002
1330020
1330023
1330032
1330200
1330203
1330230
1330302
1330320
1332000
1332003
1332030
1332300
1333002
1333020
1333200
2000001
2000004
2000010
2000013
2000022
2000031
2000034
2000040
2000043
2000100
2000103
2000130
2000133
2000202
2000220
2000223
2000232
2000301
2000304
2000310
2000313
2000322
2000331
2000334
2000340
2000343
2000400
2000403
2000430
2000433
2001000
2001003
2001030
2001033
2001300
2001303
2001330
2001333
2002002
2002020
2002023
2002032
2002200
2002203
2002230
2002233
2002302
2002320
2002323
2002332
2003001
2003004
2003010
2003013
2003022
2003031
2003034
2003040
2003043
2003100
2003103
2003130
2003133
2003202
2003220
2003223
2003232
2003301
2003304
2003310
2003313
2003322
2003331
2003340
2003400
2003403
2003430
2004000
2004003
2004030
2004033
2004300
2004303
2004330
2010000
2010003
2010030
2010033
2010300
2010303
2010330
2010333
2013000
2013003
2013030
2013033
2013300
2013303
2013330
2020002
2020020
2020023
2020032
2020200
2020203
2020230
2020233
2020302
2020320
2020323
2020332
2022000
2022003
2022030
2022033
2022300
2022303
2022330
2023002
2023020
2023023
2023032
2023200
2023203
2023230
2023302
2023320
2030001
2030004
2030010
2030013
2030022
2030031
2030034
2030040
2030043
2030100
2030103
2030130
2030133
2030202
2030220
2030223
2030232
2030301
2030304
2030310
2030313
2030322
2030331
2030340
2030400
2030403
2030430
2031000
2031003
2031030
2031033
2031300
2031303
2031330
2032002
2032020
2032023
2032032
2032200
2032203
2032230
2032302
2032320
2033001
2033004
2033010
2033013
2033022
2033031
2033040
2033100
2033103
2033130
2033202
2033220
2033301
2033310
2033400
2034000
2034003
2034030
2034300
2040000
2040003
2040030
2040033
2040300
2040303
2040330
2043000
2043003
2043030
2043300
2100000
2100003
2100030
2100033
2100300
2100303
2100330
2100333
2103000
2103003
2103030
2103033
2103300
2103303
2103330
2130000
2130003
2130030
2130033
2130300
2130303
2130330
2133000
2133003
2133030
2133300
2200002
2200020
2200023
2200032
2200200
2200203
2200230
2200233
2200302
2200320
2200323
2200332
2202000
2202003
2202030
2202033
2202300
2202303
2202330
2203002
2203020
2203023
2203032
2203200
2203203
2203230
2203302
2203320
2220000
2220003
2220030
2220033
2220300
2220303
2220330
2223000
2223003
2223030
2223300
2230002
2230020
2230023
2230032
2230200
2230203
2230230
2230302
2230320
2232000
2232003
2232030
2232300
2233002
2233020
2233200
2300001
2300004
2300010
2300013
2300022
2300031
2300034
2300040
2300043
2300100
2300103
2300130
2300133
2300202
2300220
2300223
2300232
2300301
2300304
2300310
2300313
2300322
2300331
2300340
2300400
2300403
2300430
2301000
2301003
2301030
2301033
2301300
2301303
2301330
2302002
2302020
2302023
2302032
2302200
2302203
2302230
2302302
2302320
2303001
2303004
2303010
2303013
2303022
2303031
2303040
2303100
2303103
2303130
2303202
2303220
2303301
2303310
2303400
2304000
2304003
2304030
2304300
2310000
2310003
2310030
2310033
2310300
2310303
2310330
2313000
2313003
2313030
2313300
2320002
2320020
2320023
2320032
2320200
2320203
2320230
2320302
2320320
2322000
2322003
2322030
2322300
2323002
2323020
2323200
2330001
2330004
2330010
2330013
2330022
2330031
2330040
2330100
2330103
2330130
2330202
2330220
2330301
2330310
2330400
2331000
2331003
2331030
2331300
2332002
2332020
2332200
2333001
2333010
2333100
2334000
2340000
2340003
2340030
2340300
2343000
2400000
2400003
2400030
2400033
2400300
2400303
2400330
2403000
2403003
2403030
2403300
2430000
2430003
2430030
2430300
2433000
3000000
3000003
3000012
3000021
3000024
3000030
3000033
3000042
3000102
3000120
3000123
3000132
3000201
3000204
3000210
3000213
3000222
3000231
3000234
3000240
3000243
3000300
3000303
3000312
3000321
3000324
3000330
3000333
3000342
3000402
3000420
3000423
3000432
3001002
3001020
3001023
3001032
3001200
3001203
3001230
3001233
3001302
3001320
3001323
3001332
3002001
3002004
3002010
3002013
3002022
3002031
3002034
3002040
3002043
3002100
3002103
3002130
3002133
3002202
3002220
3002223
3002232
3002301
3002304
3002310
3002313
3002322
3002331
3002340
3002400
3002403
3002430
3003000
3003003
3003012
3003021
3003024
3003030
3003033
3003042
3003102
3003120
3003123
3003132
3003201
3003204
3003210
3003213
3003222
3003231
3003240
3003300
3003303
3003312
3003321
3003330
3003402
3003420
3004002
3004020
3004023
3004032
3004200
3004203
3004230
3004302
3004320
3010002
3010020
3010023
3010032
3010200
3010203
3010230
3010233
3010302
3010320
3010323
3010332
3012000
3012003
3012030
3012033
3012300
3012303
3012330
3013002
3013020
3013023
3013032
3013200
3013203
3013230
3013302
3013320
3020001
3020004
3020010
3020013
3020022
3020031
3020034
3020040
3020043
3020100
3020103
3020130
3020133
3020202
3020220
3020223
3020232
3020301
3020304
3020310
3020313
3020322
3020331
3020340
3020400
3020403
3020430
3021000
3021003
3021030
3021033
3021300
3021303
3021330
3022002
3022020
3022023
3022032
3022200
3022203
3022230
3022302
3022320
3023001
3023004
3023010
3023013
3023022
3023031
3023040
3023100
3023103
3023130
3023202
3023220
3023301
3023310
3023400
3024000
3024003
3024030
3024300
3030000
3030003
3030012
3030021
3030024
3030030
3030033
3030042
3030102
3030120
3030123
3030132
3030201
3030204
3030210
3030213
3030222
3030231
3030240
3030300
3030303
3030312
3030321
3030330
3030402
3030420
3031002
3031020
3031023
3031032
3031200
3031203
3031230
3031302
3031320
3032001
3032004
3032010
3032013
3032022
3032031
3032040
3032100
3032103
3032130
3032202
3032220
3032301
3032310
3032400
3033000
3033003
3033012
3033021
3033030
3033102
3033120
3033201
3033210
3033300
3034002
3034020
3034200
3040002
3040020
3040023
3040032
3040200
3040203
3040230
3040302
3040320
3042000
3042003
3042030
3042300
3043002
3043020
3043200
3100002
3100020
3100023
3100032
3100200
3100203
3100230
3100233
3100302
3100320
3100323
3100332
3102000
3102003
3102030
3102033
3102300
3102303
3102330
3103002
3103020
3103023
3103032
3103200
3103203
3103230
3103302
3103320
3120000
3120003
3120030
3120033
3120300
3120303
3120330
3123000
3123003
3123030
3123300
3130002
3130020
3130023
3130032
3130200
3130203
3130230
3130302
3130320
3132000
3132003
3132030
3132300
3133002
3133020
3133200
3200001
3200004
3200010
3200013
3200022
3200031
3200034
3200040
3200043
3200100
3200103
3200130
3200133
3200202
3200220
3200223
3200232
3200301
3200304
3200310
3200313
3200322
3200331
3200340
3200400
3200403
3200430
3201000
3201003
3201030
3201033
3201300
3201303
3201330
3202002
3202020
3202023
3202032
3202200
3202203
3202230
3202302
3202320
3203001
3203004
3203010
3203013
3203022
3203031
3203040
3203100
3203103
3203130
3203202
3203220
3203301
3203310
3203400
3204000
3204003
3204030
3204300
3210000
3210003
3210030
3210033
3210300
3210303
3210330
3213000
3213003
3213030
3213300
3220002
3220020
3220023
3220032
3220200
3220203
3220230
3220302
3220320
3222000
3222003
3222030
3222300
3223002
3223020
3223200
3230001
3230004
3230010
3230013
3230022
3230031
3230040
3230100
3230103
3230130
3230202
3230220
3230301
3230310
3230400
3231000
3231003
3231030
3231300
3232002
3232020
3232200
3233001
3233010
3233100
3234000
3240000
3240003
3240030
3240300
3243000
3300000
3300003
3300012
3300021
3300024
3300030
3300033
3300042
3300102
3300120
3300123
3300132
3300201
3300204
3300210
3300213
3300222
3300231
3300240
3300300
3300303
3300312
3300321
3300330
3300402
3300420
3301002
3301020
3301023
3301032
3301200
3301203
3301230
3301302
3301320
3302001
3302004
3302010
3302013
3302022
3302031
3302040
3302100
3302103
3302130
3302202
3302220
3302301
3302310
3302400
3303000
3303003
3303012
3303021
3303030
3303102
3303120
3303201
3303210
3303300
3304002
3304020
3304200
3310002
3310020
3310023
3310032
3310200
3310203
3310230
3310302
3310320
3312000
3312003
3312030
3312300
3313002
3313020
3313200
3320001
3320004
3320010
3320013
3320022
3320031
3320040
3320100
3320103
3320130
3320202
3320220
3320301
3320310
3320400
3321000
3321003
3321030
3321300
3322002
3322020
3322200
3323001
3323010
3323100
3324000
3330000
3330003
3330012
3330021
3330030
3330102
3330120
3330201
3330210
3330300
3331002
3331020
3331200
3332001
3332010
3332100
3333000
3340002
3340020
3340200
3342000
3400002
3400020
3400023
3400032
3400200
3400203
3400230
3400302
3400320
3402000
3402003
3402030
3402300
3403002
3403020
3403200
3420000
3420003
3420030
3420300
3423000
3430002
3430020
3430200
3432000
4000002
4000020
4000023
4000032
4000200
4000203
4000230
4000233
4000302
4000320
4000323
4000332
4002000
4002003
4002030
4002033
4002300
4002303
4002330
4003002
4003020
4003023
4003032
4003200
4003203
4003230
4003302
4003320
4020000
4020003
4020030
4020033
4020300
4020303
4020330
4023000
4023003
4023030
4023300
4030002
4030020
4030023
4030032
4030200
4030203
4030230
4030302
4030320
4032000
4032003
4032030
4032300
4033002
4033020
4033200
4200000
4200003
4200030
4200033
4200300
4200303
4200330
4203000
4203003
4203030
4203300
4230000
4230003
4230030
4230300
4233000
4300002
4300020
4300023
4300032
4300200
4300203
4300230
4300302
4300320
4302000
4302003
4302030
4302300
4303002
4303020
4303200
4320000
4320003
4320030
4320300
4323000
4330002
4330020
4330200
4332000
