2
11
14
20
23
32
41
44
101
104
110
113
122
131
134
140
143
200
203
212
221
224
230
233
242
302
311
314
320
323
332
341
344
401
404
410
413
422
431
434
440
443
1001
1004
1010
1013
1022
1031
1034
1040
1043
1100
1103
1130
1133
1202
1220
1223
1232
1301
1304
1310
1313
1322
1331
1334
1340
1343
1400
1403
1430
1433
2000
2003
2012
2021
2024
2030
2033
2042
2102
2120
2123
2132
2201
2204
2210
2213
2222
2231
2234
2240
2243
2300
2303
2312
2321
2324
2330
2333
2342
2402
2420
2423
2432
3002
3011
3014
3020
3023
3032
3041
3044
3101
3104
3110
3113
3122
3131
3134
3140
3143
3200
3203
3212
3221
3224
3230
3233
3242
3302
3311
3314
3320
3323
3332
3341
3401
3404
3410
3413
3422
3431
3440
4001
4004
4010
4013
4022
4031
4034
4040
4043
4100
4103
4130
4133
4202
4220
4223
4232
4301
4304
4310
4313
4322
4331
4340
4400
4403
4430
10001
10004
10010
10013
10022
10031
10034
10040
10043
10100
10103
10130
10133
10202
10220
10223
10232
10301
10304
10310
10313
10322
10331
10334
10340
10343
10400
10403
10430
10433
11000
11003
11030
11033
11300
11303
11330
11333
12002
12020
12023
12032
12200
12203
12230
12233
12302
12320
12323
12332
13001
13004
13010
13013
13022
13031
13034
13040
13043
13100
13103
13130
13133
13202
13220
13223
13232
13301
13304
13310
13313
13322
13331
13340
13400
13403
13430
14000
14003
14030
14033
14300
14303
14330
20000
20003
20012
20021
20024
20030
20033
20042
20102
20120
20123
20132
20201
20204
20210
20213
20222
20231
20234
20240
20243
20300
20303
20312
20321
20324
20330
20333
20342
20402
20420
20423
20432
21002
21020
21023
21032
21200
21203
21230
21233
21302
21320
21323
21332
22001
22004
22010
22013
22022
22031
22034
22040
22043
22100
22103
22130
22133
22202
22220
22223
22232
22301
22304
22310
22313
22322
22331
22340
22400
22403
22430
23000
23003
23012
23021
23024
23030
23033
23042
23102
23120
23123
23132
23201
23204
23210
23213
23222
23231
23240
23300
23303
23312
23321
23330
23402
23420
24002
24020
24023
24032
24200
24203
24230
24302
24320
30002
30011
30014
30020
30023
30032
30041
30044
30101
30104
30110
30113
30122
30131
30134
30140
30143
30200
30203
30212
30221
30224
30230
30233
30242
30302
30311
30314
30320
30323
30332
30341
30401
30404
30410
30413
30422
30431
30440
31001
31004
31010
31013
31022
31031
31034
31040
31043
31100
31103
31130
31133
31202
31220
31223
31232
31301
31304
31310
31313
31322
31331
31340
31400
31403
31430
32000
32003
32012
32021
32024
32030
32033
32042
32102
32120
32123
32132
32201
32204
32210
32213
32222
32231
32240
32300
32303
32312
32321
32330
32402
32420
33002
33011
33014
33020
33023
33032
33041
33101
33104
33110
33113
33122
33131
33140
33200
33203
33212
33221
33230
33302
33311
33320
33401
33410
34001
34004
34010
34013
34022
34031
34040
34100
34103
34130
34202
34220
34301
34310
34400
40001
40004
40010
40013
40022
40031
40034
40040
40043
40100
40103
40130
40133
40202
40220
40223
40232
40301
40304
40310
40313
40322
40331
40340
40400
40403
40430
41000
41003
41030
41033
41300
41303
41330
42002
42020
42023
42032
42200
42203
42230
42302
42320
43001
43004
43010
43013
43022
43031
43040
43100
43103
43130
43202
43220
43301
43310
43400
44000
44003
44030
44300
100001
100004
100010
100013
100022
100031
100034
100040
100043
100100
100103
100130
100133
100202
100220
100223
100232
100301
100304
100310
100313
100322
100331
100334
100340
100343
100400
100403
100430
100433
101000
101003
101030
101033
101300
101303
101330
101333
102002
102020
102023
102032
102200
102203
102230
102233
102302
102320
102323
102332
103001
103004
103010
103013
103022
103031
103034
103040
103043
103100
103103
103130
103133
103202
103220
103223
103232
103301
103304
103310
103313
103322
103331
103340
103400
103403
103430
104000
104003
104030
104033
104300
104303
104330
110000
110003
110030
110033
110300
110303
110330
110333
113000
113003
113030
113033
113300
113303
113330
120002
120020
120023
120032
120200
120203
120230
120233
120302
120320
120323
120332
122000
122003
122030
122033
122300
122303
122330
123002
123020
123023
123032
123200
123203
123230
123302
123320
130001
130004
130010
130013
130022
130031
130034
130040
130043
130100
130103
130130
130133
130202
130220
130223
130232
130301
130304
130310
130313
130322
130331
130340
130400
130403
130430
131000
131003
131030
131033
131300
131303
131330
132002
132020
132023
132032
132200
132203
132230
132302
132320
133001
133004
133010
133013
133022
133031
133040
133100
133103
133130
133202
133220
133301
133310
133400
134000
134003
134030
134300
140000
140003
140030
140033
140300
140303
140330
143000
143003
143030
143300
200000
200003
200012
200021
200024
200030
200033
200042
200102
200120
200123
200132
200201
200204
200210
200213
200222
200231
200234
200240
200243
200300
200303
200312
200321
200324
200330
200333
200342
200402
200420
200423
200432
201002
201020
201023
201032
201200
201203
201230
201233
201302
201320
201323
201332
202001
202004
202010
202013
202022
202031
202034
202040
202043
202100
202103
202130
202133
202202
202220
202223
202232
202301
202304
202310
202313
202322
202331
202340
202400
202403
202430
203000
203003
203012
203021
203024
203030
203033
203042
203102
203120
203123
203132
203201
203204
203210
203213
203222
203231
203240
203300
203303
203312
203321
203330
203402
203420
204002
204020
204023
204032
204200
204203
204230
204302
204320
210002
210020
210023
210032
210200
210203
210230
210233
210302
210320
210323
210332
212000
212003
212030
212033
212300
212303
212330
213002
213020
213023
213032
213200
213203
213230
213302
213320
220001
220004
220010
220013
220022
220031
220034
220040
220043
220100
220103
220130
220133
220202
220220
220223
220232
220301
220304
220310
220313
220322
220331
220340
220400
220403
220430
221000
221003
221030
221033
221300
221303
221330
222002
222020
222023
222032
222200
222203
222230
222302
222320
223001
223004
223010
223013
223022
223031
223040
223100
223103
223130
223202
223220
223301
223310
223400
224000
224003
224030
224300
230000
230003
230012
230021
230024
230030
230033
230042
230102
230120
230123
230132
230201
230204
230210
230213
230222
230231
230240
230300
230303
230312
230321
230330
230402
230420
231002
231020
231023
231032
231200
231203
231230
231302
231320
232001
232004
232010
232013
232022
232031
232040
232100
232103
232130
232202
232220
232301
232310
232400
233000
233003
233012
233021
233030
233102
233120
233201
233210
233300
234002
234020
234200
240002
240020
240023
240032
240200
240203
240230
240302
240320
242000
242003
242030
242300
243002
243020
243200
300002
300011
300014
300020
300023
300032
300041
300044
300101
300104
300110
300113
300122
300131
300134
300140
300143
300200
300203
300212
300221
300224
300230
300233
300242
300302
300311
300314
300320
300323
300332
300341
300401
300404
300410
300413
300422
300431
300440
301001
301004
301010
301013
301022
301031
301034
301040
301043
301100
301103
301130
301133
301202
301220
301223
301232
301301
301304
301310
301313
301322
301331
301340
301400
301403
301430
302000
302003
302012
302021
302024
302030
302033
302042
302102
302120
302123
302132
302201
302204
302210
302213
302222
302231
302240
302300
302303
302312
302321
302330
302402
302420
303002
303011
303014
303020
303023
303032
303041
303101
303104
303110
303113
303122
303131
303140
303200
303203
303212
303221
303230
303302
303311
303320
303401
303410
304001
304004
304010
304013
304022
304031
304040
304100
304103
304130
304202
304220
304301
304310
304400
310001
310004
310010
310013
310022
310031
310034
310040
310043
310100
310103
310130
310133
310202
310220
310223
310232
310301
310304
310310
310313
310322
310331
310340
310400
310403
310430
311000
311003
311030
311033
311300
311303
311330
312002
312020
312023
312032
312200
312203
312230
312302
312320
313001
313004
313010
313013
313022
313031
313040
313100
313103
313130
313202
313220
313301
313310
313400
314000
314003
314030
314300
320000
320003
320012
320021
320024
320030
320033
320042
320102
320120
320123
320132
320201
320204
320210
320213
320222
320231
320240
320300
320303
320312
320321
320330
320402
320420
321002
321020
321023
321032
321200
321203
321230
321302
321320
322001
322004
322010
322013
322022
322031
322040
322100
322103
322130
322202
322220
322301
322310
322400
323000
323003
323012
323021
323030
323102
323120
323201
323210
323300
324002
324020
324200
330002
330011
330014
330020
330023
330032
330041
330101
330104
330110
330113
330122
330131
330140
330200
330203
330212
330221
330230
330302
330311
330320
330401
330410
331001
331004
331010
331013
331022
331031
331040
331100
331103
331130
331202
331220
331301
331310
331400
332000
332003
332012
332021
332030
332102
332120
332201
332210
332300
333002
333011
333020
333101
333110
333200
334001
334010
334100
340001
340004
340010
340013
340022
340031
340040
340100
340103
340130
340202
340220
340301
340310
340400
341000
341003
341030
341300
342002
342020
342200
343001
343010
343100
344000
400001
400004
400010
400013
400022
400031
400034
400040
400043
400100
400103
400130
400133
400202
400220
400223
400232
400301
400304
400310
400313
400322
400331
400340
400400
400403
400430
401000
401003
401030
401033
401300
401303
401330
402002
402020
402023
402032
402200
402203
402230
402302
402320
403001
403004
403010
403013
403022
403031
403040
403100
403103
403130
403202
403220
403301
403310
403400
404000
404003
404030
404300
410000
410003
410030
410033
410300
410303
410330
413000
413003
413030
413300
420002
420020
420023
420032
420200
420203
420230
420302
420320
422000
422003
422030
422300
423002
423020
423200
430001
430004
430010
430013
430022
430031
430040
430100
430103
430130
430202
430220
430301
430310
430400
431000
431003
431030
431300
432002
432020
432200
433001
433010
433100
434000
440000
440003
440030
440300
443000
1000001
1000004
1000010
1000013
1000022
1000031
1000034
1000040
1000043
1000100
1000103
1000130
1000133
1000202
1000220
1000223
1000232
1000301
1000304
1000310
1000313
1000322
1000331
1000334
1000340
1000343
1000400
1000403
1000430
1000433
1001000
1001003
1001030
1001033
1001300
1001303
1001330
1001333
1002002
1002020
1002023
1002032
1002200
1002203
1002230
1002233
1002302
1002320
1002323
1002332
1003001
1003004
1003010
1003013
1003022
1003031
1003034
1003040
1003043
1003100
1003103
1003130
1003133
1003202
1003220
1003223
1003232
1003301
1003304
1003310
1003313
1003322
1003331
1003340
1003400
1003403
1003430
1004000
1004003
1004030
1004033
1004300
1004303
1004330
1010000
1010003
1010030
1010033
1010300
1010303
1010330
1010333
1013000
1013003
1013030
1013033
1013300
1013303
1013330
1020002
1020020
1020023
1020032
1020200
1020203
1020230
1020233
1020302
1020320
1020323
1020332
1022000
1022003
1022030
1022033
1022300
1022303
1022330
1023002
1023020
1023023
1023032
1023200
1023203
1023230
1023302
1023320
1030001
1030004
1030010
1030013
1030022
1030031
1030034
1030040
1030043
1030100
1030103
1030130
1030133
1030202
1030220
1030223
1030232
1030301
1030304
1030310
1030313
1030322
1030331
1030340
1030400
1030403
1030430
1031000
1031003
1031030
1031033
1031300
1031303
1031330
1032002
1032020
1032023
1032032
1032200
1032203
1032230
1032302
1032320
1033001
1033004
1033010
1033013
1033022
1033031
1033040
1033100
1033103
1033130
1033202
1033220
1033301
1033310
1033400
1034000
1034003
1034030
1034300
1040000
1040003
1040030
1040033
1040300
1040303
1040330
1043000
1043003
1043030
1043300
1100000
1100003
1100030
1100033
1100300
1100303
1100330
1100333
1103000
1103003
1103030
1103033
1103300
1103303
1103330
1130000
1130003
1130030
1130033
1130300
1130303
1130330
1133000
1133003
1133030
1133300
1200002
1200020
1200023
1200032
1200200
1200203
1200230
1200233
1200302
1200320
1200323
1200332
1202000
1202003
1202030
1202033
1202300
1202303
1202330
1203002
1203020
1203023
1203032
1203200
1203203
1203230
1203302
1203320
1220000
1220003
1220030
1220033
1220300
1220303
1220330
1223000
1223003
1223030
1223300
1230002
1230020
1230023
1230032
1230200
1230203
1230230
1230302
1230320
1232000
1232003
1232030
1232300
1233002
1233020
1233200
1300001
1300004
1300010
1300013
1300022
1300031
1300034
1300040
1300043
1300100
1300103
1300130
1300133
1300202
1300220
1300223
1300232
1300301
1300304
1300310
1300313
1300322
1300331
1300340
1300400
1300403
1300430
1301000
1301003
1301030
1301033
1301300
1301303
1301330
1302002
1302020
1302023
1302032
1302200
1302203
1302230
1302302
1302320
1303001
1303004
1303010
1303013
1303022
1303031
1303040
1303100
1303103
1303130
1303202
1303220
1303301
1303310
1303400
1304000
1304003
1304030
1304300
1310000
1310003
1310030
1310033
1310300
1310303
1310330
1313000
1313003
1313030
1313300
1320002
1320020
1320023
1320032
1320200
1320203
1320230
1320302
1320320
1322000
1322003
1322030
1322300
1323002
1323020
1323200
1330001
1330004
1330010
1330013
1330022
1330031
1330040
1330100
1330103
1330130
1330202
1330220
1330301
1330310
1330400
1331000
1331003
1331030
1331300
1332002
1332020
1332200
1333001
1333010
1333100
1334000
1340000
1340003
1340030
1340300
1343000
1400000
1400003
1400030
1400033
1400300
1400303
1400330
1403000
1403003
1403030
1403300
1430000
1430003
1430030
1430300
1433000
2000000
2000003
2000012
2000021
2000024
2000030
2000033
2000042
2000102
2000120
2000123
2000132
2000201
2000204
2000210
2000213
2000222
2000231
2000234
2000240
2000243
2000300
2000303
2000312
2000321
2000324
2000330
2000333
2000342
2000402
2000420
2000423
2000432
2001002
2001020
2001023
2001032
2001200
2001203
2001230
2001233
2001302
2001320
2001323
2001332
2002001
2002004
2002010
2002013
2002022
2002031
2002034
2002040
2002043
2002100
2002103
2002130
2002133
2002202
2002220
2002223
2002232
2002301
2002304
2002310
2002313
2002322
2002331
2002340
2002400
2002403
2002430
2003000
2003003
2003012
2003021
2003024
2003030
2003033
2003042
2003102
2003120
2003123
2003132
2003201
2003204
2003210
2003213
2003222
2003231
2003240
2003300
2003303
2003312
2003321
2003330
2003402
2003420
2004002
2004020
2004023
2004032
2004200
2004203
2004230
2004302
2004320
2010002
2010020
2010023
2010032
2010200
2010203
2010230
2010233
2010302
2010320
2010323
2010332
2012000
2012003
2012030
2012033
2012300
2012303
2012330
2013002
2013020
2013023
2013032
2013200
2013203
2013230
2013302
2013320
2020001
2020004
2020010
2020013
2020022
2020031
2020034
2020040
2020043
2020100
2020103
2020130
2020133
2020202
2020220
2020223
2020232
2020301
2020304
2020310
2020313
2020322
2020331
2020340
2020400
2020403
2020430
2021000
2021003
2021030
2021033
2021300
2021303
2021330
2022002
2022020
2022023
2022032
2022200
2022203
2022230
2022302
2022320
2023001
2023004
2023010
2023013
2023022
2023031
2023040
2023100
2023103
2023130
2023202
2023220
2023301
2023310
2023400
2024000
2024003
2024030
2024300
2030000
2030003
2030012
2030021
2030024
2030030
2030033
2030042
2030102
2030120
2030123
2030132
2030201
2030204
2030210
2030213
2030222
2030231
2030240
2030300
2030303
2030312
2030321
2030330
2030402
2030420
2031002
2031020
2031023
2031032
2031200
2031203
2031230
2031302
2031320
2032001
2032004
2032010
2032013
2032022
2032031
2032040
2032100
2032103
2032130
2032202
2032220
2032301
2032310
2032400
2033000
2033003
2033012
2033021
2033030
2033102
2033120
2033201
2033210
2033300
2034002
2034020
2034200
2040002
2040020
2040023
2040032
2040200
2040203
2040230
2040302
2040320
2042000
2042003
2042030
2042300
2043002
2043020
2043200
2100002
2100020
2100023
2100032
2100200
2100203
2100230
2100233
2100302
2100320
2100323
2100332
2102000
2102003
2102030
2102033
2102300
2102303
2102330
2103002
2103020
2103023
2103032
2103200
2103203
2103230
2103302
2103320
2120000
2120003
2120030
2120033
2120300
2120303
2120330
2123000
2123003
2123030
2123300
2130002
2130020
2130023
2130032
2130200
2130203
2130230
2130302
2130320
2132000
2132003
2132030
2132300
2133002
2133020
2133200
2200001
2200004
2200010
2200013
2200022
2200031
2200034
2200040
2200043
2200100
2200103
2200130
2200133
2200202
2200220
2200223
2200232
2200301
2200304
2200310
2200313
2200322
2200331
2200340
2200400
2200403
2200430
2201000
2201003
2201030
2201033
2201300
2201303
2201330
2202002
2202020
2202023
2202032
2202200
2202203
2202230
2202302
2202320
2203001
2203004
2203010
2203013
2203022
2203031
2203040
2203100
2203103
2203130
2203202
2203220
2203301
2203310
2203400
2204000
2204003
2204030
2204300
2210000
2210003
2210030
2210033
2210300
2210303
2210330
2213000
2213003
2213030
2213300
2220002
2220020
2220023
2220032
2220200
2220203
2220230
2220302
2220320
2222000
2222003
2222030
2222300
2223002
2223020
2223200
2230001
2230004
2230010
2230013
2230022
2230031
2230040
2230100
2230103
2230130
2230202
2230220
2230301
2230310
2230400
2231000
2231003
2231030
2231300
2232002
2232020
2232200
2233001
2233010
2233100
2234000
2240000
2240003
2240030
2240300
2243000
2300000
2300003
2300012
2300021
2300024
2300030
2300033
2300042
2300102
2300120
2300123
2300132
2300201
2300204
2300210
2300213
2300222
2300231
2300240
2300300
2300303
2300312
2300321
2300330
2300402
2300420
2301002
2301020
2301023
2301032
2301200
2301203
2301230
2301302
2301320
2302001
2302004
2302010
2302013
2302022
2302031
2302040
2302100
2302103
2302130
2302202
2302220
2302301
2302310
2302400
2303000
2303003
2303012
2303021
2303030
2303102
2303120
2303201
2303210
2303300
2304002
2304020
2304200
2310002
2310020
2310023
2310032
2310200
2310203
2310230
2310302
2310320
2312000
2312003
2312030
2312300
2313002
2313020
2313200
2320001
2320004
2320010
2320013
2320022
2320031
2320040
2320100
2320103
2320130
2320202
2320220
2320301
2320310
2320400
2321000
2321003
2321030
2321300
2322002
2322020
2322200
2323001
2323010
2323100
2324000
2330000
2330003
2330012
2330021
2330030
2330102
2330120
2330201
2330210
2330300
2331002
2331020
2331200
2332001
2332010
2332100
2333000
2340002
2340020
2340200
2342000
2400002
2400020
2400023
2400032
2400200
2400203
2400230
2400302
2400320
2402000
2402003
2402030
2402300
2403002
2403020
2403200
2420000
2420003
2420030
2420300
2423000
2430002
2430020
2430200
2432000
3000002
3000011
3000014
3000020
3000023
3000032
3000041
3000044
3000101
3000104
3000110
3000113
3000122
3000131
3000134
3000140
3000143
3000200
3000203
3000212
3000221
3000224
3000230
3000233
3000242
3000302
3000311
3000314
3000320
3000323
3000332
3000341
3000401
3000404
3000410
3000413
3000422
3000431
3000440
3001001
3001004
3001010
3001013
3001022
3001031
3001034
3001040
3001043
3001100
3001103
3001130
3001133
3001202
3001220
3001223
3001232
3001301
3001304
3001310
3001313
3001322
3001331
3001340
3001400
3001403
3001430
3002000
3002003
3002012
3002021
3002024
3002030
3002033
3002042
3002102
3002120
3002123
3002132
3002201
3002204
3002210
3002213
3002222
3002231
3002240
3002300
3002303
3002312
3002321
3002330
3002402
3002420
3003002
3003011
3003014
3003020
3003023
3003032
3003041
3003101
3003104
3003110
3003113
3003122
3003131
3003140
3003200
3003203
3003212
3003221
3003230
3003302
3003311
3003320
3003401
3003410
3004001
3004004
3004010
3004013
3004022
3004031
3004040
3004100
3004103
3004130
3004202
3004220
3004301
3004310
3004400
3010001
3010004
3010010
3010013
3010022
3010031
3010034
3010040
3010043
3010100
3010103
3010130
3010133
3010202
3010220
3010223
3010232
3010301
3010304
3010310
3010313
3010322
3010331
3010340
3010400
3010403
3010430
3011000
3011003
3011030
3011033
3011300
3011303
3011330
3012002
3012020
3012023
3012032
3012200
3012203
3012230
3012302
3012320
3013001
3013004
3013010
3013013
3013022
3013031
3013040
3013100
3013103
3013130
3013202
3013220
3013301
3013310
3013400
3014000
3014003
3014030
3014300
3020000
3020003
3020012
3020021
3020024
3020030
3020033
3020042
3020102
3020120
3020123
3020132
3020201
3020204
3020210
3020213
3020222
3020231
3020240
3020300
3020303
3020312
3020321
3020330
3020402
3020420
3021002
3021020
3021023
3021032
3021200
3021203
3021230
3021302
3021320
3022001
3022004
3022010
3022013
3022022
3022031
3022040
3022100
3022103
3022130
3022202
3022220
3022301
3022310
3022400
3023000
3023003
3023012
3023021
3023030
3023102
3023120
3023201
3023210
3023300
3024002
3024020
3024200
3030002
3030011
3030014
3030020
3030023
3030032
3030041
3030101
3030104
3030110
3030113
3030122
3030131
3030140
3030200
3030203
3030212
3030221
3030230
3030302
3030311
3030320
3030401
3030410
3031001
3031004
3031010
3031013
3031022
3031031
3031040
3031100
3031103
3031130
3031202
3031220
3031301
3031310
3031400
3032000
3032003
3032012
3032021
3032030
3032102
3032120
3032201
3032210
3032300
3033002
3033011
3033020
3033101
3033110
3033200
3034001
3034010
3034100
3040001
3040004
3040010
3040013
3040022
3040031
3040040
3040100
3040103
3040130
3040202
3040220
3040301
3040310
3040400
3041000
3041003
3041030
3041300
3042002
3042020
3042200
3043001
3043010
3043100
3044000
3100001
3100004
3100010
3100013
3100022
3100031
3100034
3100040
3100043
3100100
3100103
3100130
3100133
3100202
3100220
3100223
3100232
3100301
3100304
3100310
3100313
3100322
3100331
3100340
3100400
3100403
3100430
3101000
3101003
3101030
3101033
3101300
3101303
3101330
3102002
3102020
3102023
3102032
3102200
3102203
3102230
3102302
3102320
3103001
3103004
3103010
3103013
3103022
3103031
3103040
3103100
3103103
3103130
3103202
3103220
3103301
3103310
3103400
3104000
3104003
3104030
3104300
3110000
3110003
3110030
3110033
3110300
3110303
3110330
3113000
3113003
3113030
3113300
3120002
3120020
3120023
3120032
3120200
3120203
3120230
3120302
3120320
3122000
3122003
3122030
3122300
3123002
3123020
3123200
3130001
3130004
3130010
3130013
3130022
3130031
3130040
3130100
3130103
3130130
3130202
3130220
3130301
3130310
3130400
3131000
3131003
3131030
3131300
3132002
3132020
3132200
3133001
3133010
3133100
3134000
3140000
3140003
3140030
3140300
3143000
3200000
3200003
3200012
3200021
3200024
3200030
3200033
3200042
3200102
3200120
3200123
3200132
3200201
3200204
3200210
3200213
3200222
3200231
3200240
3200300
3200303
3200312
3200321
3200330
3200402
3200420
3201002
3201020
3201023
3201032
3201200
3201203
3201230
3201302
3201320
3202001
3202004
3202010
3202013
3202022
3202031
3202040
3202100
3202103
3202130
3202202
3202220
3202301
3202310
3202400
3203000
3203003
3203012
3203021
3203030
3203102
3203120
3203201
3203210
3203300
3204002
3204020
3204200
3210002
3210020
3210023
3210032
3210200
3210203
3210230
3210302
3210320
3212000
3212003
3212030
3212300
3213002
3213020
3213200
3220001
3220004
3220010
3220013
3220022
3220031
3220040
3220100
3220103
3220130
3220202
3220220
3220301
3220310
3220400
3221000
3221003
3221030
3221300
3222002
3222020
3222200
3223001
3223010
3223100
3224000
3230000
3230003
3230012
3230021
3230030
3230102
3230120
3230201
3230210
3230300
3231002
3231020
3231200
3232001
3232010
3232100
3233000
3240002
3240020
3240200
3242000
3300002
3300011
3300014
3300020
3300023
3300032
3300041
3300101
3300104
3300110
3300113
3300122
3300131
3300140
3300200
3300203
3300212
3300221
3300230
3300302
3300311
3300320
3300401
3300410
3301001
3301004
3301010
3301013
3301022
3301031
3301040
3301100
3301103
3301130
3301202
3301220
3301301
3301310
3301400
3302000
3302003
3302012
3302021
3302030
3302102
3302120
3302201
3302210
3302300
3303002
3303011
3303020
3303101
3303110
3303200
3304001
3304010
3304100
3310001
3310004
3310010
3310013
3310022
3310031
3310040
3310100
3310103
3310130
3310202
3310220
3310301
3310310
3310400
3311000
3311003
3311030
3311300
3312002
3312020
3312200
3313001
3313010
3313100
3314000
3320000
3320003
3320012
3320021
3320030
3320102
3320120
3320201
3320210
3320300
3321002
3321020
3321200
3322001
3322010
3322100
3323000
3330002
3330011
3330020
3330101
3330110
3330200
3331001
3331010
3331100
3332000
3340001
3340010
3340100
3341000
3400001
3400004
3400010
3400013
3400022
3400031
3400040
3400100
3400103
3400130
3400202
3400220
3400301
3400310
3400400
3401000
3401003
3401030
3401300
3402002
3402020
3402200
3403001
3403010
3403100
3404000
3410000
3410003
3410030
3410300
3413000
3420002
3420020
3420200
3422000
3430001
3430010
3430100
3431000
3440000
4000001
4000004
4000010
4000013
4000022
4000031
4000034
4000040
4000043
4000100
4000103
4000130
4000133
4000202
4000220
4000223
4000232
4000301
4000304
4000310
4000313
4000322
4000331
4000340
4000400
4000403
4000430
4001000
4001003
4001030
4001033
4001300
4001303
4001330
4002002
4002020
4002023
4002032
4002200
4002203
4002230
4002302
4002320
4003001
4003004
4003010
4003013
4003022
4003031
4003040
4003100
4003103
4003130
4003202
4003220
4003301
4003310
4003400
4004000
4004003
4004030
4004300
4010000
4010003
4010030
4010033
4010300
4010303
4010330
4013000
4013003
4013030
4013300
4020002
4020020
4020023
4020032
4020200
4020203
4020230
4020302
4020320
4022000
4022003
4022030
4022300
4023002
4023020
4023200
4030001
4030004
4030010
4030013
4030022
4030031
4030040
4030100
4030103
4030130
4030202
4030220
4030301
4030310
4030400
4031000
4031003
4031030
4031300
4032002
4032020
4032200
4033001
4033010
4033100
4034000
4040000
4040003
4040030
4040300
4043000
4100000
4100003
4100030
4100033
4100300
4100303
4100330
4103000
4103003
4103030
4103300
4130000
4130003
4130030
4130300
4133000
4200002
4200020
4200023
4200032
4200200
4200203
4200230
4200302
4200320
4202000
4202003
4202030
4202300
4203002
4203020
4203200
4220000
4220003
4220030
4220300
4223000
4230002
4230020
4230200
4232000
4300001
4300004
4300010
4300013
4300022
4300031
4300040
4300100
4300103
4300130
4300202
4300220
4300301
4300310
4300400
4301000
4301003
4301030
4301300
4302002
4302020
4302200
4303001
4303010
4303100
4304000
4310000
4310003
4310030
4310300
4313000
4320002
4320020
4320200
4322000
4330001
4330010
4330100
4331000
4340000
4400000
4400003
4400030
4400300
4403000
4430000
