3120000
203010
3201
10011
20121
2200200
3020010
23100
1002012
21003
301110
100131
311010
220011
0
3102000
2100300
300102
110022
2120100
2031
2001012
220110
120300
3001020
1010220
1000113
202002
3000210
3100101
12210
1100001
1030101
102
130101
2300100
1210020
310002
2120001
1020201
1001301
31101
12021
1122000
3000030
1301100
1101030
1122
2001000
110103
200112
101031
200211
2000130
1210200
1020003
302100
1201002
1203
10212
3002100
13002
1010103
1010010
30012
1020021
2010012
210
30003
102030
1301010
1200021
2110200
2100030
300201
3000201
2100012
100101
12120
10122
1023000
2100003
2110002
1200102
10230
20301
101100
11202
1032000
100320
2022
220101
2103000
110010
201210
21021
2003010
2011200
301101
101022
1102002
13110
3012000
2201100
2021010
1020210
100311
33000
1220100
12000
1021002
113001
110202
11100
303000
2022000
3102
213
10320
2001102
321
211020
210000
310020
300003
1100010
210210
210012
1131000
1320
3011010
1230
201201
2101200
300
103101
1201200
1020102
21120
20310
11022
2220000
210030
3010020
3110001
2000211
131010
100113
10221
3110100
1100130
2012001
30210
231
212001
210120
310101
1113000
2010300
1100220
1200012
11001
1001220
1020
1101
1000101
1110
102003
1200201
12003
1002201
221010
100110
2121000
201003
1013001
1010022
3021
1000011
212100
30030
102300
3
10203
102021
231000
210300
1100103
112200
3100002
3101001
23010
32010
100023
1000023
3000012
2021100
2100000
1030020
2120010
1300110
10020
10023
121002
110001
1221000
2001300
20103
120210
312000
1301001
21
21201
30300
1022001
2002110
3001110
3000021
3010110
1010001
1000131
10113
2112000
13200
1010310
132
210021
10101
3000000
2003100
2101002
1012200
120201
100122
32001
2130
1001013
211200
2201010
2010
210201
101001
1320000
2202
120003
1110003
1300002
1200120
123000
1020300
1130100
3110010
1002021
221100
103011
10131
3100110
2100021
1001103
2001201
110310
1020012
1001001
3111000
1130001
1200003
1100202
3011100
2010210
212010
203100
1103001
1000002
201021
100002
2012010
10200
11130
320100
1202001
1100301
1100022
20211
1021200
21030
101103
12012
2210010
103200
1003020
2101020
1002
222
202011
321000
1030200
1110300
2010102
1120002
100203
31020
1010130
2013000
230100
130020
2200020
2013
3200001
102000
2201001
3010101
101220
3001200
2001030
1021020
1001031
120012
13101
1100013
2000022
3120
122010
312
100020
1003110
1302
1003101
1031100
2002101
110130
2030100
2200002
100302
200010
20013
1002120
1000122
120021
1212000
300030
210003
1103100
2020110
201120
11103
30111
1310100
2020200
1003200
20112
3210
301200
2200101
3000102
2012100
311001
110100
120102
1221
330000
2130000
2010003
23001
1302000
1013010
3011001
1032
2002200
31200
310110
12
112020
3010002
2000031
1003011
2002011
1113
200220
32100
20100
221001
2300010
3100020
2100
320010
1201020
2020101
1000203
2001120
2001210
3003000
130200
2030001
2002002
1300011
3100011
10002
201030
1202010
330
300021
2011020
31002
1023
101013
310200
130002
300120
200301
11310
22101
2310
103110
22011
1131
230010
1101003
1000302
1010031
1003002
201012
2020020
1202100
3030
202020
3012
131001
1000320
2000001
1011003
1001310
1110000
3300000
1310001
2000100
1000110
110031
100011
122100
110013
111003
1300200
302001
1001022
1000221
1101000
2002020
2100120
2000103
101202
12102
1020000
20022
1010013
2000112
121020
1110030
200310
3010011
2301
1022010
21012
3100200
2010030
200103
1011030
2220
123
213000
220020
2102001
1012020
2202000
2100102
2200011
2103
130110
111
1203000
2031000
3200010
1103010
101130
101010
100221
1002003
3002001
12300
1001100
1000032
2010000
3201000
1102200
301002
10032
2000121
1311
200100
1200210
200202
2000301
2211
1100310
21300
1013100
1002102
1011300
3001011
121200
110220
3020001
203001
2000220
200001
310011
1001202
211002
130011
132000
3020100
22002
1001130
3300
302010
100230
13020
30000
1200300
1120020
1200030
111030
301011
2020011
120
11220
31110
2200110
200022
22200
20031
3000111
11301
2310000
3210000
3010200
2003001
1000212
101310
102201
13011
300300
1031010
1020120
30201
2210001
1102020
2021001
1022100
11031
2121
3111
3000120
2000202
2100201
1010301
102102
2301000
100032
10302
2010021
120000
2030010
103002
3001002
1000311
300111
31011
11013
120030
1020030
2011002
112002
2110020
2001003
2000310
1300101
21000
1030011
1311000
220002
103020
1100100
2001021
113100
202101
100212
21210
3021000
2100210
30
120120
2020002
3101010
20220
30021
201300
1010202
1300020
1002300
1011
20010
10311
2211000
220200
1120200
1000230
22020
1012002
1030110
1002210
1210002
1220001
100200
12030
1001010
210102
2112
300000
1310010
320001
131100
30120
1200
2001
3030000
1002000
2000013
1031001
20130
20001
111300
101301
1130010
1220010
3000
1002030
202200
2102010
111000
102210
21102
10110
222000
201000
2102100
33
3001101
311100
113010
110301
1200000
1230000
1101300
2010120
202110
200121
200130
1011000
201
102012
30102
11010
2300001
3003
1000200
1100031
3000300
3002010
200031
300012
22110
12201
1030002
3101100
300210
200013
2010201
102120
3200100
301020
1000020
2000010
1010100
20202
122001
201102
2210100
230001
3000003
303
1212
