0
3
12
21
24
30
33
42
102
111
114
120
123
132
141
144
201
204
210
213
222
231
234
240
243
300
303
312
321
324
330
333
342
402
411
414
420
423
432
441
1002
1011
1014
1020
1023
1032
1041
1044
1101
1104
1110
1113
1122
1131
1134
1140
1143
1200
1203
1212
1221
1224
1230
1233
1242
1302
1311
1314
1320
1323
1332
1341
1401
1404
1410
1413
1422
1431
1440
2001
2004
2010
2013
2022
2031
2034
2040
2043
2100
2103
2112
2121
2124
2130
2133
2142
2202
2211
2214
2220
2223
2232
2241
2301
2304
2310
2313
2322
2331
2340
2400
2403
2412
2421
2430
3000
3003
3012
3021
3024
3030
3033
3042
3102
3111
3114
3120
3123
3132
3141
3201
3204
3210
3213
3222
3231
3240
3300
3303
3312
3321
3330
3402
3411
3420
4002
4011
4014
4020
4023
4032
4041
4101
4104
4110
4113
4122
4131
4140
4200
4203
4212
4221
4230
4302
4311
4320
4401
4410
10002
10011
10014
10020
10023
10032
10041
10044
10101
10104
10110
10113
10122
10131
10134
10140
10143
10200
10203
10212
10221
10224
10230
10233
10242
10302
10311
10314
10320
10323
10332
10341
10401
10404
10410
10413
10422
10431
10440
11001
11004
11010
11013
11022
11031
11034
11040
11043
11100
11103
11130
11133
11202
11220
11223
11232
11301
11304
11310
11313
11322
11331
11340
11400
11403
11430
12000
12003
12012
12021
12024
12030
12033
12042
12102
12120
12123
12132
12201
12204
12210
12213
12222
12231
12240
12300
12303
12312
12321
12330
12402
12420
13002
13011
13014
13020
13023
13032
13041
13101
13104
13110
13113
13122
13131
13140
13200
13203
13212
13221
13230
13302
13311
13320
13401
13410
14001
14004
14010
14013
14022
14031
14040
14100
14103
14130
14202
14220
14301
14310
14400
20001
20004
20010
20013
20022
20031
20034
20040
20043
20100
20103
20112
20121
20124
20130
20133
20142
20202
20211
20214
20220
20223
20232
20241
20301
20304
20310
20313
20322
20331
20340
20400
20403
20412
20421
20430
21000
21003
21012
21021
21024
21030
21033
21042
21102
21120
21123
21132
21201
21204
21210
21213
21222
21231
21240
21300
21303
21312
21321
21330
21402
21420
22002
22011
22014
22020
22023
22032
22041
22101
22104
22110
22113
22122
22131
22140
22200
22203
22212
22221
22230
22302
22311
22320
22401
22410
23001
23004
23010
23013
23022
23031
23040
23100
23103
23112
23121
23130
23202
23211
23220
23301
23310
23400
24000
24003
24012
24021
24030
24102
24120
24201
24210
24300
30000
30003
30012
30021
30024
30030
30033
30042
30102
30111
30114
30120
30123
30132
30141
30201
30204
30210
30213
30222
30231
30240
30300
30303
30312
30321
30330
30402
30411
30420
31002
31011
31014
31020
31023
31032
31041
31101
31104
31110
31113
31122
31131
31140
31200
31203
31212
31221
31230
31302
31311
31320
31401
31410
32001
32004
32010
32013
32022
32031
32040
32100
32103
32112
32121
32130
32202
32211
32220
32301
32310
32400
33000
33003
33012
33021
33030
33102
33111
33120
33201
33210
33300
34002
34011
34020
34101
34110
34200
40002
40011
40014
40020
40023
40032
40041
40101
40104
40110
40113
40122
40131
40140
40200
40203
40212
40221
40230
40302
40311
40320
40401
40410
41001
41004
41010
41013
41022
41031
41040
41100
41103
41130
41202
41220
41301
41310
41400
42000
42003
42012
42021
42030
42102
42120
42201
42210
42300
43002
43011
43020
43101
43110
43200
44001
44010
44100
100002
100011
100014
100020
100023
100032
100041
100044
100101
100104
100110
100113
100122
100131
100134
100140
100143
100200
100203
100212
100221
100224
100230
100233
100242
100302
100311
100314
100320
100323
100332
100341
100401
100404
100410
100413
100422
100431
100440
101001
101004
101010
101013
101022
101031
101034
101040
101043
101100
101103
101130
101133
101202
101220
101223
101232
101301
101304
101310
101313
101322
101331
101340
101400
101403
101430
102000
102003
102012
102021
102024
102030
102033
102042
102102
102120
102123
102132
102201
102204
102210
102213
102222
102231
102240
102300
102303
102312
102321
102330
102402
102420
103002
103011
103014
103020
103023
103032
103041
103101
103104
103110
103113
103122
103131
103140
103200
103203
103212
103221
103230
103302
103311
103320
103401
103410
104001
104004
104010
104013
104022
104031
104040
104100
104103
104130
104202
104220
104301
104310
104400
110001
110004
110010
110013
110022
110031
110034
110040
110043
110100
110103
110130
110133
110202
110220
110223
110232
110301
110304
110310
110313
110322
110331
110340
110400
110403
110430
111000
111003
111030
111033
111300
111303
111330
112002
112020
112023
112032
112200
112203
112230
112302
112320
113001
113004
113010
113013
113022
113031
113040
113100
113103
113130
113202
113220
113301
113310
113400
114000
114003
114030
114300
120000
120003
120012
120021
120024
120030
120033
120042
120102
120120
120123
120132
120201
120204
120210
120213
120222
120231
120240
120300
120303
120312
120321
120330
120402
120420
121002
121020
121023
121032
121200
121203
121230
121302
121320
122001
122004
122010
122013
122022
122031
122040
122100
122103
122130
122202
122220
122301
122310
122400
123000
123003
123012
123021
123030
123102
123120
123201
123210
123300
124002
124020
124200
130002
130011
130014
130020
130023
130032
130041
130101
130104
130110
130113
130122
130131
130140
130200
130203
130212
130221
130230
130302
130311
130320
130401
130410
131001
131004
131010
131013
131022
131031
131040
131100
131103
131130
131202
131220
131301
131310
131400
132000
132003
132012
132021
132030
132102
132120
132201
132210
132300
133002
133011
133020
133101
133110
133200
134001
134010
134100
140001
140004
140010
140013
140022
140031
140040
140100
140103
140130
140202
140220
140301
140310
140400
141000
141003
141030
141300
142002
142020
142200
143001
143010
143100
144000
200001
200004
200010
200013
200022
200031
200034
200040
200043
200100
200103
200112
200121
200124
200130
200133
200142
200202
200211
200214
200220
200223
200232
200241
200301
200304
200310
200313
200322
200331
200340
200400
200403
200412
200421
200430
201000
201003
201012
201021
201024
201030
201033
201042
201102
201120
201123
201132
201201
201204
201210
201213
201222
201231
201240
201300
201303
201312
201321
201330
201402
201420
202002
202011
202014
202020
202023
202032
202041
202101
202104
202110
202113
202122
202131
202140
202200
202203
202212
202221
202230
202302
202311
202320
202401
202410
203001
203004
203010
203013
203022
203031
203040
203100
203103
203112
203121
203130
203202
203211
203220
203301
203310
203400
204000
204003
204012
204021
204030
204102
204120
204201
204210
204300
210000
210003
210012
210021
210024
210030
210033
210042
210102
210120
210123
210132
210201
210204
210210
210213
210222
210231
210240
210300
210303
210312
210321
210330
210402
210420
211002
211020
211023
211032
211200
211203
211230
211302
211320
212001
212004
212010
212013
212022
212031
212040
212100
212103
212130
212202
212220
212301
212310
212400
213000
213003
213012
213021
213030
213102
213120
213201
213210
213300
214002
214020
214200
220002
220011
220014
220020
220023
220032
220041
220101
220104
220110
220113
220122
220131
220140
220200
220203
220212
220221
220230
220302
220311
220320
220401
220410
221001
221004
221010
221013
221022
221031
221040
221100
221103
221130
221202
221220
221301
221310
221400
222000
222003
222012
222021
222030
222102
222120
222201
222210
222300
223002
223011
223020
223101
223110
223200
224001
224010
224100
230001
230004
230010
230013
230022
230031
230040
230100
230103
230112
230121
230130
230202
230211
230220
230301
230310
230400
231000
231003
231012
231021
231030
231102
231120
231201
231210
231300
232002
232011
232020
232101
232110
232200
233001
233010
233100
234000
240000
240003
240012
240021
240030
240102
240120
240201
240210
240300
241002
241020
241200
242001
242010
242100
243000
300000
300003
300012
300021
300024
300030
300033
300042
300102
300111
300114
300120
300123
300132
300141
300201
300204
300210
300213
300222
300231
300240
300300
300303
300312
300321
300330
300402
300411
300420
301002
301011
301014
301020
301023
301032
301041
301101
301104
301110
301113
301122
301131
301140
301200
301203
301212
301221
301230
301302
301311
301320
301401
301410
302001
302004
302010
302013
302022
302031
302040
302100
302103
302112
302121
302130
302202
302211
302220
302301
302310
302400
303000
303003
303012
303021
303030
303102
303111
303120
303201
303210
303300
304002
304011
304020
304101
304110
304200
310002
310011
310014
310020
310023
310032
310041
310101
310104
310110
310113
310122
310131
310140
310200
310203
310212
310221
310230
310302
310311
310320
310401
310410
311001
311004
311010
311013
311022
311031
311040
311100
311103
311130
311202
311220
311301
311310
311400
312000
312003
312012
312021
312030
312102
312120
312201
312210
312300
313002
313011
313020
313101
313110
313200
314001
314010
314100
320001
320004
320010
320013
320022
320031
320040
320100
320103
320112
320121
320130
320202
320211
320220
320301
320310
320400
321000
321003
321012
321021
321030
321102
321120
321201
321210
321300
322002
322011
322020
322101
322110
322200
323001
323010
323100
324000
330000
330003
330012
330021
330030
330102
330111
330120
330201
330210
330300
331002
331011
331020
331101
331110
331200
332001
332010
332100
333000
340002
340011
340020
340101
340110
340200
341001
341010
341100
342000
400002
400011
400014
400020
400023
400032
400041
400101
400104
400110
400113
400122
400131
400140
400200
400203
400212
400221
400230
400302
400311
400320
400401
400410
401001
401004
401010
401013
401022
401031
401040
401100
401103
401130
401202
401220
401301
401310
401400
402000
402003
402012
402021
402030
402102
402120
402201
402210
402300
403002
403011
403020
403101
403110
403200
404001
404010
404100
410001
410004
410010
410013
410022
410031
410040
410100
410103
410130
410202
410220
410301
410310
410400
411000
411003
411030
411300
412002
412020
412200
413001
413010
413100
414000
420000
420003
420012
420021
420030
420102
420120
420201
420210
420300
421002
421020
421200
422001
422010
422100
423000
430002
430011
430020
430101
430110
430200
431001
431010
431100
432000
440001
440010
440100
441000
1000002
1000011
1000014
1000020
1000023
1000032
1000041
1000044
1000101
1000104
1000110
1000113
1000122
1000131
1000134
1000140
1000143
1000200
1000203
1000212
1000221
1000224
1000230
1000233
1000242
1000302
1000311
1000314
1000320
1000323
1000332
1000341
1000401
1000404
1000410
1000413
1000422
1000431
1000440
1001001
1001004
1001010
1001013
1001022
1001031
1001034
1001040
1001043
1001100
1001103
1001130
1001133
1001202
1001220
1001223
1001232
1001301
1001304
1001310
1001313
1001322
1001331
1001340
1001400
1001403
1001430
1002000
1002003
1002012
1002021
1002024
1002030
1002033
1002042
1002102
1002120
1002123
1002132
1002201
1002204
1002210
1002213
1002222
1002231
1002240
1002300
1002303
1002312
1002321
1002330
1002402
1002420
1003002
1003011
1003014
1003020
1003023
1003032
1003041
1003101
1003104
1003110
1003113
1003122
1003131
1003140
1003200
1003203
1003212
1003221
1003230
1003302
1003311
1003320
1003401
1003410
1004001
1004004
1004010
1004013
1004022
1004031
1004040
1004100
1004103
1004130
1004202
1004220
1004301
1004310
1004400
1010001
1010004
1010010
1010013
1010022
1010031
1010034
1010040
1010043
1010100
1010103
1010130
1010133
1010202
1010220
1010223
1010232
1010301
1010304
1010310
1010313
1010322
1010331
1010340
1010400
1010403
1010430
1011000
1011003
1011030
1011033
1011300
1011303
1011330
1012002
1012020
1012023
1012032
1012200
1012203
1012230
1012302
1012320
1013001
1013004
1013010
1013013
1013022
1013031
1013040
1013100
1013103
1013130
1013202
1013220
1013301
1013310
1013400
1014000
1014003
1014030
1014300
1020000
1020003
1020012
1020021
1020024
1020030
1020033
1020042
1020102
1020120
1020123
1020132
1020201
1020204
1020210
1020213
1020222
1020231
1020240
1020300
1020303
1020312
1020321
1020330
1020402
1020420
1021002
1021020
1021023
1021032
1021200
1021203
1021230
1021302
1021320
1022001
1022004
1022010
1022013
1022022
1022031
1022040
1022100
1022103
1022130
1022202
1022220
1022301
1022310
1022400
1023000
1023003
1023012
1023021
1023030
1023102
1023120
1023201
1023210
1023300
1024002
1024020
1024200
1030002
1030011
1030014
1030020
1030023
1030032
1030041
1030101
1030104
1030110
1030113
1030122
1030131
1030140
1030200
1030203
1030212
1030221
1030230
1030302
1030311
1030320
1030401
1030410
1031001
1031004
1031010
1031013
1031022
1031031
1031040
1031100
1031103
1031130
1031202
1031220
1031301
1031310
1031400
1032000
1032003
1032012
1032021
1032030
1032102
1032120
1032201
1032210
1032300
1033002
1033011
1033020
1033101
1033110
1033200
1034001
1034010
1034100
1040001
1040004
1040010
1040013
1040022
1040031
1040040
1040100
1040103
1040130
1040202
1040220
1040301
1040310
1040400
1041000
1041003
1041030
1041300
1042002
1042020
1042200
1043001
1043010
1043100
1044000
1100001
1100004
1100010
1100013
1100022
1100031
1100034
1100040
1100043
1100100
1100103
1100130
1100133
1100202
1100220
1100223
1100232
1100301
1100304
1100310
1100313
1100322
1100331
1100340
1100400
1100403
1100430
1101000
1101003
1101030
1101033
1101300
1101303
1101330
1102002
1102020
1102023
1102032
1102200
1102203
1102230
1102302
1102320
1103001
1103004
1103010
1103013
1103022
1103031
1103040
1103100
1103103
1103130
1103202
1103220
1103301
1103310
1103400
1104000
1104003
1104030
1104300
1110000
1110003
1110030
1110033
1110300
1110303
1110330
1113000
1113003
1113030
1113300
1120002
1120020
1120023
1120032
1120200
1120203
1120230
1120302
1120320
1122000
1122003
1122030
1122300
1123002
1123020
1123200
1130001
1130004
1130010
1130013
1130022
1130031
1130040
1130100
1130103
1130130
1130202
1130220
1130301
1130310
1130400
1131000
1131003
1131030
1131300
1132002
1132020
1132200
1133001
1133010
1133100
1134000
1140000
1140003
1140030
1140300
1143000
1200000
1200003
1200012
1200021
1200024
1200030
1200033
1200042
1200102
1200120
1200123
1200132
1200201
1200204
1200210
1200213
1200222
1200231
1200240
1200300
1200303
1200312
1200321
1200330
1200402
1200420
1201002
1201020
1201023
1201032
1201200
1201203
1201230
1201302
1201320
1202001
1202004
1202010
1202013
1202022
1202031
1202040
1202100
1202103
1202130
1202202
1202220
1202301
1202310
1202400
1203000
1203003
1203012
1203021
1203030
1203102
1203120
1203201
1203210
1203300
1204002
1204020
1204200
1210002
1210020
1210023
1210032
1210200
1210203
1210230
1210302
1210320
1212000
1212003
1212030
1212300
1213002
1213020
1213200
1220001
1220004
1220010
1220013
1220022
1220031
1220040
1220100
1220103
1220130
1220202
1220220
1220301
1220310
1220400
1221000
1221003
1221030
1221300
1222002
1222020
1222200
1223001
1223010
1223100
1224000
1230000
1230003
1230012
1230021
1230030
1230102
1230120
1230201
1230210
1230300
1231002
1231020
1231200
1232001
1232010
1232100
1233000
1240002
1240020
1240200
1242000
1300002
1300011
1300014
1300020
1300023
1300032
1300041
1300101
1300104
1300110
1300113
1300122
1300131
1300140
1300200
1300203
1300212
1300221
1300230
1300302
1300311
1300320
1300401
1300410
1301001
1301004
1301010
1301013
1301022
1301031
1301040
1301100
1301103
1301130
1301202
1301220
1301301
1301310
1301400
1302000
1302003
1302012
1302021
1302030
1302102
1302120
1302201
1302210
1302300
1303002
1303011
1303020
1303101
1303110
1303200
1304001
1304010
1304100
1310001
1310004
1310010
1310013
1310022
1310031
1310040
1310100
1310103
1310130
1310202
1310220
1310301
1310310
1310400
1311000
1311003
1311030
1311300
1312002
1312020
1312200
1313001
1313010
1313100
1314000
1320000
1320003
1320012
1320021
1320030
1320102
1320120
1320201
1320210
1320300
1321002
1321020
1321200
1322001
1322010
1322100
1323000
1330002
1330011
1330020
1330101
1330110
1330200
1331001
1331010
1331100
1332000
1340001
1340010
1340100
1341000
1400001
1400004
1400010
1400013
1400022
1400031
1400040
1400100
1400103
1400130
1400202
1400220
1400301
1400310
1400400
1401000
1401003
1401030
1401300
1402002
1402020
1402200
1403001
1403010
1403100
1404000
1410000
1410003
1410030
1410300
1413000
1420002
1420020
1420200
1422000
1430001
1430010
1430100
1431000
1440000
2000001
2000004
2000010
2000013
2000022
2000031
2000034
2000040
2000043
2000100
2000103
2000112
2000121
2000124
2000130
2000133
2000142
2000202
2000211
2000214
2000220
2000223
2000232
2000241
2000301
2000304
2000310
2000313
2000322
2000331
2000340
2000400
2000403
2000412
2000421
2000430
2001000
2001003
2001012
2001021
2001024
2001030
2001033
2001042
2001102
2001120
2001123
2001132
2001201
2001204
2001210
2001213
2001222
2001231
2001240
2001300
2001303
2001312
2001321
2001330
2001402
2001420
2002002
2002011
2002014
2002020
2002023
2002032
2002041
2002101
2002104
2002110
2002113
2002122
2002131
2002140
2002200
2002203
2002212
2002221
2002230
2002302
2002311
2002320
2002401
2002410
2003001
2003004
2003010
2003013
2003022
2003031
2003040
2003100
2003103
2003112
2003121
2003130
2003202
2003211
2003220
2003301
2003310
2003400
2004000
2004003
2004012
2004021
2004030
2004102
2004120
2004201
2004210
2004300
2010000
2010003
2010012
2010021
2010024
2010030
2010033
2010042
2010102
2010120
2010123
2010132
2010201
2010204
2010210
2010213
2010222
2010231
2010240
2010300
2010303
2010312
2010321
2010330
2010402
2010420
2011002
2011020
2011023
2011032
2011200
2011203
2011230
2011302
2011320
2012001
2012004
2012010
2012013
2012022
2012031
2012040
2012100
2012103
2012130
2012202
2012220
2012301
2012310
2012400
2013000
2013003
2013012
2013021
2013030
2013102
2013120
2013201
2013210
2013300
2014002
2014020
2014200
2020002
2020011
2020014
2020020
2020023
2020032
2020041
2020101
2020104
2020110
2020113
2020122
2020131
2020140
2020200
2020203
2020212
2020221
2020230
2020302
2020311
2020320
2020401
2020410
2021001
2021004
2021010
2021013
2021022
2021031
2021040
2021100
2021103
2021130
2021202
2021220
2021301
2021310
2021400
2022000
2022003
2022012
2022021
2022030
2022102
2022120
2022201
2022210
2022300
2023002
2023011
2023020
2023101
2023110
2023200
2024001
2024010
2024100
2030001
2030004
2030010
2030013
2030022
2030031
2030040
2030100
2030103
2030112
2030121
2030130
2030202
2030211
2030220
2030301
2030310
2030400
2031000
2031003
2031012
2031021
2031030
2031102
2031120
2031201
2031210
2031300
2032002
2032011
2032020
2032101
2032110
2032200
2033001
2033010
2033100
2034000
2040000
2040003
2040012
2040021
2040030
2040102
2040120
2040201
2040210
2040300
2041002
2041020
2041200
2042001
2042010
2042100
2043000
2100000
2100003
2100012
2100021
2100024
2100030
2100033
2100042
2100102
2100120
2100123
2100132
2100201
2100204
2100210
2100213
2100222
2100231
2100240
2100300
2100303
2100312
2100321
2100330
2100402
2100420
2101002
2101020
2101023
2101032
2101200
2101203
2101230
2101302
2101320
2102001
2102004
2102010
2102013
2102022
2102031
2102040
2102100
2102103
2102130
2102202
2102220
2102301
2102310
2102400
2103000
2103003
2103012
2103021
2103030
2103102
2103120
2103201
2103210
2103300
2104002
2104020
2104200
2110002
2110020
2110023
2110032
2110200
2110203
2110230
2110302
2110320
2112000
2112003
2112030
2112300
2113002
2113020
2113200
2120001
2120004
2120010
2120013
2120022
2120031
2120040
2120100
2120103
2120130
2120202
2120220
2120301
2120310
2120400
2121000
2121003
2121030
2121300
2122002
2122020
2122200
2123001
2123010
2123100
2124000
2130000
2130003
2130012
2130021
2130030
2130102
2130120
2130201
2130210
2130300
2131002
2131020
2131200
2132001
2132010
2132100
2133000
2140002
2140020
2140200
2142000
2200002
2200011
2200014
2200020
2200023
2200032
2200041
2200101
2200104
2200110
2200113
2200122
2200131
2200140
2200200
2200203
2200212
2200221
2200230
2200302
2200311
2200320
2200401
2200410
2201001
2201004
2201010
2201013
2201022
2201031
2201040
2201100
2201103
2201130
2201202
2201220
2201301
2201310
2201400
2202000
2202003
2202012
2202021
2202030
2202102
2202120
2202201
2202210
2202300
2203002
2203011
2203020
2203101
2203110
2203200
2204001
2204010
2204100
2210001
2210004
2210010
2210013
2210022
2210031
2210040
2210100
2210103
2210130
2210202
2210220
2210301
2210310
2210400
2211000
2211003
2211030
2211300
2212002
2212020
2212200
2213001
2213010
2213100
2214000
2220000
2220003
2220012
2220021
2220030
2220102
2220120
2220201
2220210
2220300
2221002
2221020
2221200
2222001
2222010
2222100
2223000
2230002
2230011
2230020
2230101
2230110
2230200
2231001
2231010
2231100
2232000
2240001
2240010
2240100
2241000
2300001
2300004
2300010
2300013
2300022
2300031
2300040
2300100
2300103
2300112
2300121
2300130
2300202
2300211
2300220
2300301
2300310
2300400
2301000
2301003
2301012
2301021
2301030
2301102
2301120
2301201
2301210
2301300
2302002
2302011
2302020
2302101
2302110
2302200
2303001
2303010
2303100
2304000
2310000
2310003
2310012
2310021
2310030
2310102
2310120
2310201
2310210
2310300
2311002
2311020
2311200
2312001
2312010
2312100
2313000
2320002
2320011
2320020
2320101
2320110
2320200
2321001
2321010
2321100
2322000
2330001
2330010
2330100
2331000
2340000
2400000
2400003
2400012
2400021
2400030
2400102
2400120
2400201
2400210
2400300
2401002
2401020
2401200
2402001
2402010
2402100
2403000
2410002
2410020
2410200
2412000
2420001
2420010
2420100
2421000
2430000
3000000
3000003
3000012
3000021
3000024
3000030
3000033
3000042
3000102
3000111
3000114
3000120
3000123
3000132
3000141
3000201
3000204
3000210
3000213
3000222
3000231
3000240
3000300
3000303
3000312
3000321
3000330
3000402
3000411
3000420
3001002
3001011
3001014
3001020
3001023
3001032
3001041
3001101
3001104
3001110
3001113
3001122
3001131
3001140
3001200
3001203
3001212
3001221
3001230
3001302
3001311
3001320
3001401
3001410
3002001
3002004
3002010
3002013
3002022
3002031
3002040
3002100
3002103
3002112
3002121
3002130
3002202
3002211
3002220
3002301
3002310
3002400
3003000
3003003
3003012
3003021
3003030
3003102
3003111
3003120
3003201
3003210
3003300
3004002
3004011
3004020
3004101
3004110
3004200
3010002
3010011
3010014
3010020
3010023
3010032
3010041
3010101
3010104
3010110
3010113
3010122
3010131
3010140
3010200
3010203
3010212
3010221
3010230
3010302
3010311
3010320
3010401
3010410
3011001
3011004
3011010
3011013
3011022
3011031
3011040
3011100
3011103
3011130
3011202
3011220
3011301
3011310
3011400
3012000
3012003
3012012
3012021
3012030
3012102
3012120
3012201
3012210
3012300
3013002
3013011
3013020
3013101
3013110
3013200
3014001
3014010
3014100
3020001
3020004
3020010
3020013
3020022
3020031
3020040
3020100
3020103
3020112
3020121
3020130
3020202
3020211
3020220
3020301
3020310
3020400
3021000
3021003
3021012
3021021
3021030
3021102
3021120
3021201
3021210
3021300
3022002
3022011
3022020
3022101
3022110
3022200
3023001
3023010
3023100
3024000
3030000
3030003
3030012
3030021
3030030
3030102
3030111
3030120
3030201
3030210
3030300
3031002
3031011
3031020
3031101
3031110
3031200
3032001
3032010
3032100
3033000
3040002
3040011
3040020
3040101
3040110
3040200
3041001
3041010
3041100
3042000
3100002
3100011
3100014
3100020
3100023
3100032
3100041
3100101
3100104
3100110
3100113
3100122
3100131
3100140
3100200
3100203
3100212
3100221
3100230
3100302
3100311
3100320
3100401
3100410
3101001
3101004
3101010
3101013
3101022
3101031
3101040
3101100
3101103
3101130
3101202
3101220
3101301
3101310
3101400
3102000
3102003
3102012
3102021
3102030
3102102
3102120
3102201
3102210
3102300
3103002
3103011
3103020
3103101
3103110
3103200
3104001
3104010
3104100
3110001
3110004
3110010
3110013
3110022
3110031
3110040
3110100
3110103
3110130
3110202
3110220
3110301
3110310
3110400
3111000
3111003
3111030
3111300
3112002
3112020
3112200
3113001
3113010
3113100
3114000
3120000
3120003
3120012
3120021
3120030
3120102
3120120
3120201
3120210
3120300
3121002
3121020
3121200
3122001
3122010
3122100
3123000
3130002
3130011
3130020
3130101
3130110
3130200
3131001
3131010
3131100
3132000
3140001
3140010
3140100
3141000
3200001
3200004
3200010
3200013
3200022
3200031
3200040
3200100
3200103
3200112
3200121
3200130
3200202
3200211
3200220
3200301
3200310
3200400
3201000
3201003
3201012
3201021
3201030
3201102
3201120
3201201
3201210
3201300
3202002
3202011
3202020
3202101
3202110
3202200
3203001
3203010
3203100
3204000
3210000
3210003
3210012
3210021
3210030
3210102
3210120
3210201
3210210
3210300
3211002
3211020
3211200
3212001
3212010
3212100
3213000
3220002
3220011
3220020
3220101
3220110
3220200
3221001
3221010
3221100
3222000
3230001
3230010
3230100
3231000
3240000
3300000
3300003
3300012
3300021
3300030
3300102
3300111
3300120
3300201
3300210
3300300
3301002
3301011
3301020
3301101
3301110
3301200
3302001
3302010
3302100
3303000
3310002
3310011
3310020
3310101
3310110
3310200
3311001
3311010
3311100
3312000
3320001
3320010
3320100
3321000
3330000
3400002
3400011
3400020
3400101
3400110
3400200
3401001
3401010
3401100
3402000
3410001
3410010
3410100
3411000
3420000
4000002
4000011
4000014
4000020
4000023
4000032
4000041
4000101
4000104
4000110
4000113
4000122
4000131
4000140
4000200
4000203
4000212
4000221
4000230
4000302
4000311
4000320
4000401
4000410
4001001
4001004
4001010
4001013
4001022
4001031
4001040
4001100
4001103
4001130
4001202
4001220
4001301
4001310
4001400
4002000
4002003
4002012
4002021
4002030
4002102
4002120
4002201
4002210
4002300
4003002
4003011
4003020
4003101
4003110
4003200
4004001
4004010
4004100
4010001
4010004
4010010
4010013
4010022
4010031
4010040
4010100
4010103
4010130
4010202
4010220
4010301
4010310
4010400
4011000
4011003
4011030
4011300
4012002
4012020
4012200
4013001
4013010
4013100
4014000
4020000
4020003
4020012
4020021
4020030
4020102
4020120
4020201
4020210
4020300
4021002
4021020
4021200
4022001
4022010
4022100
4023000
4030002
4030011
4030020
4030101
4030110
4030200
4031001
4031010
4031100
4032000
4040001
4040010
4040100
4041000
4100001
4100004
4100010
4100013
4100022
4100031
4100040
4100100
4100103
4100130
4100202
4100220
4100301
4100310
4100400
4101000
4101003
4101030
4101300
4102002
4102020
4102200
4103001
4103010
4103100
4104000
4110000
4110003
4110030
4110300
4113000
4120002
4120020
4120200
4122000
4130001
4130010
4130100
4131000
4140000
4200000
4200003
4200012
4200021
4200030
4200102
4200120
4200201
4200210
4200300
4201002
4201020
4201200
4202001
4202010
4202100
4203000
4210002
4210020
4210200
4212000
4220001
4220010
4220100
4221000
4230000
4300002
4300011
4300020
4300101
4300110
4300200
4301001
4301010
4301100
4302000
4310001
4310010
4310100
4311000
4320000
4400001
4400010
4400100
4401000
4410000
