3
30
33
300
303
330
333
3000
3003
3030
3033
3300
3303
3330
3333
30000
30003
30030
30033
30300
30303
30330
30333
33000
33003
33030
33033
33300
33303
33330
300000
300003
300030
300033
300300
300303
300330
300333
303000
303003
303030
303033
303300
303303
303330
330000
330003
330030
330033
330300
330303
330330
333000
333003
333030
333300
3000000
3000003
3000030
3000033
3000300
3000303
3000330
3000333
3003000
3003003
3003030
3003033
3003300
3003303
3003330
3030000
3030003
3030030
3030033
3030300
3030303
3030330
3033000
3033003
3033030
3033300
3300000
3300003
3300030
3300033
3300300
3300303
3300330
3303000
3303003
3303030
3303300
3330000
3330003
3330030
3330300
3333000
