2
11
14
20
23
32
41
44
101
104
110
113
122
131
134
140
143
200
203
212
221
224
230
233
242
302
311
314
320
323
332
341
401
404
410
413
422
431
440
1001
1004
1010
1013
1022
1031
1034
1040
1043
1100
1103
1130
1133
1202
1220
1223
1232
1301
1304
1310
1313
1322
1331
1340
1400
1403
1430
2000
2003
2012
2021
2024
2030
2033
2042
2102
2120
2123
2132
2201
2204
2210
2213
2222
2231
2240
2300
2303
2312
2321
2330
2402
2420
3002
3011
3014
3020
3023
3032
3041
3101
3104
3110
3113
3122
3131
3140
3200
3203
3212
3221
3230
3302
3311
3320
3401
3410
4001
4004
4010
4013
4022
4031
4040
4100
4103
4130
4202
4220
4301
4310
4400
10001
10004
10010
10013
10022
10031
10034
10040
10043
10100
10103
10130
10133
10202
10220
10223
10232
10301
10304
10310
10313
10322
10331
10340
10400
10403
10430
11000
11003
11030
11033
11300
11303
11330
12002
12020
12023
12032
12200
12203
12230
12302
12320
13001
13004
13010
13013
13022
13031
13040
13100
13103
13130
13202
13220
13301
13310
13400
14000
14003
14030
14300
20000
20003
20012
20021
20024
20030
20033
20042
20102
20120
20123
20132
20201
20204
20210
20213
20222
20231
20240
20300
20303
20312
20321
20330
20402
20420
21002
21020
21023
21032
21200
21203
21230
21302
21320
22001
22004
22010
22013
22022
22031
22040
22100
22103
22130
22202
22220
22301
22310
22400
23000
23003
23012
23021
23030
23102
23120
23201
23210
23300
24002
24020
24200
30002
30011
30014
30020
30023
30032
30041
30101
30104
30110
30113
30122
30131
30140
30200
30203
30212
30221
30230
30302
30311
30320
30401
30410
31001
31004
31010
31013
31022
31031
31040
31100
31103
31130
31202
31220
31301
31310
31400
32000
32003
32012
32021
32030
32102
32120
32201
32210
32300
33002
33011
33020
33101
33110
33200
34001
34010
34100
40001
40004
40010
40013
40022
40031
40040
40100
40103
40130
40202
40220
40301
40310
40400
41000
41003
41030
41300
42002
42020
42200
43001
43010
43100
44000
100001
100004
100010
100013
100022
100031
100034
100040
100043
100100
100103
100130
100133
100202
100220
100223
100232
100301
100304
100310
100313
100322
100331
100340
100400
100403
100430
101000
101003
101030
101033
101300
101303
101330
102002
102020
102023
102032
102200
102203
102230
102302
102320
103001
103004
103010
103013
103022
103031
103040
103100
103103
103130
103202
103220
103301
103310
103400
104000
104003
104030
104300
110000
110003
110030
110033
110300
110303
110330
113000
113003
113030
113300
120002
120020
120023
120032
120200
120203
120230
120302
120320
122000
122003
122030
122300
123002
123020
123200
130001
130004
130010
130013
130022
130031
130040
130100
130103
130130
130202
130220
130301
130310
130400
131000
131003
131030
131300
132002
132020
132200
133001
133010
133100
134000
140000
140003
140030
140300
143000
200000
200003
200012
200021
200024
200030
200033
200042
200102
200120
200123
200132
200201
200204
200210
200213
200222
200231
200240
200300
200303
200312
200321
200330
200402
200420
201002
201020
201023
201032
201200
201203
201230
201302
201320
202001
202004
202010
202013
202022
202031
202040
202100
202103
202130
202202
202220
202301
202310
202400
203000
203003
203012
203021
203030
203102
203120
203201
203210
203300
204002
204020
204200
210002
210020
210023
210032
210200
210203
210230
210302
210320
212000
212003
212030
212300
213002
213020
213200
220001
220004
220010
220013
220022
220031
220040
220100
220103
220130
220202
220220
220301
220310
220400
221000
221003
221030
221300
222002
222020
222200
223001
223010
223100
224000
230000
230003
230012
230021
230030
230102
230120
230201
230210
230300
231002
231020
231200
232001
232010
232100
233000
240002
240020
240200
242000
300002
300011
300014
300020
300023
300032
300041
300101
300104
300110
300113
300122
300131
300140
300200
300203
300212
300221
300230
300302
300311
300320
300401
300410
301001
301004
301010
301013
301022
301031
301040
301100
301103
301130
301202
301220
301301
301310
301400
302000
302003
302012
302021
302030
302102
302120
302201
302210
302300
303002
303011
303020
303101
303110
303200
304001
304010
304100
310001
310004
310010
310013
310022
310031
310040
310100
310103
310130
310202
310220
310301
310310
310400
311000
311003
311030
311300
312002
312020
312200
313001
313010
313100
314000
320000
320003
320012
320021
320030
320102
320120
320201
320210
320300
321002
321020
321200
322001
322010
322100
323000
330002
330011
330020
330101
330110
330200
331001
331010
331100
332000
340001
340010
340100
341000
400001
400004
400010
400013
400022
400031
400040
400100
400103
400130
400202
400220
400301
400310
400400
401000
401003
401030
401300
402002
402020
402200
403001
403010
403100
404000
410000
410003
410030
410300
413000
420002
420020
420200
422000
430001
430010
430100
431000
440000
1000001
1000004
1000010
1000013
1000022
1000031
1000034
1000040
1000043
1000100
1000103
1000130
1000133
1000202
1000220
1000223
1000232
1000301
1000304
1000310
1000313
1000322
1000331
1000340
1000400
1000403
1000430
1001000
1001003
1001030
1001033
1001300
1001303
1001330
1002002
1002020
1002023
1002032
1002200
1002203
1002230
1002302
1002320
1003001
1003004
1003010
1003013
1003022
1003031
1003040
1003100
1003103
1003130
1003202
1003220
1003301
1003310
1003400
1004000
1004003
1004030
1004300
1010000
1010003
1010030
1010033
1010300
1010303
1010330
1013000
1013003
1013030
1013300
1020002
1020020
1020023
1020032
1020200
1020203
1020230
1020302
1020320
1022000
1022003
1022030
1022300
1023002
1023020
1023200
1030001
1030004
1030010
1030013
1030022
1030031
1030040
1030100
1030103
1030130
1030202
1030220
1030301
1030310
1030400
1031000
1031003
1031030
1031300
1032002
1032020
1032200
1033001
1033010
1033100
1034000
1040000
1040003
1040030
1040300
1043000
1100000
1100003
1100030
1100033
1100300
1100303
1100330
1103000
1103003
1103030
1103300
1130000
1130003
1130030
1130300
1133000
1200002
1200020
1200023
1200032
1200200
1200203
1200230
1200302
1200320
1202000
1202003
1202030
1202300
1203002
1203020
1203200
1220000
1220003
1220030
1220300
1223000
1230002
1230020
1230200
1232000
1300001
1300004
1300010
1300013
1300022
1300031
1300040
1300100
1300103
1300130
1300202
1300220
1300301
1300310
1300400
1301000
1301003
1301030
1301300
1302002
1302020
1302200
1303001
1303010
1303100
1304000
1310000
1310003
1310030
1310300
1313000
1320002
1320020
1320200
1322000
1330001
1330010
1330100
1331000
1340000
1400000
1400003
1400030
1400300
1403000
1430000
2000000
2000003
2000012
2000021
2000024
2000030
2000033
2000042
2000102
2000120
2000123
2000132
2000201
2000204
2000210
2000213
2000222
2000231
2000240
2000300
2000303
2000312
2000321
2000330
2000402
2000420
2001002
2001020
2001023
2001032
2001200
2001203
2001230
2001302
2001320
2002001
2002004
2002010
2002013
2002022
2002031
2002040
2002100
2002103
2002130
2002202
2002220
2002301
2002310
2002400
2003000
2003003
2003012
2003021
2003030
2003102
2003120
2003201
2003210
2003300
2004002
2004020
2004200
2010002
2010020
2010023
2010032
2010200
2010203
2010230
2010302
2010320
2012000
2012003
2012030
2012300
2013002
2013020
2013200
2020001
2020004
2020010
2020013
2020022
2020031
2020040
2020100
2020103
2020130
2020202
2020220
2020301
2020310
2020400
2021000
2021003
2021030
2021300
2022002
2022020
2022200
2023001
2023010
2023100
2024000
2030000
2030003
2030012
2030021
2030030
2030102
2030120
2030201
2030210
2030300
2031002
2031020
2031200
2032001
2032010
2032100
2033000
2040002
2040020
2040200
2042000
2100002
2100020
2100023
2100032
2100200
2100203
2100230
2100302
2100320
2102000
2102003
2102030
2102300
2103002
2103020
2103200
2120000
2120003
2120030
2120300
2123000
2130002
2130020
2130200
2132000
2200001
2200004
2200010
2200013
2200022
2200031
2200040
2200100
2200103
2200130
2200202
2200220
2200301
2200310
2200400
2201000
2201003
2201030
2201300
2202002
2202020
2202200
2203001
2203010
2203100
2204000
2210000
2210003
2210030
2210300
2213000
2220002
2220020
2220200
2222000
2230001
2230010
2230100
2231000
2240000
2300000
2300003
2300012
2300021
2300030
2300102
2300120
2300201
2300210
2300300
2301002
2301020
2301200
2302001
2302010
2302100
2303000
2310002
2310020
2310200
2312000
2320001
2320010
2320100
2321000
2330000
2400002
2400020
2400200
2402000
2420000
3000002
3000011
3000014
3000020
3000023
3000032
3000041
3000101
3000104
3000110
3000113
3000122
3000131
3000140
3000200
3000203
3000212
3000221
3000230
3000302
3000311
3000320
3000401
3000410
3001001
3001004
3001010
3001013
3001022
3001031
3001040
3001100
3001103
3001130
3001202
3001220
3001301
3001310
3001400
3002000
3002003
3002012
3002021
3002030
3002102
3002120
3002201
3002210
3002300
3003002
3003011
3003020
3003101
3003110
3003200
3004001
3004010
3004100
3010001
3010004
3010010
3010013
3010022
3010031
3010040
3010100
3010103
3010130
3010202
3010220
3010301
3010310
3010400
3011000
3011003
3011030
3011300
3012002
3012020
3012200
3013001
3013010
3013100
3014000
3020000
3020003
3020012
3020021
3020030
3020102
3020120
3020201
3020210
3020300
3021002
3021020
3021200
3022001
3022010
3022100
3023000
3030002
3030011
3030020
3030101
3030110
3030200
3031001
3031010
3031100
3032000
3040001
3040010
3040100
3041000
3100001
3100004
3100010
3100013
3100022
3100031
3100040
3100100
3100103
3100130
3100202
3100220
3100301
3100310
3100400
3101000
3101003
3101030
3101300
3102002
3102020
3102200
3103001
3103010
3103100
3104000
3110000
3110003
3110030
3110300
3113000
3120002
3120020
3120200
3122000
3130001
3130010
3130100
3131000
3140000
3200000
3200003
3200012
3200021
3200030
3200102
3200120
3200201
3200210
3200300
3201002
3201020
3201200
3202001
3202010
3202100
3203000
3210002
3210020
3210200
3212000
3220001
3220010
3220100
3221000
3230000
3300002
3300011
3300020
3300101
3300110
3300200
3301001
3301010
3301100
3302000
3310001
3310010
3310100
3311000
3320000
3400001
3400010
3400100
3401000
3410000
4000001
4000004
4000010
4000013
4000022
4000031
4000040
4000100
4000103
4000130
4000202
4000220
4000301
4000310
4000400
4001000
4001003
4001030
4001300
4002002
4002020
4002200
4003001
4003010
4003100
4004000
4010000
4010003
4010030
4010300
4013000
4020002
4020020
4020200
4022000
4030001
4030010
4030100
4031000
4040000
4100000
4100003
4100030
4100300
4103000
4130000
4200002
4200020
4200200
4202000
4220000
4300001
4300010
4300100
4301000
4310000
4400000
