0
3
12
21
24
30
33
42
102
120
123
132
201
204
210
213
222
231
234
240
243
300
303
312
321
324
330
333
342
402
420
423
432
1002
1020
1023
1032
1200
1203
1230
1233
1302
1320
1323
1332
2001
2004
2010
2013
2022
2031
2034
2040
2043
2100
2103
2130
2133
2202
2220
2223
2232
2301
2304
2310
2313
2322
2331
2340
2400
2403
2430
3000
3003
3012
3021
3024
3030
3033
3042
3102
3120
3123
3132
3201
3204
3210
3213
3222
3231
3240
3300
3303
3312
3321
3330
3402
3420
4002
4020
4023
4032
4200
4203
4230
4302
4320
10002
10020
10023
10032
10200
10203
10230
10233
10302
10320
10323
10332
12000
12003
12030
12033
12300
12303
12330
13002
13020
13023
13032
13200
13203
13230
13302
13320
20001
20004
20010
20013
20022
20031
20034
20040
20043
20100
20103
20130
20133
20202
20220
20223
20232
20301
20304
20310
20313
20322
20331
20340
20400
20403
20430
21000
21003
21030
21033
21300
21303
21330
22002
22020
22023
22032
22200
22203
22230
22302
22320
23001
23004
23010
23013
23022
23031
23040
23100
23103
23130
23202
23220
23301
23310
23400
24000
24003
24030
24300
30000
30003
30012
30021
30024
30030
30033
30042
30102
30120
30123
30132
30201
30204
30210
30213
30222
30231
30240
30300
30303
30312
30321
30330
30402
30420
31002
31020
31023
31032
31200
31203
31230
31302
31320
32001
32004
32010
32013
32022
32031
32040
32100
32103
32130
32202
32220
32301
32310
32400
33000
33003
33012
33021
33030
33102
33120
33201
33210
33300
34002
34020
34200
40002
40020
40023
40032
40200
40203
40230
40302
40320
42000
42003
42030
42300
43002
43020
43200
100002
100020
100023
100032
100200
100203
100230
100233
100302
100320
100323
100332
102000
102003
102030
102033
102300
102303
102330
103002
103020
103023
103032
103200
103203
103230
103302
103320
120000
120003
120030
120033
120300
120303
120330
123000
123003
123030
123300
130002
130020
130023
130032
130200
130203
130230
130302
130320
132000
132003
132030
132300
133002
133020
133200
200001
200004
200010
200013
200022
200031
200034
200040
200043
200100
200103
200130
200133
200202
200220
200223
200232
200301
200304
200310
200313
200322
200331
200340
200400
200403
200430
201000
201003
201030
201033
201300
201303
201330
202002
202020
202023
202032
202200
202203
202230
202302
202320
203001
203004
203010
203013
203022
203031
203040
203100
203103
203130
203202
203220
203301
203310
203400
204000
204003
204030
204300
210000
210003
210030
210033
210300
210303
210330
213000
213003
213030
213300
220002
220020
220023
220032
220200
220203
220230
220302
220320
222000
222003
222030
222300
223002
223020
223200
230001
230004
230010
230013
230022
230031
230040
230100
230103
230130
230202
230220
230301
230310
230400
231000
231003
231030
231300
232002
232020
232200
233001
233010
233100
234000
240000
240003
240030
240300
243000
300000
300003
300012
300021
300024
300030
300033
300042
300102
300120
300123
300132
300201
300204
300210
300213
300222
300231
300240
300300
300303
300312
300321
300330
300402
300420
301002
301020
301023
301032
301200
301203
301230
301302
301320
302001
302004
302010
302013
302022
302031
302040
302100
302103
302130
302202
302220
302301
302310
302400
303000
303003
303012
303021
303030
303102
303120
303201
303210
303300
304002
304020
304200
310002
310020
310023
310032
310200
310203
310230
310302
310320
312000
312003
312030
312300
313002
313020
313200
320001
320004
320010
320013
320022
320031
320040
320100
320103
320130
320202
320220
320301
320310
320400
321000
321003
321030
321300
322002
322020
322200
323001
323010
323100
324000
330000
330003
330012
330021
330030
330102
330120
330201
330210
330300
331002
331020
331200
332001
332010
332100
333000
340002
340020
340200
342000
400002
400020
400023
400032
400200
400203
400230
400302
400320
402000
402003
402030
402300
403002
403020
403200
420000
420003
420030
420300
423000
430002
430020
430200
432000
1000002
1000020
1000023
1000032
1000200
1000203
1000230
1000233
1000302
1000320
1000323
1000332
1002000
1002003
1002030
1002033
1002300
1002303
1002330
1003002
1003020
1003023
1003032
1003200
1003203
1003230
1003302
1003320
1020000
1020003
1020030
1020033
1020300
1020303
1020330
1023000
1023003
1023030
1023300
1030002
1030020
1030023
1030032
1030200
1030203
1030230
1030302
1030320
1032000
1032003
1032030
1032300
1033002
1033020
1033200
1200000
1200003
1200030
1200033
1200300
1200303
1200330
1203000
1203003
1203030
1203300
1230000
1230003
1230030
1230300
1233000
1300002
1300020
1300023
1300032
1300200
1300203
1300230
1300302
1300320
1302000
1302003
1302030
1302300
1303002
1303020
1303200
1320000
1320003
1320030
1320300
1323000
1330002
1330020
1330200
1332000
2000001
2000004
2000010
2000013
2000022
2000031
2000034
2000040
2000043
2000100
2000103
2000130
2000133
2000202
2000220
2000223
2000232
2000301
2000304
2000310
2000313
2000322
2000331
2000340
2000400
2000403
2000430
2001000
2001003
2001030
2001033
2001300
2001303
2001330
2002002
2002020
2002023
2002032
2002200
2002203
2002230
2002302
2002320
2003001
2003004
2003010
2003013
2003022
2003031
2003040
2003100
2003103
2003130
2003202
2003220
2003301
2003310
2003400
2004000
2004003
2004030
2004300
2010000
2010003
2010030
2010033
2010300
2010303
2010330
2013000
2013003
2013030
2013300
2020002
2020020
2020023
2020032
2020200
2020203
2020230
2020302
2020320
2022000
2022003
2022030
2022300
2023002
2023020
2023200
2030001
2030004
2030010
2030013
2030022
2030031
2030040
2030100
2030103
2030130
2030202
2030220
2030301
2030310
2030400
2031000
2031003
2031030
2031300
2032002
2032020
2032200
2033001
2033010
2033100
2034000
2040000
2040003
2040030
2040300
2043000
2100000
2100003
2100030
2100033
2100300
2100303
2100330
2103000
2103003
2103030
2103300
2130000
2130003
2130030
2130300
2133000
2200002
2200020
2200023
2200032
2200200
2200203
2200230
2200302
2200320
2202000
2202003
2202030
2202300
2203002
2203020
2203200
2220000
2220003
2220030
2220300
2223000
2230002
2230020
2230200
2232000
2300001
2300004
2300010
2300013
2300022
2300031
2300040
2300100
2300103
2300130
2300202
2300220
2300301
2300310
2300400
2301000
2301003
2301030
2301300
2302002
2302020
2302200
2303001
2303010
2303100
2304000
2310000
2310003
2310030
2310300
2313000
2320002
2320020
2320200
2322000
2330001
2330010
2330100
2331000
2340000
2400000
2400003
2400030
2400300
2403000
2430000
3000000
3000003
3000012
3000021
3000024
3000030
3000033
3000042
3000102
3000120
3000123
3000132
3000201
3000204
3000210
3000213
3000222
3000231
3000240
3000300
3000303
3000312
3000321
3000330
3000402
3000420
3001002
3001020
3001023
3001032
3001200
3001203
3001230
3001302
3001320
3002001
3002004
3002010
3002013
3002022
3002031
3002040
3002100
3002103
3002130
3002202
3002220
3002301
3002310
3002400
3003000
3003003
3003012
3003021
3003030
3003102
3003120
3003201
3003210
3003300
3004002
3004020
3004200
3010002
3010020
3010023
3010032
3010200
3010203
3010230
3010302
3010320
3012000
3012003
3012030
3012300
3013002
3013020
3013200
3020001
3020004
3020010
3020013
3020022
3020031
3020040
3020100
3020103
3020130
3020202
3020220
3020301
3020310
3020400
3021000
3021003
3021030
3021300
3022002
3022020
3022200
3023001
3023010
3023100
3024000
3030000
3030003
3030012
3030021
3030030
3030102
3030120
3030201
3030210
3030300
3031002
3031020
3031200
3032001
3032010
3032100
3033000
3040002
3040020
3040200
3042000
3100002
3100020
3100023
3100032
3100200
3100203
3100230
3100302
3100320
3102000
3102003
3102030
3102300
3103002
3103020
3103200
3120000
3120003
3120030
3120300
3123000
3130002
3130020
3130200
3132000
3200001
3200004
3200010
3200013
3200022
3200031
3200040
3200100
3200103
3200130
3200202
3200220
3200301
3200310
3200400
3201000
3201003
3201030
3201300
3202002
3202020
3202200
3203001
3203010
3203100
3204000
3210000
3210003
3210030
3210300
3213000
3220002
3220020
3220200
3222000
3230001
3230010
3230100
3231000
3240000
3300000
3300003
3300012
3300021
3300030
3300102
3300120
3300201
3300210
3300300
3301002
3301020
3301200
3302001
3302010
3302100
3303000
3310002
3310020
3310200
3312000
3320001
3320010
3320100
3321000
3330000
3400002
3400020
3400200
3402000
3420000
4000002
4000020
4000023
4000032
4000200
4000203
4000230
4000302
4000320
4002000
4002003
4002030
4002300
4003002
4003020
4003200
4020000
4020003
4020030
4020300
4023000
4030002
4030020
4030200
4032000
4200000
4200003
4200030
4200300
4203000
4230000
4300002
4300020
4300200
4302000
4320000
