1
4
10
13
22
31
40
100
103
112
121
130
202
211
220
301
310
400
1000
1003
1012
1021
1030
1102
1111
1120
1201
1210
1300
2002
2011
2020
2101
2110
2200
3001
3010
3100
4000
10000
10003
10012
10021
10030
10102
10111
10120
10201
10210
10300
11002
11011
11020
11101
11110
11200
12001
12010
12100
13000
20002
20011
20020
20101
20110
20200
21001
21010
21100
22000
30001
30010
30100
31000
40000
100000
100003
100012
100021
100030
100102
100111
100120
100201
100210
100300
101002
101011
101020
101101
101110
101200
102001
102010
102100
103000
110002
110011
110020
110101
110110
110200
111001
111010
111100
112000
120001
120010
120100
121000
130000
200002
200011
200020
200101
200110
200200
201001
201010
201100
202000
210001
210010
210100
211000
220000
300001
300010
300100
301000
310000
400000
1000000
1000003
1000012
1000021
1000030
1000102
1000111
1000120
1000201
1000210
1000300
1001002
1001011
1001020
1001101
1001110
1001200
1002001
1002010
1002100
1003000
1010002
1010011
1010020
1010101
1010110
1010200
1011001
1011010
1011100
1012000
1020001
1020010
1020100
1021000
1030000
1100002
1100011
1100020
1100101
1100110
1100200
1101001
1101010
1101100
1102000
1110001
1110010
1110100
1111000
1120000
1200001
1200010
1200100
1201000
1210000
1300000
2000002
2000011
2000020
2000101
2000110
2000200
2001001
2001010
2001100
2002000
2010001
2010010
2010100
2011000
2020000
2100001
2100010
2100100
2101000
2110000
2200000
3000001
3000010
3000100
3001000
3010000
3100000
4000000
