1
4
10
13
22
31
34
40
43
100
103
130
133
202
220
223
232
301
304
310
313
322
331
334
340
343
400
403
430
433
1000
1003
1030
1033
1300
1303
1330
1333
2002
2020
2023
2032
2200
2203
2230
2233
2302
2320
2323
2332
3001
3004
3010
3013
3022
3031
3034
3040
3043
3100
3103
3130
3133
3202
3220
3223
3232
3301
3304
3310
3313
3322
3331
3340
3400
3403
3430
4000
4003
4030
4033
4300
4303
4330
10000
10003
10030
10033
10300
10303
10330
10333
13000
13003
13030
13033
13300
13303
13330
20002
20020
20023
20032
20200
20203
20230
20233
20302
20320
20323
20332
22000
22003
22030
22033
22300
22303
22330
23002
23020
23023
23032
23200
23203
23230
23302
23320
30001
30004
30010
30013
30022
30031
30034
30040
30043
30100
30103
30130
30133
30202
30220
30223
30232
30301
30304
30310
30313
30322
30331
30340
30400
30403
30430
31000
31003
31030
31033
31300
31303
31330
32002
32020
32023
32032
32200
32203
32230
32302
32320
33001
33004
33010
33013
33022
33031
33040
33100
33103
33130
33202
33220
33301
33310
33400
34000
34003
34030
34300
40000
40003
40030
40033
40300
40303
40330
43000
43003
43030
43300
100000
100003
100030
100033
100300
100303
100330
100333
103000
103003
103030
103033
103300
103303
103330
130000
130003
130030
130033
130300
130303
130330
133000
133003
133030
133300
200002
200020
200023
200032
200200
200203
200230
200233
200302
200320
200323
200332
202000
202003
202030
202033
202300
202303
202330
203002
203020
203023
203032
203200
203203
203230
203302
203320
220000
220003
220030
220033
220300
220303
220330
223000
223003
223030
223300
230002
230020
230023
230032
230200
230203
230230
230302
230320
232000
232003
232030
232300
233002
233020
233200
300001
300004
300010
300013
300022
300031
300034
300040
300043
300100
300103
300130
300133
300202
300220
300223
300232
300301
300304
300310
300313
300322
300331
300340
300400
300403
300430
301000
301003
301030
301033
301300
301303
301330
302002
302020
302023
302032
302200
302203
302230
302302
302320
303001
303004
303010
303013
303022
303031
303040
303100
303103
303130
303202
303220
303301
303310
303400
304000
304003
304030
304300
310000
310003
310030
310033
310300
310303
310330
313000
313003
313030
313300
320002
320020
320023
320032
320200
320203
320230
320302
320320
322000
322003
322030
322300
323002
323020
323200
330001
330004
330010
330013
330022
330031
330040
330100
330103
330130
330202
330220
330301
330310
330400
331000
331003
331030
331300
332002
332020
332200
333001
333010
333100
334000
340000
340003
340030
340300
343000
400000
400003
400030
400033
400300
400303
400330
403000
403003
403030
403300
430000
430003
430030
430300
433000
1000000
1000003
1000030
1000033
1000300
1000303
1000330
1000333
1003000
1003003
1003030
1003033
1003300
1003303
1003330
1030000
1030003
1030030
1030033
1030300
1030303
1030330
1033000
1033003
1033030
1033300
1300000
1300003
1300030
1300033
1300300
1300303
1300330
1303000
1303003
1303030
1303300
1330000
1330003
1330030
1330300
1333000
2000002
2000020
2000023
2000032
2000200
2000203
2000230
2000233
2000302
2000320
2000323
2000332
2002000
2002003
2002030
2002033
2002300
2002303
2002330
2003002
2003020
2003023
2003032
2003200
2003203
2003230
2003302
2003320
2020000
2020003
2020030
2020033
2020300
2020303
2020330
2023000
2023003
2023030
2023300
2030002
2030020
2030023
2030032
2030200
2030203
2030230
2030302
2030320
2032000
2032003
2032030
2032300
2033002
2033020
2033200
2200000
2200003
2200030
2200033
2200300
2200303
2200330
2203000
2203003
2203030
2203300
2230000
2230003
2230030
2230300
2233000
2300002
2300020
2300023
2300032
2300200
2300203
2300230
2300302
2300320
2302000
2302003
2302030
2302300
2303002
2303020
2303200
2320000
2320003
2320030
2320300
2323000
2330002
2330020
2330200
2332000
3000001
3000004
3000010
3000013
3000022
3000031
3000034
3000040
3000043
3000100
3000103
3000130
3000133
3000202
3000220
3000223
3000232
3000301
3000304
3000310
3000313
3000322
3000331
3000340
3000400
3000403
3000430
3001000
3001003
3001030
3001033
3001300
3001303
3001330
3002002
3002020
3002023
3002032
3002200
3002203
3002230
3002302
3002320
3003001
3003004
3003010
3003013
3003022
3003031
3003040
3003100
3003103
3003130
3003202
3003220
3003301
3003310
3003400
3004000
3004003
3004030
3004300
3010000
3010003
3010030
3010033
3010300
3010303
3010330
3013000
3013003
3013030
3013300
3020002
3020020
3020023
3020032
3020200
3020203
3020230
3020302
3020320
3022000
3022003
3022030
3022300
3023002
3023020
3023200
3030001
3030004
3030010
3030013
3030022
3030031
3030040
3030100
3030103
3030130
3030202
3030220
3030301
3030310
3030400
3031000
3031003
3031030
3031300
3032002
3032020
3032200
3033001
3033010
3033100
3034000
3040000
3040003
3040030
3040300
3043000
3100000
3100003
3100030
3100033
3100300
3100303
3100330
3103000
3103003
3103030
3103300
3130000
3130003
3130030
3130300
3133000
3200002
3200020
3200023
3200032
3200200
3200203
3200230
3200302
3200320
3202000
3202003
3202030
3202300
3203002
3203020
3203200
3220000
3220003
3220030
3220300
3223000
3230002
3230020
3230200
3232000
3300001
3300004
3300010
3300013
3300022
3300031
3300040
3300100
3300103
3300130
3300202
3300220
3300301
3300310
3300400
3301000
3301003
3301030
3301300
3302002
3302020
3302200
3303001
3303010
3303100
3304000
3310000
3310003
3310030
3310300
3313000
3320002
3320020
3320200
3322000
3330001
3330010
3330100
3331000
3340000
3400000
3400003
3400030
3400300
3403000
3430000
4000000
4000003
4000030
4000033
4000300
4000303
4000330
4003000
4003003
4003030
4003300
4030000
4030003
4030030
4030300
4033000
4300000
4300003
4300030
4300300
4303000
4330000
