2
11
14
20
23
32
41
101
104
110
113
122
131
140
200
203
212
221
230
302
311
320
401
410
1001
1004
1010
1013
1022
1031
1040
1100
1103
1112
1121
1130
1202
1211
1220
1301
1310
1400
2000
2003
2012
2021
2030
2102
2111
2120
2201
2210
2300
3002
3011
3020
3101
3110
3200
4001
4010
4100
10001
10004
10010
10013
10022
10031
10040
10100
10103
10112
10121
10130
10202
10211
10220
10301
10310
10400
11000
11003
11012
11021
11030
11102
11120
11201
11210
11300
12002
12011
12020
12101
12110
12200
13001
13010
13100
14000
20000
20003
20012
20021
20030
20102
20111
20120
20201
20210
20300
21002
21011
21020
21101
21110
21200
22001
22010
22100
23000
30002
30011
30020
30101
30110
30200
31001
31010
31100
32000
40001
40010
40100
41000
100001
100004
100010
100013
100022
100031
100040
100100
100103
100112
100121
100130
100202
100211
100220
100301
100310
100400
101000
101003
101012
101021
101030
101102
101120
101201
101210
101300
102002
102011
102020
102101
102110
102200
103001
103010
103100
104000
110000
110003
110012
110021
110030
110102
110120
110201
110210
110300
111002
111020
111200
112001
112010
112100
113000
120002
120011
120020
120101
120110
120200
121001
121010
121100
122000
130001
130010
130100
131000
140000
200000
200003
200012
200021
200030
200102
200111
200120
200201
200210
200300
201002
201011
201020
201101
201110
201200
202001
202010
202100
203000
210002
210011
210020
210101
210110
210200
211001
211010
211100
212000
220001
220010
220100
221000
230000
300002
300011
300020
300101
300110
300200
301001
301010
301100
302000
310001
310010
310100
311000
320000
400001
400010
400100
401000
410000
1000001
1000004
1000010
1000013
1000022
1000031
1000040
1000100
1000103
1000112
1000121
1000130
1000202
1000211
1000220
1000301
1000310
1000400
1001000
1001003
1001012
1001021
1001030
1001102
1001120
1001201
1001210
1001300
1002002
1002011
1002020
1002101
1002110
1002200
1003001
1003010
1003100
1004000
1010000
1010003
1010012
1010021
1010030
1010102
1010120
1010201
1010210
1010300
1011002
1011020
1011200
1012001
1012010
1012100
1013000
1020002
1020011
1020020
1020101
1020110
1020200
1021001
1021010
1021100
1022000
1030001
1030010
1030100
1031000
1040000
1100000
1100003
1100012
1100021
1100030
1100102
1100120
1100201
1100210
1100300
1101002
1101020
1101200
1102001
1102010
1102100
1103000
1110002
1110020
1110200
1112000
1120001
1120010
1120100
1121000
1130000
1200002
1200011
1200020
1200101
1200110
1200200
1201001
1201010
1201100
1202000
1210001
1210010
1210100
1211000
1220000
1300001
1300010
1300100
1301000
1310000
1400000
2000000
2000003
2000012
2000021
2000030
2000102
2000111
2000120
2000201
2000210
2000300
2001002
2001011
2001020
2001101
2001110
2001200
2002001
2002010
2002100
2003000
2010002
2010011
2010020
2010101
2010110
2010200
2011001
2011010
2011100
2012000
2020001
2020010
2020100
2021000
2030000
2100002
2100011
2100020
2100101
2100110
2100200
2101001
2101010
2101100
2102000
2110001
2110010
2110100
2111000
2120000
2200001
2200010
2200100
2201000
2210000
2300000
3000002
3000011
3000020
3000101
3000110
3000200
3001001
3001010
3001100
3002000
3010001
3010010
3010100
3011000
3020000
3100001
3100010
3100100
3101000
3110000
3200000
4000001
4000010
4000100
4001000
4010000
4100000
