1
4
10
13
22
31
34
40
43
100
103
130
133
202
220
223
232
301
304
310
313
322
331
334
340
343
400
403
430
433
1000
1003
1030
1033
1300
1303
1330
1333
2002
2020
2023
2032
2200
2203
2230
2233
2302
2320
2323
2332
3001
3004
3010
3013
3022
3031
3034
3040
3043
3100
3103
3130
3133
3202
3220
3223
3232
3301
3304
3310
3313
3322
3331
3334
3340
3343
3400
3403
3430
3433
4000
4003
4030
4033
4300
4303
4330
4333
10000
10003
10030
10033
10300
10303
10330
10333
13000
13003
13030
13033
13300
13303
13330
13333
20002
20020
20023
20032
20200
20203
20230
20233
20302
20320
20323
20332
22000
22003
22030
22033
22300
22303
22330
22333
23002
23020
23023
23032
23200
23203
23230
23233
23302
23320
23323
23332
30001
30004
30010
30013
30022
30031
30034
30040
30043
30100
30103
30130
30133
30202
30220
30223
30232
30301
30304
30310
30313
30322
30331
30334
30340
30343
30400
30403
30430
30433
31000
31003
31030
31033
31300
31303
31330
31333
32002
32020
32023
32032
32200
32203
32230
32233
32302
32320
32323
32332
33001
33004
33010
33013
33022
33031
33034
33040
33043
33100
33103
33130
33133
33202
33220
33223
33232
33301
33304
33310
33313
33322
33331
33340
33400
33403
33430
34000
34003
34030
34033
34300
34303
34330
40000
40003
40030
40033
40300
40303
40330
40333
43000
43003
43030
43033
43300
43303
43330
100000
100003
100030
100033
100300
100303
100330
100333
103000
103003
103030
103033
103300
103303
103330
103333
130000
130003
130030
130033
130300
130303
130330
130333
133000
133003
133030
133033
133300
133303
133330
200002
200020
200023
200032
200200
200203
200230
200233
200302
200320
200323
200332
202000
202003
202030
202033
202300
202303
202330
202333
203002
203020
203023
203032
203200
203203
203230
203233
203302
203320
203323
203332
220000
220003
220030
220033
220300
220303
220330
220333
223000
223003
223030
223033
223300
223303
223330
230002
230020
230023
230032
230200
230203
230230
230233
230302
230320
230323
230332
232000
232003
232030
232033
232300
232303
232330
233002
233020
233023
233032
233200
233203
233230
233302
233320
300001
300004
300010
300013
300022
300031
300034
300040
300043
300100
300103
300130
300133
300202
300220
300223
300232
300301
300304
300310
300313
300322
300331
300334
300340
300343
300400
300403
300430
300433
301000
301003
301030
301033
301300
301303
301330
301333
302002
302020
302023
302032
302200
302203
302230
302233
302302
302320
302323
302332
303001
303004
303010
303013
303022
303031
303034
303040
303043
303100
303103
303130
303133
303202
303220
303223
303232
303301
303304
303310
303313
303322
303331
303340
303400
303403
303430
304000
304003
304030
304033
304300
304303
304330
310000
310003
310030
310033
310300
310303
310330
310333
313000
313003
313030
313033
313300
313303
313330
320002
320020
320023
320032
320200
320203
320230
320233
320302
320320
320323
320332
322000
322003
322030
322033
322300
322303
322330
323002
323020
323023
323032
323200
323203
323230
323302
323320
330001
330004
330010
330013
330022
330031
330034
330040
330043
330100
330103
330130
330133
330202
330220
330223
330232
330301
330304
330310
330313
330322
330331
330340
330400
330403
330430
331000
331003
331030
331033
331300
331303
331330
332002
332020
332023
332032
332200
332203
332230
332302
332320
333001
333004
333010
333013
333022
333031
333040
333100
333103
333130
333202
333220
333301
333310
333400
334000
334003
334030
334300
340000
340003
340030
340033
340300
340303
340330
343000
343003
343030
343300
400000
400003
400030
400033
400300
400303
400330
400333
403000
403003
403030
403033
403300
403303
403330
430000
430003
430030
430033
430300
430303
430330
433000
433003
433030
433300
1000000
1000003
1000030
1000033
1000300
1000303
1000330
1000333
1003000
1003003
1003030
1003033
1003300
1003303
1003330
1003333
1030000
1030003
1030030
1030033
1030300
1030303
1030330
1030333
1033000
1033003
1033030
1033033
1033300
1033303
1033330
1300000
1300003
1300030
1300033
1300300
1300303
1300330
1300333
1303000
1303003
1303030
1303033
1303300
1303303
1303330
1330000
1330003
1330030
1330033
1330300
1330303
1330330
1333000
1333003
1333030
1333300
2000002
2000020
2000023
2000032
2000200
2000203
2000230
2000233
2000302
2000320
2000323
2000332
2002000
2002003
2002030
2002033
2002300
2002303
2002330
2002333
2003002
2003020
2003023
2003032
2003200
2003203
2003230
2003233
2003302
2003320
2003323
2003332
2020000
2020003
2020030
2020033
2020300
2020303
2020330
2020333
2023000
2023003
2023030
2023033
2023300
2023303
2023330
2030002
2030020
2030023
2030032
2030200
2030203
2030230
2030233
2030302
2030320
2030323
2030332
2032000
2032003
2032030
2032033
2032300
2032303
2032330
2033002
2033020
2033023
2033032
2033200
2033203
2033230
2033302
2033320
2200000
2200003
2200030
2200033
2200300
2200303
2200330
2200333
2203000
2203003
2203030
2203033
2203300
2203303
2203330
2230000
2230003
2230030
2230033
2230300
2230303
2230330
2233000
2233003
2233030
2233300
2300002
2300020
2300023
2300032
2300200
2300203
2300230
2300233
2300302
2300320
2300323
2300332
2302000
2302003
2302030
2302033
2302300
2302303
2302330
2303002
2303020
2303023
2303032
2303200
2303203
2303230
2303302
2303320
2320000
2320003
2320030
2320033
2320300
2320303
2320330
2323000
2323003
2323030
2323300
2330002
2330020
2330023
2330032
2330200
2330203
2330230
2330302
2330320
2332000
2332003
2332030
2332300
2333002
2333020
2333200
3000001
3000004
3000010
3000013
3000022
3000031
3000034
3000040
3000043
3000100
3000103
3000130
3000133
3000202
3000220
3000223
3000232
3000301
3000304
3000310
3000313
3000322
3000331
3000334
3000340
3000343
3000400
3000403
3000430
3000433
3001000
3001003
3001030
3001033
3001300
3001303
3001330
3001333
3002002
3002020
3002023
3002032
3002200
3002203
3002230
3002233
3002302
3002320
3002323
3002332
3003001
3003004
3003010
3003013
3003022
3003031
3003034
3003040
3003043
3003100
3003103
3003130
3003133
3003202
3003220
3003223
3003232
3003301
3003304
3003310
3003313
3003322
3003331
3003340
3003400
3003403
3003430
3004000
3004003
3004030
3004033
3004300
3004303
3004330
3010000
3010003
3010030
3010033
3010300
3010303
3010330
3010333
3013000
3013003
3013030
3013033
3013300
3013303
3013330
3020002
3020020
3020023
3020032
3020200
3020203
3020230
3020233
3020302
3020320
3020323
3020332
3022000
3022003
3022030
3022033
3022300
3022303
3022330
3023002
3023020
3023023
3023032
3023200
3023203
3023230
3023302
3023320
3030001
3030004
3030010
3030013
3030022
3030031
3030034
3030040
3030043
3030100
3030103
3030130
3030133
3030202
3030220
3030223
3030232
3030301
3030304
3030310
3030313
3030322
3030331
3030340
3030400
3030403
3030430
3031000
3031003
3031030
3031033
3031300
3031303
3031330
3032002
3032020
3032023
3032032
3032200
3032203
3032230
3032302
3032320
3033001
3033004
3033010
3033013
3033022
3033031
3033040
3033100
3033103
3033130
3033202
3033220
3033301
3033310
3033400
3034000
3034003
3034030
3034300
3040000
3040003
3040030
3040033
3040300
3040303
3040330
3043000
3043003
3043030
3043300
3100000
3100003
3100030
3100033
3100300
3100303
3100330
3100333
3103000
3103003
3103030
3103033
3103300
3103303
3103330
3130000
3130003
3130030
3130033
3130300
3130303
3130330
3133000
3133003
3133030
3133300
3200002
3200020
3200023
3200032
3200200
3200203
3200230
3200233
3200302
3200320
3200323
3200332
3202000
3202003
3202030
3202033
3202300
3202303
3202330
3203002
3203020
3203023
3203032
3203200
3203203
3203230
3203302
3203320
3220000
3220003
3220030
3220033
3220300
3220303
3220330
3223000
3223003
3223030
3223300
3230002
3230020
3230023
3230032
3230200
3230203
3230230
3230302
3230320
3232000
3232003
3232030
3232300
3233002
3233020
3233200
3300001
3300004
3300010
3300013
3300022
3300031
3300034
3300040
3300043
3300100
3300103
3300130
3300133
3300202
3300220
3300223
3300232
3300301
3300304
3300310
3300313
3300322
3300331
3300340
3300400
3300403
3300430
3301000
3301003
3301030
3301033
3301300
3301303
3301330
3302002
3302020
3302023
3302032
3302200
3302203
3302230
3302302
3302320
3303001
3303004
3303010
3303013
3303022
3303031
3303040
3303100
3303103
3303130
3303202
3303220
3303301
3303310
3303400
3304000
3304003
3304030
3304300
3310000
3310003
3310030
3310033
3310300
3310303
3310330
3313000
3313003
3313030
3313300
3320002
3320020
3320023
3320032
3320200
3320203
3320230
3320302
3320320
3322000
3322003
3322030
3322300
3323002
3323020
3323200
3330001
3330004
3330010
3330013
3330022
3330031
3330040
3330100
3330103
3330130
3330202
3330220
3330301
3330310
3330400
3331000
3331003
3331030
3331300
3332002
3332020
3332200
3333001
3333010
3333100
3334000
3340000
3340003
3340030
3340300
3343000
3400000
3400003
3400030
3400033
3400300
3400303
3400330
3403000
3403003
3403030
3403300
3430000
3430003
3430030
3430300
3433000
4000000
4000003
4000030
4000033
4000300
4000303
4000330
4000333
4003000
4003003
4003030
4003033
4003300
4003303
4003330
4030000
4030003
4030030
4030033
4030300
4030303
4030330
4033000
4033003
4033030
4033300
4300000
4300003
4300030
4300033
4300300
4300303
4300330
4303000
4303003
4303030
4303300
4330000
4330003
4330030
4330300
4333000
