1
4
10
13
22
31
34
40
43
100
103
112
121
124
130
133
142
202
211
214
220
223
232
241
301
304
310
313
322
331
340
400
403
412
421
430
1000
1003
1012
1021
1024
1030
1033
1042
1102
1111
1114
1120
1123
1132
1141
1201
1204
1210
1213
1222
1231
1240
1300
1303
1312
1321
1330
1402
1411
1420
2002
2011
2014
2020
2023
2032
2041
2101
2104
2110
2113
2122
2131
2140
2200
2203
2212
2221
2230
2302
2311
2320
2401
2410
3001
3004
3010
3013
3022
3031
3040
3100
3103
3112
3121
3130
3202
3211
3220
3301
3310
3400
4000
4003
4012
4021
4030
4102
4111
4120
4201
4210
4300
10000
10003
10012
10021
10024
10030
10033
10042
10102
10111
10114
10120
10123
10132
10141
10201
10204
10210
10213
10222
10231
10240
10300
10303
10312
10321
10330
10402
10411
10420
11002
11011
11014
11020
11023
11032
11041
11101
11104
11110
11113
11122
11131
11140
11200
11203
11212
11221
11230
11302
11311
11320
11401
11410
12001
12004
12010
12013
12022
12031
12040
12100
12103
12112
12121
12130
12202
12211
12220
12301
12310
12400
13000
13003
13012
13021
13030
13102
13111
13120
13201
13210
13300
14002
14011
14020
14101
14110
14200
20002
20011
20014
20020
20023
20032
20041
20101
20104
20110
20113
20122
20131
20140
20200
20203
20212
20221
20230
20302
20311
20320
20401
20410
21001
21004
21010
21013
21022
21031
21040
21100
21103
21112
21121
21130
21202
21211
21220
21301
21310
21400
22000
22003
22012
22021
22030
22102
22111
22120
22201
22210
22300
23002
23011
23020
23101
23110
23200
24001
24010
24100
30001
30004
30010
30013
30022
30031
30040
30100
30103
30112
30121
30130
30202
30211
30220
30301
30310
30400
31000
31003
31012
31021
31030
31102
31111
31120
31201
31210
31300
32002
32011
32020
32101
32110
32200
33001
33010
33100
34000
40000
40003
40012
40021
40030
40102
40111
40120
40201
40210
40300
41002
41011
41020
41101
41110
41200
42001
42010
42100
43000
100000
100003
100012
100021
100024
100030
100033
100042
100102
100111
100114
100120
100123
100132
100141
100201
100204
100210
100213
100222
100231
100240
100300
100303
100312
100321
100330
100402
100411
100420
101002
101011
101014
101020
101023
101032
101041
101101
101104
101110
101113
101122
101131
101140
101200
101203
101212
101221
101230
101302
101311
101320
101401
101410
102001
102004
102010
102013
102022
102031
102040
102100
102103
102112
102121
102130
102202
102211
102220
102301
102310
102400
103000
103003
103012
103021
103030
103102
103111
103120
103201
103210
103300
104002
104011
104020
104101
104110
104200
110002
110011
110014
110020
110023
110032
110041
110101
110104
110110
110113
110122
110131
110140
110200
110203
110212
110221
110230
110302
110311
110320
110401
110410
111001
111004
111010
111013
111022
111031
111040
111100
111103
111130
111202
111220
111301
111310
111400
112000
112003
112012
112021
112030
112102
112120
112201
112210
112300
113002
113011
113020
113101
113110
113200
114001
114010
114100
120001
120004
120010
120013
120022
120031
120040
120100
120103
120112
120121
120130
120202
120211
120220
120301
120310
120400
121000
121003
121012
121021
121030
121102
121120
121201
121210
121300
122002
122011
122020
122101
122110
122200
123001
123010
123100
124000
130000
130003
130012
130021
130030
130102
130111
130120
130201
130210
130300
131002
131011
131020
131101
131110
131200
132001
132010
132100
133000
140002
140011
140020
140101
140110
140200
141001
141010
141100
142000
200002
200011
200014
200020
200023
200032
200041
200101
200104
200110
200113
200122
200131
200140
200200
200203
200212
200221
200230
200302
200311
200320
200401
200410
201001
201004
201010
201013
201022
201031
201040
201100
201103
201112
201121
201130
201202
201211
201220
201301
201310
201400
202000
202003
202012
202021
202030
202102
202111
202120
202201
202210
202300
203002
203011
203020
203101
203110
203200
204001
204010
204100
210001
210004
210010
210013
210022
210031
210040
210100
210103
210112
210121
210130
210202
210211
210220
210301
210310
210400
211000
211003
211012
211021
211030
211102
211120
211201
211210
211300
212002
212011
212020
212101
212110
212200
213001
213010
213100
214000
220000
220003
220012
220021
220030
220102
220111
220120
220201
220210
220300
221002
221011
221020
221101
221110
221200
222001
222010
222100
223000
230002
230011
230020
230101
230110
230200
231001
231010
231100
232000
240001
240010
240100
241000
300001
300004
300010
300013
300022
300031
300040
300100
300103
300112
300121
300130
300202
300211
300220
300301
300310
300400
301000
301003
301012
301021
301030
301102
301111
301120
301201
301210
301300
302002
302011
302020
302101
302110
302200
303001
303010
303100
304000
310000
310003
310012
310021
310030
310102
310111
310120
310201
310210
310300
311002
311011
311020
311101
311110
311200
312001
312010
312100
313000
320002
320011
320020
320101
320110
320200
321001
321010
321100
322000
330001
330010
330100
331000
340000
400000
400003
400012
400021
400030
400102
400111
400120
400201
400210
400300
401002
401011
401020
401101
401110
401200
402001
402010
402100
403000
410002
410011
410020
410101
410110
410200
411001
411010
411100
412000
420001
420010
420100
421000
430000
1000000
1000003
1000012
1000021
1000024
1000030
1000033
1000042
1000102
1000111
1000114
1000120
1000123
1000132
1000141
1000201
1000204
1000210
1000213
1000222
1000231
1000240
1000300
1000303
1000312
1000321
1000330
1000402
1000411
1000420
1001002
1001011
1001014
1001020
1001023
1001032
1001041
1001101
1001104
1001110
1001113
1001122
1001131
1001140
1001200
1001203
1001212
1001221
1001230
1001302
1001311
1001320
1001401
1001410
1002001
1002004
1002010
1002013
1002022
1002031
1002040
1002100
1002103
1002112
1002121
1002130
1002202
1002211
1002220
1002301
1002310
1002400
1003000
1003003
1003012
1003021
1003030
1003102
1003111
1003120
1003201
1003210
1003300
1004002
1004011
1004020
1004101
1004110
1004200
1010002
1010011
1010014
1010020
1010023
1010032
1010041
1010101
1010104
1010110
1010113
1010122
1010131
1010140
1010200
1010203
1010212
1010221
1010230
1010302
1010311
1010320
1010401
1010410
1011001
1011004
1011010
1011013
1011022
1011031
1011040
1011100
1011103
1011130
1011202
1011220
1011301
1011310
1011400
1012000
1012003
1012012
1012021
1012030
1012102
1012120
1012201
1012210
1012300
1013002
1013011
1013020
1013101
1013110
1013200
1014001
1014010
1014100
1020001
1020004
1020010
1020013
1020022
1020031
1020040
1020100
1020103
1020112
1020121
1020130
1020202
1020211
1020220
1020301
1020310
1020400
1021000
1021003
1021012
1021021
1021030
1021102
1021120
1021201
1021210
1021300
1022002
1022011
1022020
1022101
1022110
1022200
1023001
1023010
1023100
1024000
1030000
1030003
1030012
1030021
1030030
1030102
1030111
1030120
1030201
1030210
1030300
1031002
1031011
1031020
1031101
1031110
1031200
1032001
1032010
1032100
1033000
1040002
1040011
1040020
1040101
1040110
1040200
1041001
1041010
1041100
1042000
1100002
1100011
1100014
1100020
1100023
1100032
1100041
1100101
1100104
1100110
1100113
1100122
1100131
1100140
1100200
1100203
1100212
1100221
1100230
1100302
1100311
1100320
1100401
1100410
1101001
1101004
1101010
1101013
1101022
1101031
1101040
1101100
1101103
1101130
1101202
1101220
1101301
1101310
1101400
1102000
1102003
1102012
1102021
1102030
1102102
1102120
1102201
1102210
1102300
1103002
1103011
1103020
1103101
1103110
1103200
1104001
1104010
1104100
1110001
1110004
1110010
1110013
1110022
1110031
1110040
1110100
1110103
1110130
1110202
1110220
1110301
1110310
1110400
1111000
1111003
1111030
1111300
1112002
1112020
1112200
1113001
1113010
1113100
1114000
1120000
1120003
1120012
1120021
1120030
1120102
1120120
1120201
1120210
1120300
1121002
1121020
1121200
1122001
1122010
1122100
1123000
1130002
1130011
1130020
1130101
1130110
1130200
1131001
1131010
1131100
1132000
1140001
1140010
1140100
1141000
1200001
1200004
1200010
1200013
1200022
1200031
1200040
1200100
1200103
1200112
1200121
1200130
1200202
1200211
1200220
1200301
1200310
1200400
1201000
1201003
1201012
1201021
1201030
1201102
1201120
1201201
1201210
1201300
1202002
1202011
1202020
1202101
1202110
1202200
1203001
1203010
1203100
1204000
1210000
1210003
1210012
1210021
1210030
1210102
1210120
1210201
1210210
1210300
1211002
1211020
1211200
1212001
1212010
1212100
1213000
1220002
1220011
1220020
1220101
1220110
1220200
1221001
1221010
1221100
1222000
1230001
1230010
1230100
1231000
1240000
1300000
1300003
1300012
1300021
1300030
1300102
1300111
1300120
1300201
1300210
1300300
1301002
1301011
1301020
1301101
1301110
1301200
1302001
1302010
1302100
1303000
1310002
1310011
1310020
1310101
1310110
1310200
1311001
1311010
1311100
1312000
1320001
1320010
1320100
1321000
1330000
1400002
1400011
1400020
1400101
1400110
1400200
1401001
1401010
1401100
1402000
1410001
1410010
1410100
1411000
1420000
2000002
2000011
2000014
2000020
2000023
2000032
2000041
2000101
2000104
2000110
2000113
2000122
2000131
2000140
2000200
2000203
2000212
2000221
2000230
2000302
2000311
2000320
2000401
2000410
2001001
2001004
2001010
2001013
2001022
2001031
2001040
2001100
2001103
2001112
2001121
2001130
2001202
2001211
2001220
2001301
2001310
2001400
2002000
2002003
2002012
2002021
2002030
2002102
2002111
2002120
2002201
2002210
2002300
2003002
2003011
2003020
2003101
2003110
2003200
2004001
2004010
2004100
2010001
2010004
2010010
2010013
2010022
2010031
2010040
2010100
2010103
2010112
2010121
2010130
2010202
2010211
2010220
2010301
2010310
2010400
2011000
2011003
2011012
2011021
2011030
2011102
2011120
2011201
2011210
2011300
2012002
2012011
2012020
2012101
2012110
2012200
2013001
2013010
2013100
2014000
2020000
2020003
2020012
2020021
2020030
2020102
2020111
2020120
2020201
2020210
2020300
2021002
2021011
2021020
2021101
2021110
2021200
2022001
2022010
2022100
2023000
2030002
2030011
2030020
2030101
2030110
2030200
2031001
2031010
2031100
2032000
2040001
2040010
2040100
2041000
2100001
2100004
2100010
2100013
2100022
2100031
2100040
2100100
2100103
2100112
2100121
2100130
2100202
2100211
2100220
2100301
2100310
2100400
2101000
2101003
2101012
2101021
2101030
2101102
2101120
2101201
2101210
2101300
2102002
2102011
2102020
2102101
2102110
2102200
2103001
2103010
2103100
2104000
2110000
2110003
2110012
2110021
2110030
2110102
2110120
2110201
2110210
2110300
2111002
2111020
2111200
2112001
2112010
2112100
2113000
2120002
2120011
2120020
2120101
2120110
2120200
2121001
2121010
2121100
2122000
2130001
2130010
2130100
2131000
2140000
2200000
2200003
2200012
2200021
2200030
2200102
2200111
2200120
2200201
2200210
2200300
2201002
2201011
2201020
2201101
2201110
2201200
2202001
2202010
2202100
2203000
2210002
2210011
2210020
2210101
2210110
2210200
2211001
2211010
2211100
2212000
2220001
2220010
2220100
2221000
2230000
2300002
2300011
2300020
2300101
2300110
2300200
2301001
2301010
2301100
2302000
2310001
2310010
2310100
2311000
2320000
2400001
2400010
2400100
2401000
2410000
3000001
3000004
3000010
3000013
3000022
3000031
3000040
3000100
3000103
3000112
3000121
3000130
3000202
3000211
3000220
3000301
3000310
3000400
3001000
3001003
3001012
3001021
3001030
3001102
3001111
3001120
3001201
3001210
3001300
3002002
3002011
3002020
3002101
3002110
3002200
3003001
3003010
3003100
3004000
3010000
3010003
3010012
3010021
3010030
3010102
3010111
3010120
3010201
3010210
3010300
3011002
3011011
3011020
3011101
3011110
3011200
3012001
3012010
3012100
3013000
3020002
3020011
3020020
3020101
3020110
3020200
3021001
3021010
3021100
3022000
3030001
3030010
3030100
3031000
3040000
3100000
3100003
3100012
3100021
3100030
3100102
3100111
3100120
3100201
3100210
3100300
3101002
3101011
3101020
3101101
3101110
3101200
3102001
3102010
3102100
3103000
3110002
3110011
3110020
3110101
3110110
3110200
3111001
3111010
3111100
3112000
3120001
3120010
3120100
3121000
3130000
3200002
3200011
3200020
3200101
3200110
3200200
3201001
3201010
3201100
3202000
3210001
3210010
3210100
3211000
3220000
3300001
3300010
3300100
3301000
3310000
3400000
4000000
4000003
4000012
4000021
4000030
4000102
4000111
4000120
4000201
4000210
4000300
4001002
4001011
4001020
4001101
4001110
4001200
4002001
4002010
4002100
4003000
4010002
4010011
4010020
4010101
4010110
4010200
4011001
4011010
4011100
4012000
4020001
4020010
4020100
4021000
4030000
4100002
4100011
4100020
4100101
4100110
4100200
4101001
4101010
4101100
4102000
4110001
4110010
4110100
4111000
4120000
4200001
4200010
4200100
4201000
4210000
4300000
