0
3
12
21
24
30
33
42
102
111
114
120
123
132
141
201
204
210
213
222
231
240
300
303
312
321
330
402
411
420
1002
1011
1014
1020
1023
1032
1041
1101
1104
1110
1113
1122
1131
1140
1200
1203
1212
1221
1230
1302
1311
1320
1401
1410
2001
2004
2010
2013
2022
2031
2040
2100
2103
2112
2121
2130
2202
2211
2220
2301
2310
2400
3000
3003
3012
3021
3030
3102
3111
3120
3201
3210
3300
4002
4011
4020
4101
4110
4200
10002
10011
10014
10020
10023
10032
10041
10101
10104
10110
10113
10122
10131
10140
10200
10203
10212
10221
10230
10302
10311
10320
10401
10410
11001
11004
11010
11013
11022
11031
11040
11100
11103
11112
11121
11130
11202
11211
11220
11301
11310
11400
12000
12003
12012
12021
12030
12102
12111
12120
12201
12210
12300
13002
13011
13020
13101
13110
13200
14001
14010
14100
20001
20004
20010
20013
20022
20031
20040
20100
20103
20112
20121
20130
20202
20211
20220
20301
20310
20400
21000
21003
21012
21021
21030
21102
21111
21120
21201
21210
21300
22002
22011
22020
22101
22110
22200
23001
23010
23100
24000
30000
30003
30012
30021
30030
30102
30111
30120
30201
30210
30300
31002
31011
31020
31101
31110
31200
32001
32010
32100
33000
40002
40011
40020
40101
40110
40200
41001
41010
41100
42000
100002
100011
100014
100020
100023
100032
100041
100101
100104
100110
100113
100122
100131
100140
100200
100203
100212
100221
100230
100302
100311
100320
100401
100410
101001
101004
101010
101013
101022
101031
101040
101100
101103
101112
101121
101130
101202
101211
101220
101301
101310
101400
102000
102003
102012
102021
102030
102102
102111
102120
102201
102210
102300
103002
103011
103020
103101
103110
103200
104001
104010
104100
110001
110004
110010
110013
110022
110031
110040
110100
110103
110112
110121
110130
110202
110211
110220
110301
110310
110400
111000
111003
111012
111021
111030
111102
111120
111201
111210
111300
112002
112011
112020
112101
112110
112200
113001
113010
113100
114000
120000
120003
120012
120021
120030
120102
120111
120120
120201
120210
120300
121002
121011
121020
121101
121110
121200
122001
122010
122100
123000
130002
130011
130020
130101
130110
130200
131001
131010
131100
132000
140001
140010
140100
141000
200001
200004
200010
200013
200022
200031
200040
200100
200103
200112
200121
200130
200202
200211
200220
200301
200310
200400
201000
201003
201012
201021
201030
201102
201111
201120
201201
201210
201300
202002
202011
202020
202101
202110
202200
203001
203010
203100
204000
210000
210003
210012
210021
210030
210102
210111
210120
210201
210210
210300
211002
211011
211020
211101
211110
211200
212001
212010
212100
213000
220002
220011
220020
220101
220110
220200
221001
221010
221100
222000
230001
230010
230100
231000
240000
300000
300003
300012
300021
300030
300102
300111
300120
300201
300210
300300
301002
301011
301020
301101
301110
301200
302001
302010
302100
303000
310002
310011
310020
310101
310110
310200
311001
311010
311100
312000
320001
320010
320100
321000
330000
400002
400011
400020
400101
400110
400200
401001
401010
401100
402000
410001
410010
410100
411000
420000
1000002
1000011
1000014
1000020
1000023
1000032
1000041
1000101
1000104
1000110
1000113
1000122
1000131
1000140
1000200
1000203
1000212
1000221
1000230
1000302
1000311
1000320
1000401
1000410
1001001
1001004
1001010
1001013
1001022
1001031
1001040
1001100
1001103
1001112
1001121
1001130
1001202
1001211
1001220
1001301
1001310
1001400
1002000
1002003
1002012
1002021
1002030
1002102
1002111
1002120
1002201
1002210
1002300
1003002
1003011
1003020
1003101
1003110
1003200
1004001
1004010
1004100
1010001
1010004
1010010
1010013
1010022
1010031
1010040
1010100
1010103
1010112
1010121
1010130
1010202
1010211
1010220
1010301
1010310
1010400
1011000
1011003
1011012
1011021
1011030
1011102
1011120
1011201
1011210
1011300
1012002
1012011
1012020
1012101
1012110
1012200
1013001
1013010
1013100
1014000
1020000
1020003
1020012
1020021
1020030
1020102
1020111
1020120
1020201
1020210
1020300
1021002
1021011
1021020
1021101
1021110
1021200
1022001
1022010
1022100
1023000
1030002
1030011
1030020
1030101
1030110
1030200
1031001
1031010
1031100
1032000
1040001
1040010
1040100
1041000
1100001
1100004
1100010
1100013
1100022
1100031
1100040
1100100
1100103
1100112
1100121
1100130
1100202
1100211
1100220
1100301
1100310
1100400
1101000
1101003
1101012
1101021
1101030
1101102
1101120
1101201
1101210
1101300
1102002
1102011
1102020
1102101
1102110
1102200
1103001
1103010
1103100
1104000
1110000
1110003
1110012
1110021
1110030
1110102
1110120
1110201
1110210
1110300
1111002
1111020
1111200
1112001
1112010
1112100
1113000
1120002
1120011
1120020
1120101
1120110
1120200
1121001
1121010
1121100
1122000
1130001
1130010
1130100
1131000
1140000
1200000
1200003
1200012
1200021
1200030
1200102
1200111
1200120
1200201
1200210
1200300
1201002
1201011
1201020
1201101
1201110
1201200
1202001
1202010
1202100
1203000
1210002
1210011
1210020
1210101
1210110
1210200
1211001
1211010
1211100
1212000
1220001
1220010
1220100
1221000
1230000
1300002
1300011
1300020
1300101
1300110
1300200
1301001
1301010
1301100
1302000
1310001
1310010
1310100
1311000
1320000
1400001
1400010
1400100
1401000
1410000
2000001
2000004
2000010
2000013
2000022
2000031
2000040
2000100
2000103
2000112
2000121
2000130
2000202
2000211
2000220
2000301
2000310
2000400
2001000
2001003
2001012
2001021
2001030
2001102
2001111
2001120
2001201
2001210
2001300
2002002
2002011
2002020
2002101
2002110
2002200
2003001
2003010
2003100
2004000
2010000
2010003
2010012
2010021
2010030
2010102
2010111
2010120
2010201
2010210
2010300
2011002
2011011
2011020
2011101
2011110
2011200
2012001
2012010
2012100
2013000
2020002
2020011
2020020
2020101
2020110
2020200
2021001
2021010
2021100
2022000
2030001
2030010
2030100
2031000
2040000
2100000
2100003
2100012
2100021
2100030
2100102
2100111
2100120
2100201
2100210
2100300
2101002
2101011
2101020
2101101
2101110
2101200
2102001
2102010
2102100
2103000
2110002
2110011
2110020
2110101
2110110
2110200
2111001
2111010
2111100
2112000
2120001
2120010
2120100
2121000
2130000
2200002
2200011
2200020
2200101
2200110
2200200
2201001
2201010
2201100
2202000
2210001
2210010
2210100
2211000
2220000
2300001
2300010
2300100
2301000
2310000
2400000
3000000
3000003
3000012
3000021
3000030
3000102
3000111
3000120
3000201
3000210
3000300
3001002
3001011
3001020
3001101
3001110
3001200
3002001
3002010
3002100
3003000
3010002
3010011
3010020
3010101
3010110
3010200
3011001
3011010
3011100
3012000
3020001
3020010
3020100
3021000
3030000
3100002
3100011
3100020
3100101
3100110
3100200
3101001
3101010
3101100
3102000
3110001
3110010
3110100
3111000
3120000
3200001
3200010
3200100
3201000
3210000
3300000
4000002
4000011
4000020
4000101
4000110
4000200
4001001
4001010
4001100
4002000
4010001
4010010
4010100
4011000
4020000
4100001
4100010
4100100
4101000
4110000
4200000
