3033000
330300
3003
3300000
3303300
3300300
3003000
3003033
303003
300303
3330300
3303000
3303030
3003030
300000
30000
3300003
3030330
3030003
333003
3030303
3003330
3000033
300033
3300
3330000
3300303
3033003
333300
330033
3000
3300330
3300030
330030
33330
3033
3
3030000
3000030
300003
33030
33003
30333
3030
3303003
3030300
330000
303033
300330
3330
3300033
3003300
3000333
333030
330303
303030
33300
3303
300
3330030
3003303
3000330
303303
33303
33033
30330
30300
3033030
3000303
330330
303000
303330
300333
300030
30030
30033
30003
303
3333000
3033300
3030030
300300
33000
30
3330003
3003003
3000300
330003
330
3000000
3030033
3000003
333000
30303
3333
33
303300
333
