110001200
1020200
2002001
100220
100200101
100020101
300101000
30001100
200300
11300
21100001
101000012
22100000
103001000
22100
1011101
11100200
100101200
110110100
10002020
1020110
1002101
120101
10200200
1300010
201001100
20001020
320
110000210
110012
230000000
102011000
10001120
21010001
2010200
202010000
10000202
12010100
20210000
100020110
20001101
2010020
100100210
30200000
112010000
100031
13010
31010
200000120
130100
10210010
120000020
300010100
110210000
200001011
10000310
32
100000040
131
11003000
202000001
2021
410000
20002100
111110
100100201
10202
40001
120020000
20201000
12200
1000112
20100110
10003010
230
11002100
11300000
200010002
110100101
210010001
20002010
100004
111002000
20111000
12000110
10100300
1400000
101100011
1101020
20000000
41000000
1111010
10310000
10110200
11000111
1102100
1011011
201002000
120110000
3020
301000010
110010011
110101010
100101002
100110011
1001111
101000120
111020000
310000001
30011
23
1220000
101210
210001100
3000110
1202000
100211000
10102010
100002110
1130
300000011
20010011
101101001
100000202
3010010
210001001
122
101020001
1001120
10301
111001010
200200001
200020100
10120100
100100102
302000000
112000001
100100003
100210100
101010200
100111001
400010
202100000
12000101
110110001
100010201
20012000
1110200
22000001
1030001
1010102
31010000
201020000
210002000
20001110
10010111
110101001
1003100
1011020
101000000
31001000
21002
300010010
11100110
101101010
1121
30000011
10001102
110000102
2000003
200000
100100300
1100030
100040
3020000
100301000
100310000
201100010
301001000
12001100
101001011
110120
30000002
111000101
200100011
203
302
140
11100011
10100
101000003
101000111
1002110
1004
10000211
110000012
10040000
200010011
11100002
201010001
101003
3100100
30101000
110011100
1003001
1001030
410000000
30011000
100112000
11102
101010101
201020
2102
23000
110002100
10101020
2001200
1000022
210100100
100000301
11120000
40100
10102100
1002020
13001
12000002
200100020
200000102
20101001
20030000
10002110
110000120
1100300
110110010
2000012
10010000
10000220
100030001
110002010
11110001
21001010
100201010
2000111
110100200
110100002
10010003
1101011
13001000
104000000
211000100
110100110
100002020
211001
11000102
220000100
401000
100110110
1004000
101030
1100111
20011001
121100
212000
1000400
1000010
1001201
10200020
110020010
12010010
40010
1012001
201200000
10001111
100001111
1030100
20000111
20010110
101002010
40000100
100011101
110010002
30110
110010110
100010111
200001200
110001011
112001000
200200010
11201
1002011
200102
20210
100103000
1012100
130001
121010
10022
10031
113000000
22001000
10100012
20010200
200001002
10120001
32000000
210000011
20003
102001001
101120
10220
120001010
300100100
1001300
1000100
2110010
11200001
11001101
10121000
101012000
220000001
20021000
10000001
100110101
102010001
120200000
211000001
111011
10100111
1111100
20030
101
101000210
10100021
20200100
210100010
1000013
10004
20100002
2100200
30010001
101000
220100000
110102000
10022000
20010101
1000001
1102010
102000011
200101010
11011100
100013000
20002001
110000
12020000
21011000
21100010
103010
202001000
11000003
110002001
111200
221000
10010210
210020000
211000010
2
10110110
1031
1100021
110000300
11010200
100400000
200010020
10110020
11210
211010000
210000002
112000010
301010
100002011
10000022
100000004
121010000
102000020
100020020
1310
1110101
12100001
400100
12101
310100000
200100002
2001110
300200
10020200
220100
102101
101003000
300110000
3000101
200000030
111000110
10001003
10000130
10011200
10000121
1001021
200201
201101000
10020110
12001001
100003100
20000102
110
2002010
12000020
20020001
110000111
1200101
2010110
21001100
102000110
10101011
11030000
100200110
212
210101
10100120
103010000
111002
100201100
100001120
10121
110300000
21010100
100130000
100020002
10120010
121001
121000010
40100000
10000112
300001001
101100020
110001110
14
10300001
100121000
10010120
11100101
20011100
101011100
11003
1300100
3010001
110000000
31100
1040
1000211
101012
300200000
20000120
10003100
101110001
10001012
1100210
301000100
302000
400100000
110101100
300000002
11111000
211100
100001102
111200000
221000000
10021100
100003010
11002001
310000100
10020020
1200011
201200
1301
10000100
2120000
20300
100200002
20101010
201100001
1101200
21000020
110111000
1010030
100102100
1011200
200001110
300010001
2001101
1010300
101200010
220010
1021001
2000000
11001110
100111100
100000130
111010001
2001002
110210
12110000
10300010
2101100
1000103
130010000
210011000
21101000
1110011
30001010
20020010
120020
100120010
121000100
201011000
2001020
2000210
1210001
111000020
100002101
110001002
11030
102110000
20102000
110011010
10001210
40000010
10130
101011001
3011000
200030
10110011
10001021
100100021
1112000
41
3002
10002011
11
2000201
1210010
30000101
100010030
100220000
100001030
10101200
10010201
100013
100112
21200000
22010000
11000012
100001201
1031000
3001001
1001012
113000
3101
10210100
300110
1100003
2020100
100310
112100000
3000200
210010010
10001030
100120100
140000000
3110000
10004000
111100010
111010010
10000040
101010110
101020010
2003000
31000010
101102000
3110
2000120
10003001
11102000
102001100
200100200
311000
4100
221
11200100
300020000
120000200
4000010
1022
110001020
210000020
20010002
100040000
202010
200003000
111000002
4001000
10210001
200021000
10011011
30200
20111
20110010
1110110
1100102
300001010
10211000
110020100
20
111100001
11000120
110000003
20200001
2111000
30010100
100300001
10030100
10001300
102010010
102000002
14000000
101000201
101201
20000021
11101010
130000100
110000030
200002001
10012100
2010101
201000200
10101110
101210000
10011002
10010102
1211000
100120001
30000200
110200100
3101000
300001100
20120000
111100100
200101001
201101
23000000
301000001
120002
10030010
1010
2010011
12100100
101000021
120100010
2003
10400000
201110
30010010
100000001
201000002
320000
102100001
210010100
11021000
11020100
2100011
103100
200300000
111110000
310010
102002
120101000
100000121
100000103
21200
1000004
10201001
120100100
200010101
201001010
201000101
200210000
14000
2002100
121001000
102010100
10100003
100000013
1021100
1300001
1000220
11002010
3200000
12101000
2201000
130000010
30020
210101000
10103
1013000
100101020
1010201
200120
12000011
300011
120010100
122000
4000100
3000020
4100000
100110200
2200100
310010000
20011010
110300
200110001
113
1121000
2010002
201002
230000
10200110
110012000
100100012
1010012
203000000
30002000
2030
100004000
20001011
210002
130000001
210100001
12002
101002001
110201
4001
10100201
10021001
203000
10010300
10201010
100010000
200010110
11201000
11001200
13010000
10201100
20100020
10200002
2300
400001000
1011002
10012001
31000100
220000010
1200200
100020011
100111010
210000101
200011010
104
2110001
120011
120000002
101001110
41000
110000201
10110002
100130
11000300
21000110
20021
201000011
10100030
102000101
20100200
10020011
100000031
100011002
10211
112000100
103000010
100012001
110003
210011
2300000
100030100
12002000
200
101030000
100003001
10002002
11000
1020002
100102001
22000010
21000011
111101
1301000
1000301
11020010
10031000
110020001
100000100
40000001
11101100
200000300
310000010
120001100
40001000
11000201
130100000
31000001
410
2100020
11101001
1100120
200003
112010
101110100
1001102
100400
200200100
100001003
200102000
200100101
101300
11110010
12110
1021010
210200000
10100000
301001
1120001
100000022
400000010
1001003
21020000
10030001
100030010
200020010
20010020
210110
10001
11000021
101111000
111101000
30100001
101200001
1111001
102020000
200000003
102000200
111001001
1130000
120001001
100102010
2200001
101002100
202000100
3001010
1010210
100202
20201
202000010
20020100
1010000
2011010
1002200
11001020
3001100
200001020
200111
10020002
211010
10100210
300000020
111001100
1101002
21011
101300000
200101100
110001101
1110020
10111010
100000112
2102000
10010030
10112000
110021000
20001002
10000013
1012010
320000000
200011100
21110
100002002
200110010
100010102
10012010
2021000
211001000
21110000
11011001
10101002
1000130
202100
100211
201000020
20001200
11110100
2100002
10010021
21000002
1310000
400000001
1010111
102100100
112001
100021100
400000100
100010120
130010
200012000
100000400
120000011
20200010
140000
1040000
1220
20000300
4010000
11120
201110000
110100020
13000100
300000200
20000201
2101001
100201001
200021
211100000
311000000
31001
310001000
201010100
110011001
201011
100010
12020
30020000
120002000
10112
1202
200001101
2012000
1101101
20300000
13000010
32000
10021010
3200
110000021
2210000
102100010
401000000
200000111
11001002
2100101
1003010
20100011
100002200
101021000
101011010
103000001
20110100
30002
3011
101021
11020001
11001011
110021
102001010
100101110
100011011
2000300
10000010
10200011
200010200
20101100
200110100
1011110
2100110
20102
210000110
13100
22000100
10111100
200002100
10000103
200011001
1200020
11000210
120010001
10020101
21000101
100010003
11100020
11000000
20000030
30001001
1110002
101111
100100
220001000
110100011
101010002
11010101
100021001
21101
31100000
220010000
11012000
1101110
100000211
202001
20012
200020001
4010
101001020
210000200
101100110
1000202
104000
11010011
30000110
110201000
10002101
200000210
1200110
2101010
2000030
13000001
120200
100022
131000
22001
10013
11000030
310100
100000310
200000012
120110
131000000
120010010
310001
102200000
100000220
3002000
2012
101101100
102002000
10000004
21010010
100103
1100012
210110000
10000400
10002200
10000031
101010011
100001
12000200
10300100
100202000
101100002
110102
21000200
1103000
21002000
100011110
10000301
110111
210200
100210001
200000000
301010000
301100
100010300
101020100
10001201
1010120
111011000
111010100
1020020
111020
100001021
20120
2201
21001001
100001300
100000010
401
1200002
1001210
100100000
1400
201001001
1000121
1201001
100031000
201010010
10011110
10001000
21100100
1103
1102001
130001000
300002
30100010
10010012
20000003
12001010
11111
1000310
1100201
2030000
100100111
311
110120000
200100110
200002010
1000040
102020
200012
122000000
100022000
10310
111000011
100110002
11012
20003000
100121
101100200
100011200
22010
300101
20100101
100200011
400010000
100110020
300011000
300100001
3100010
101102
12200000
101110010
10130000
200000201
1010003
1100
1022000
1020101
110030000
2011100
10013000
103001
101000030
102101000
10110101
102110
1030010
10102001
103100000
101120000
200120000
110010101
1201100
12100010
11200010
121000001
300000110
30100100
1211
1210100
2110100
2011001
3000002
10220000
201000110
100010210
10011020
101100101
3100001
1001
300002000
20000210
1013
11010110
1201010
2020001
101000102
220001
10200101
20110001
1120010
10100102
4000001
200210
100100120
100301
21020
100010012
110200001
2120
11021
101001200
2000102
1000031
200000021
2020010
11010020
101010020
100011020
10111001
120000110
300100010
100021010
101201000
2001011
200030000
100020200
10202000
100200020
102200
12011
121100000
212000000
1002002
400001
1010021
12011000
1001000
2000021
30110000
110010200
10101101
200201000
1120100
110030
2210
100210010
11210000
2000
100300100
20000
40010000
100101011
100010021
120011000
100200200
110200010
120100001
30101
201100100
101200100
210020
301100000
300000101
103000100
210001010
3000011
110003000
101000300
100100030
1100000
100101101
111000200
200111000
100300010
10400
100012010
101001101
10010
120000101
10103000
100001210
11010002
10011101
100001012
112100
102011
13100000
10301000
12010001
1020011
100012100
2200010
11011010
300020
2111
100001000
20000012
30000020
3010100
101001002
10040
110010020
1112
