2
23
32
113
131
134
143
224
233
242
311
314
323
332
341
344
413
422
431
434
443
1112
1133
1142
1223
1241
1244
1313
1334
1343
1412
1421
1424
1433
1442
2111
2114
2141
2144
2222
2243
2333
2411
2414
2423
2441
2444
3113
3131
3134
3143
3221
3224
3233
3242
3311
3314
3323
3332
3341
3344
3413
3422
3431
3434
3443
4112
4133
4142
4223
4241
4244
4313
4331
4334
4343
4412
4421
4424
4433
4442
11123
11132
11213
11231
11234
11243
11324
11333
11342
11411
11414
11423
11432
11441
11444
12212
12233
12242
12323
12341
12344
12413
12434
12443
13133
13211
13214
13241
13244
13322
13343
13433
14123
14132
14213
14231
14234
14243
14321
14324
14333
14342
14411
14414
14423
14432
14441
21113
21143
21221
21224
21332
21413
21443
22223
22232
22313
22331
22334
22343
22424
22433
22442
23111
23114
23141
23144
23222
23312
23333
23342
23411
23414
23423
23441
24113
24143
24221
24224
24233
24311
24314
24332
24341
24413
24422
31112
31133
31142
31211
31214
31223
31241
31244
31313
31322
31334
31343
31412
31421
31424
31433
31442
32111
32114
32141
32144
32213
32222
32243
32321
32324
32333
32411
32414
32423
32432
32441
33113
33131
33134
33143
33221
33224
33233
33242
33311
33314
33323
33332
33341
33413
33422
33431
34112
34133
34142
34211
34214
34223
34241
34313
34322
34331
34412
34421
41123
41132
41213
41231
41234
41243
41324
41333
41342
41411
41414
41423
41432
41441
42212
42233
42242
42311
42314
42323
42341
42413
42422
43133
43211
43214
43241
43313
43322
43421
44123
44132
44213
44231
44321
44411
111113
111131
111134
111143
111224
111233
111242
111311
111314
111323
111332
111341
111344
111413
111422
111431
111434
111443
112112
112133
112142
112223
112241
112244
112313
112334
112343
112412
112421
112424
112433
112442
113111
113114
113141
113144
113222
113243
113333
113411
113414
113423
113441
114113
114131
114134
114143
114221
114224
114233
114242
114311
114314
114323
114332
114341
114413
114422
114431
122123
122132
122213
122231
122234
122243
122324
122333
122342
122411
122414
122423
122432
122441
123212
123233
123242
123323
123341
123413
124133
124211
124214
124241
124322
131111
131114
131141
131144
131222
131333
131411
131414
131441
132113
132143
132221
132224
132332
132413
133223
133232
133313
133331
134111
134114
134141
134222
134312
134411
141113
141131
141134
141143
141224
141233
141242
141311
141314
141323
141332
141341
141413
141422
141431
142112
142133
142142
142211
142214
142223
142241
142313
142322
142412
142421
143111
143114
143141
143213
143222
143321
143411
144113
144131
144221
144311
211133
211211
211214
211241
211244
211322
211433
212213
212243
212321
212324
212432
213323
213431
214133
214211
214214
214241
214322
222113
222131
222134
222143
222224
222233
222242
222311
222314
222323
222332
222341
222413
222422
222431
223112
223133
223142
223223
223241
223313
223412
223421
224111
224114
224141
224222
224411
231113
231143
231221
231224
231332
231413
232223
232331
233111
233114
233123
233132
233141
233213
233222
233231
233411
234113
234212
234221
241133
241211
241214
241241
241322
242111
242114
242141
242213
242222
242321
242411
243113
243221
244211
311111
311114
311123
311132
311141
311144
311213
311222
311231
311234
311243
311324
311333
311342
311411
311414
311423
311432
311441
312113
312143
312212
312221
312224
312233
312242
312323
312332
312341
312413
313133
313211
313214
313223
313241
313322
313331
314111
314114
314123
314132
314141
314213
314222
314231
314321
314411
321113
321143
321221
321224
321332
321413
322133
322211
322214
322223
322232
322241
322313
322322
322331
323111
323114
323141
323213
323222
323312
323321
323411
324113
324221
324311
331112
331133
331142
331211
331214
331223
331241
331313
331322
331412
331421
332111
332114
332141
332213
332222
332321
332411
333113
333131
333221
333311
334112
334211
341111
341114
341123
341132
341141
341213
341222
341231
341411
342113
342212
342221
342311
343211
344111
411113
411131
411134
411143
411224
411233
411242
411311
411314
411323
411332
411341
411413
411422
411431
412112
412133
412142
412223
412241
412313
412412
412421
413111
413114
413141
413222
413411
414113
414131
414221
414311
422111
422114
422123
422132
422141
422213
422222
422231
422411
423113
423212
423221
424211
431111
431114
431141
431222
431411
432113
432221
433211
434111
441113
441131
441311
442112
442211
443111
1111112
1111133
1111142
1111223
1111241
1111244
1111313
1111334
1111343
1111412
1111421
1111424
1111433
1111442
1112111
1112114
1112141
1112144
1112222
1112243
1112333
1112411
1112414
1112423
1112441
1113113
1113131
1113134
1113143
1113221
1113224
1113233
1113242
1113311
1113314
1113323
1113332
1113341
1113413
1113422
1113431
1114112
1114133
1114142
1114223
1114241
1114313
1114331
1114412
1114421
1121123
1121132
1121213
1121231
1121234
1121243
1121324
1121333
1121342
1121411
1121414
1121423
1121432
1121441
1122212
1122233
1122242
1122323
1122341
1122413
1123133
1123211
1123214
1123241
1123322
1124123
1124132
1124213
1124231
1124321
1124411
1131113
1131143
1131221
1131224
1131332
1131413
1132223
1132232
1132313
1132331
1133111
1133114
1133141
1133222
1133312
1133411
1134113
1134221
1134311
1141112
1141133
1141142
1141211
1141214
1141223
1141241
1141313
1141322
1141412
1141421
1142111
1142114
1142141
1142213
1142222
1142321
1142411
1143113
1143131
1143221
1143311
1144112
1144211
1221113
1221131
1221134
1221143
1221224
1221233
1221242
1221311
1221314
1221323
1221332
1221341
1221413
1221422
1221431
1222112
1222133
1222142
1222223
1222241
1222313
1222412
1222421
1223111
1223114
1223141
1223222
1223411
1224113
1224131
1224221
1224311
1232123
1232132
1232213
1232231
1232411
1233212
1234211
1241111
1241114
1241141
1241222
1241411
1242113
1242221
1244111
1311113
1311143
1311221
1311224
1311332
1311413
1312223
1312331
1313111
1313114
1313141
1313222
1313411
1314113
1314221
1321133
1321211
1321214
1321241
1321322
1322213
1322321
1324211
1332113
1332131
1332311
1333112
1334111
1341113
1341221
1343111
1411112
1411133
1411142
1411223
1411241
1411313
1411412
1411421
1412111
1412114
1412141
1412222
1412411
1413113
1413131
1413221
1413311
1414112
1421111
1421114
1421123
1421132
1421141
1421213
1421222
1421231
1421411
1422113
1422212
1422221
1423211
1424111
1431113
1431221
1432211
1433111
1441112
1441211
1442111
2111111
2111114
2111141
2111144
2111222
2111333
2111411
2111414
2111441
2112113
2112143
2112221
2112224
2112332
2112413
2113223
2113331
2114111
2114114
2114141
2114222
2114411
2122133
2122211
2122214
2122241
2122322
2123213
2123321
2133311
2141111
2141114
2141141
2141222
2141411
2142113
2142221
2144111
2221112
2221133
2221142
2221223
2221241
2221313
2221412
2221421
2222111
2222114
2222141
2222222
2222411
2223113
2223131
2223221
2223311
2224112
2231123
2231132
2231213
2231231
2231411
2232212
2233211
2241113
2241221
2243111
2311133
2311211
2311214
2311241
2311322
2312213
2312321
2314211
2322311
2331113
2331131
2331221
2331311
2332112
2333111
2341211
2411111
2411114
2411141
2411222
2411411
2412113
2412221
2414111
2421113
2421221
2422211
2423111
2431211
2441111
3111113
3111131
3111134
3111143
3111221
3111224
3111233
3111242
3111311
3111314
3111323
3111332
3111341
3111413
3111422
3111431
3112112
3112133
3112142
3112223
3112241
3112313
3112331
3112412
3112421
3113111
3113114
3113141
3113222
3113411
3114113
3114131
3114221
3114311
3121133
3121211
3121214
3121241
3121322
3122123
3122132
3122213
3122231
3122321
3122411
3123212
3124211
3131111
3131114
3131141
3131222
3131411
3132113
3132221
3132311
3134111
3141113
3141131
3141221
3141311
3142112
3142211
3143111
3211133
3211211
3211214
3211241
3211322
3212213
3212321
3214211
3221111
3221114
3221141
3221222
3221411
3222113
3222131
3222221
3222311
3223112
3224111
3231113
3231221
3232211
3233111
3241211
3242111
3311111
3311114
3311123
3311132
3311141
3311213
3311222
3311231
3311411
3312113
3312212
3312221
3313211
3314111
3321113
3321221
3322211
3323111
3331112
3331211
3332111
3341111
3411113
3411131
3411221
3411311
3412112
3413111
3421211
3422111
3431111
4111112
4111133
4111142
4111223
4111241
4111313
4111412
4111421
4112111
4112114
4112141
4112222
4112411
4113113
4113131
4113221
4113311
4114112
4121123
4121132
4121213
4121231
4121411
4122212
4123211
4131113
4131221
4133111
4141112
4141211
4142111
4221113
4221131
4221221
4221311
4222112
4223111
4231211
4241111
4311113
4311221
4313111
4321211
4331111
4411112
4412111
4421111
11111123
11111132
11111213
11111231
11111234
11111243
11111324
11111333
11111342
11111411
11111414
11111423
11111432
11111441
11112212
11112233
11112242
11112323
11112341
11112413
11113133
11113211
11113214
11113241
11113322
11114123
11114132
11114213
11114231
11114321
11114411
11121113
11121143
11121221
11121224
11121332
11121413
11122223
11122232
11122313
11122331
11123111
11123114
11123141
11123222
11123312
11123411
11124113
11124221
11124311
11131112
11131133
11131142
11131211
11131214
11131223
11131241
11131313
11131322
11131412
11131421
11132111
11132114
11132141
11132213
11132222
11132321
11132411
11133113
11133131
11133221
11133311
11134112
11134211
11141123
11141132
11141213
11141231
11141411
11142212
11142311
11143211
11211113
11211131
11211134
11211143
11211224
11211233
11211242
11211311
11211314
11211323
11211332
11211341
11211413
11211422
11211431
11212112
11212133
11212142
11212223
11212241
11212313
11212412
11212421
11213111
11213114
11213141
11213222
11213411
11214113
11214131
11214221
11214311
11222123
11222132
11222213
11222231
11222411
11223212
11224211
11231111
11231114
11231141
11231222
11231411
11232113
11232221
11234111
11241113
11241131
11241311
11242112
11242211
11243111
11311133
11311211
11311214
11311241
11311322
11312213
11312321
11314211
11322113
11322131
11322311
11323112
11324111
11331113
11331221
11333111
11341211
11342111
11411111
11411114
11411123
11411132
11411141
11411213
11411222
11411231
11411411
11412113
11412212
11412221
11413211
11414111
11421113
11421221
11422211
11423111
11431112
11431211
11432111
11441111
12211112
12211133
12211142
12211223
12211241
12211313
12211412
12211421
12212111
12212114
12212141
12212222
12212411
12213113
12213131
12213221
12213311
12214112
12221123
12221132
12221213
12221231
12221411
12222212
12223211
12231113
12231221
12233111
12241112
12241211
12242111
12321113
12321131
12321311
12322112
12323111
12341111
12411113
12411221
12413111
12421211
13111133
13111211
13111214
13111241
13111322
13112213
13112321
13114211
13122311
13131113
13131221
13133111
13141211
13211111
13211114
13211141
13211222
13211411
13212113
13212221
13214111
13222211
13241111
13321112
13322111
13411211
14111123
14111132
14111213
14111231
14111411
14112212
14113211
14121113
14121221
14123111
14131112
14131211
14132111
14211113
14211131
14211221
14211311
14212112
14213111
14221211
14231111
14311211
14321111
14411111
21111113
21111143
21111221
21111224
21111332
21111413
21112223
21112331
21113111
21113114
21113141
21113222
21113411
21114113
21114221
21121133
21121211
21121214
21121241
21121322
21122213
21122321
21124211
21132311
21141113
21141221
21143111
21221111
21221114
21221141
21221222
21221411
21222113
21222221
21224111
21232211
21332111
21411113
21411221
21413111
21421211
22211123
22211132
22211213
22211231
22211411
22212212
22213211
22221113
22221221
22223111
22231112
22231211
22232111
22311113
22311131
22311311
22312112
22313111
22331111
22411211
23111111
23111114
23111141
23111222
23111411
23112113
23112221
23114111
23122211
23141111
23222111
23311112
23311211
23312111
23411111
24111113
24111221
24113111
24121211
24211211
24221111
24311111
31111112
31111133
31111142
31111211
31111214
31111223
31111241
31111313
31111322
31111412
31111421
31112111
31112114
31112141
31112213
31112222
31112321
31112411
31113113
31113131
31113221
31113311
31114112
31114211
31121123
31121132
31121213
31121231
31121411
31122212
31122311
31123211
31131113
31131221
31133111
31141112
31141211
31142111
31211111
31211114
31211141
31211222
31211411
31212113
31212221
31214111
31221113
31221131
31221311
31222112
31222211
31223111
31241111
31311113
31311221
31313111
31321211
31322111
31411112
31411211
31412111
31421111
32111111
32111114
32111141
32111222
32111411
32112113
32112221
32114111
32122211
32141111
32211113
32211221
32213111
32221112
32221211
32222111
32311211
32321111
32411111
33111113
33111131
33111221
33111311
33112112
33113111
33121211
33131111
33211211
33221111
33311111
34111112
34111211
34112111
34211111
41111123
41111132
41111213
41111231
41111411
41112212
41113211
41121113
41121221
41123111
41131112
41131211
41132111
41211113
41211131
41211311
41212112
41213111
41231111
41311211
41411111
42211112
42211211
42212111
42311111
43111211
43211111
111111113
111111131
111111134
111111143
111111224
111111233
111111242
111111311
111111314
111111323
111111332
111111341
111111413
111111422
111111431
111112112
111112133
111112142
111112223
111112241
111112313
111112412
111112421
111113111
111113114
111113141
111113222
111113411
111114113
111114131
111114221
111114311
111122123
111122132
111122213
111122231
111122411
111123212
111124211
111131111
111131114
111131141
111131222
111131411
111132113
111132221
111134111
111141113
111141131
111141311
111142112
111142211
111143111
111211133
111211211
111211214
111211241
111211322
111212213
111212321
111214211
111222113
111222131
111222311
111223112
111224111
111231113
111231221
111233111
111241211
111242111
111311111
111311114
111311123
111311132
111311141
111311213
111311222
111311231
111311411
111312113
111312212
111312221
111313211
111314111
111321113
111321221
111322211
111323111
111331112
111331211
111332111
111341111
111411113
111411131
111411311
111412112
111413111
111422111
111431111
112111112
112111133
112111142
112111223
112111241
112111313
112111412
112111421
112112111
112112114
112112141
112112222
112112411
112113113
112113131
112113221
112113311
112114112
112121123
112121132
112121213
112121231
112121411
112122212
112123211
112131113
112131221
112133111
112141112
112141211
112142111
112221113
112221131
112221311
112222112
112223111
112241111
112311113
112311221
112313111
112321211
112411112
112412111
112421111
113111111
113111114
113111141
113111222
113111411
113112113
113112221
113114111
113122211
113141111
113221112
113222111
113311211
113411111
114111113
114111131
114111221
114111311
114112112
114113111
114121211
114131111
114211211
114221111
114311111
122111123
122111132
122111213
122111231
122111411
122112212
122113211
122121113
122121221
122123111
122131112
122131211
122132111
122211113
122211131
122211311
122212112
122213111
122231111
122311211
122411111
123211112
123212111
124111211
124211111
131111111
131111114
131111141
131111222
131111411
131112113
131112221
131114111
131122211
131141111
131222111
131311211
131411111
132111113
132111221
132113111
132121211
132221111
134111111
141111113
141111131
141111311
141112112
141113111
141131111
141211211
141311111
142111112
142111211
142112111
142211111
143111111
211111133
211111211
211111214
211111241
211111322
211112213
211112321
211114211
211122311
211131113
211131221
211133111
211141211
211211111
211211114
211211141
211211222
211211411
211212113
211212221
211214111
211222211
211241111
211322111
211411211
212211113
212211221
212213111
212221211
212321111
214111211
214211111
222111113
222111131
222111311
222112112
222113111
222131111
222211211
222311111
223111112
223112111
224111111
231111113
231111221
231113111
231121211
231221111
233111111
241111211
241211111
242111111
311111111
311111114
311111123
311111132
311111141
311111213
311111222
311111231
311111411
311112113
311112212
311112221
311113211
311114111
311121113
311121221
311122211
311123111
311131112
311131211
311132111
311141111
311211113
311211131
311211311
311212112
311213111
311222111
311231111
311311211
311411111
312111113
312111221
312113111
312121211
312211112
312212111
312221111
313111211
313211111
314111111
321111113
321111221
321113111
321121211
321221111
322111211
322211111
323111111
331111112
331111211
331112111
331211111
332111111
341111111
411111113
411111131
411111311
411112112
411113111
411131111
411211211
411311111
412111112
412112111
413111111
422111111
431111111
1111111112
1111111142
1111111412
1111112222
1111114112
1111121132
1111122212
1111141112
1111222112
1111411112
1112221112
1113112112
1114111112
1121111132
1121112212
1121131112
1121212112
1122211112
1141111112
1221112112
1222111112
1411111112
2221111112
3111112112
3112111112
4111111112
