3
33
111
114
141
144
222
333
411
414
441
444
1113
1143
1221
1224
1332
1413
1443
2223
2331
2334
2442
3111
3114
3141
3144
3222
3333
3411
3414
3441
4113
4143
4221
4224
4332
4413
11133
11211
11214
11241
11244
11322
11433
12213
12243
12321
12324
12432
13323
13431
14133
14211
14214
14241
14322
22233
22311
22314
22341
22422
23313
23421
31113
31143
31221
31224
31332
31413
32223
32331
33111
33114
33141
33222
33411
34113
34221
41133
41211
41214
41241
41322
42213
42321
44211
111111
111114
111141
111144
111222
111333
111411
111414
111441
112113
112143
112221
112224
112332
112413
113223
113331
114111
114114
114141
114222
114411
122133
122211
122214
122241
122322
123213
123321
133311
141111
141114
141141
141222
141411
142113
142221
144111
222111
222114
222141
222222
222411
223113
223221
233211
311133
311211
311214
311241
311322
312213
312321
314211
322311
331113
331221
333111
341211
411111
411114
411141
411222
411411
412113
412221
414111
422211
441111
1111113
1111143
1111221
1111224
1111332
1111413
1112223
1112331
1113111
1113114
1113141
1113222
1113411
1114113
1114221
1121133
1121211
1121214
1121241
1121322
1122213
1122321
1124211
1132311
1141113
1141221
1143111
1221111
1221114
1221141
1221222
1221411
1222113
1222221
1224111
1232211
1332111
1411113
1411221
1413111
1421211
2221113
2221221
2223111
2231211
2331111
3111111
3111114
3111141
3111222
3111411
3112113
3112221
3114111
3122211
3141111
3222111
3311211
3411111
4111113
4111221
4113111
4121211
4221111
11111133
11111211
11111214
11111241
11111322
11112213
11112321
11114211
11122311
11131113
11131221
11133111
11141211
11211111
11211114
11211141
11211222
11211411
11212113
11212221
11214111
11222211
11241111
11322111
11411211
12211113
12211221
12213111
12221211
12321111
14111211
14211111
22211211
22311111
31111113
31111221
31113111
31121211
31221111
33111111
41111211
41211111
111111111
111111114
111111141
111111222
111111411
111112113
111112221
111114111
111122211
111141111
111222111
111311211
111411111
112111113
112111221
112113111
112121211
112221111
114111111
122111211
122211111
141111111
222111111
311111211
311211111
411111111
