11300
1022
121001
1012100
1001120
2010011
1301000
1012001
201002
200111
401000
102020
1110020
210002
1001210
112100
201011
2030000
3000110
101210
101201
1120010
2101010
202100
200201
2001011
2030
130001
1010021
1310
2012
21020
21002
201101
101012
3200000
2001200
1013
1121
3010100
3200
10310
1020101
3110
12011
2100002
2110010
1020011
1100
111002
1100120
1010102
3100010
3001010
100220
40010
1002110
3000200
1200020
2020010
2100110
300011
100001
41000
1021100
2120000
1202000
10130
20021
103100
410
1000211
1300100
1001003
2001101
1130000
1001201
122000
100100
120011
3011
120110
1011002
131
100211
1000220
1120100
4100000
1002101
120020
100112
221000
11201
1020002
1001030
21200
1100102
200300
1200200
200012
110201
100022
101102
4100
1001021
1010000
2000102
1012010
202010
12002
2000012
110003
10010
211010
11120
1022000
1121000
40001
1103
212
21011
1112
140000
2101001
2000021
20120
11021
1001000
11003
300110
1020110
3101000
23000
3101
1400
40100
31010
10100
2000210
310001
10031
110021
1000130
104000
41
10400
10220
31100
10004
10211
23
2110100
1101020
1011020
11210
110300
210200
10103
1002200
1201100
30200
1010003
1210100
202001
10013
110
14
1003100
1220000
3010001
100202
2111
203000
1003001
103010
230000
2200100
1004000
1000202
100400
2102000
3011000
400001
100004
14000
1040
101
1100003
1030001
201020
11030
101300
4000001
20003
1100210
200003
3002
1210010
1003010
203
2000201
4001000
22100
30110
1202
100010
2011010
20210
1010210
211001
110012
130010
1200110
1002002
1211000
1100201
12020
110102
20000
1020200
104
103001
2011001
400010
1130
302000
1200002
130100
102101
1201010
1021010
11012
1310000
1031000
3001001
1000100
230
100301
1030010
3001100
1000301
1102010
1002011
2000003
2012000
110030
200120
2100101
1004
21101
2020100
2001002
1000121
2
1001012
220010
1200101
2102
20030
1000013
30002
211100
131000
310010
2101100
1010012
320000
2200001
2100011
113000
1110002
210110
2011100
11
201200
10202
121010
12101
410000
1110200
100310
112010
1103000
1010300
1300001
100013
1001
2300000
1100300
2110001
1120001
113
1001300
302
101003
1200011
1010201
2021
2002100
212000
1101200
30011
110120
21110
2100200
1000103
1000001
2000000
20300
2002010
12110
401
2000111
1000004
1112000
1020020
200102
20102
311000
112001
1300010
3000011
1220
221
2200010
200210
4000010
22010
22001
1100000
3000020
120002
100031
1013000
2000
10022
13100
20012
11102
3002000
4000100
3100001
1000040
1102100
2201
1000112
101120
3010010
2111000
200000
2021000
20
12200
3000002
200021
4001
210101
300200
1000310
2010101
3020
13001
2003000
2300
200
1101002
101021
2000030
2010020
2002001
2000120
102200
2001110
111200
300002
1040000
1000010
400100
110000
2201000
3000101
1011200
122
3100100
100103
101000
1100012
1021001
1001102
121100
100121
2210000
2003
310100
2000300
210011
300101
13010
110210
201110
1102001
100040
200030
2100020
210020
102002
100130
140
1100021
1010
120101
30020
301010
3020000
1000031
4010000
111020
2120
2010110
10001
1002020
220001
102011
2020001
1210001
1100030
32000
1400000
3110000
320
1201001
1010120
10121
20111
1030100
1000400
10040
10301
30101
31001
1000022
11000
1301
300020
220100
2010002
20201
32
301100
4010
2210
102110
1010030
2001020
101030
301001
1031
311
10112
1211
2010200
120200
