40013
13010
2024
4020110
2102201
200120
2100041
1020302
2210210
11300
10142
1021031
3201002
3030101
430001
2301101
1101020
1200101
1024100
121301
2003000
242000
201230
301010
1103003
3301001
3000032
1223
1002200
401012
140120
1231100
1220102
2010131
3130100
131003
1213001
1001012
401120
1000223
403010
400202
321200
121220
300131
13220
41021
3102020
1030031
1030004
1410020
212210
111020
431000
1004201
1400
3102011
3230000
2003021
1201220
102212
2013020
2103011
124010
104102
320300
2022200
312020
1013210
34001
31031
123011
3401000
3100301
3010022
233
2231000
141200
3140
2300201
1020023
3001100
1202102
1201031
1200410
23102
143
4010012
1410002
204020
2101130
121100
204110
1130030
2013200
210113
201212
2012201
401210
400211
12041
1022021
2240
1003112
1130300
1043000
1030100
1400021
411002
12131
2301200
1100300
21020
1032011
4000301
1003001
3030200
2020301
120203
2010122
102401
103121
3001211
2020013
340100
230021
1040012
1120220
3103001
200330
1000031
1240010
301013
2100131
1023011
112040
2302001
2140001
1110020
1202210
3012011
112031
3011012
41102
2031002
1310102
40400
30041
4000010
3031010
3100103
1100231
2001140
3104
410102
2012003
1300211
2011031
422
30221
211130
2001023
400004
2210012
102320
2110103
131210
24110
2021
210101
3011102
2120003
2100032
1120013
43010
33110
41012
4121
33002
3010130
102002
21230
303200
220301
200240
43001
24011
13121
4102001
2101103
112100
213101
301400
3302000
4021001
200
1321010
412001
1003130
2310101
1110023
101000
2301002
1030301
13031
3212
404
122201
3003020
2113010
1201010
1002410
1302002
132020
2010311
4100030
4120010
200213
303110
2102102
120104
10421
33200
3030011
3001031
2210120
303020
1100003
1003040
1011020
10220
400121
2200130
212003
100223
11003
302201
1100012
10133
4100102
3000002
1142000
1110320
1010321
1214
14012
4200200
1203002
41003
140210
4020011
302120
112004
413
3001112
4201010
3001202
13022
1001240
1001213
11321
3100031
321002
1312001
2031110
300113
12200
1002101
2202101
2100113
200012
1042001
2001041
3040001
1003400
1112000
1013012
3100004
1000430
3000014
20012
2040110
3221000
2200031
2022002
200123
1040000
1003022
1020221
132002
1120100
2201210
1012013
4000310
4021010
1030400
2211200
1020104
101402
102113
4110020
3020
1410200
220022
3101021
310121
3010010
2212001
320012
2120021
1101023
13130
140030
213020
2201201
102023
110204
1310030
1301012
1100024
1000214
3300101
4002011
1012100
2001113
1132001
2010110
1001231
101201
21011
1300130
3000104
140000
4310
2102021
1100204
120011
14102
1303001
1033010
3012020
110300
20114
1303100
4002020
3013100
12140
2023100
322010
10322
3112010
3101300
3100400
1200023
23300
111023
104201
310211
12110
3110003
220103
100220
30101
1004
21410
32111
2132000
3002000
1100213
21320
3001220
1031
14120
2320100
1202000
310031
3121001
3110210
23111
3020030
1000100
403100
2110040
2300030
3110030
130022
140
2001131
3103010
2000210
4000112
1120010
101033
221012
3201200
23030
4001120
2000321
2012021
112400
101231
4002110
1000004
102020
1010222
1010030
2030
430010
1222100
3300020
1210040
1012310
124001
120014
101420
201122
3104000
4101020
331010
31004
301202
22211
4202000
1022300
133100
2310110
1121300
100301
1200104
2402
104000
30014
3113
3120011
331001
310004
3100121
110420
1013000
4010102
1020020
1140020
1020320
22301
11240
2112200
2001401
301121
3410000
1200002
3011
110240
2003210
300311
1100021
3401
214001
200411
311120
2411
100034
101312
4000202
1240100
1124000
104003
41210
220220
2130101
103103
121040
210014
11102
3032000
2411000
1103210
2301011
31121
3010301
1201310
200210
1001201
2201000
1310120
311012
1211003
2011040
2000213
2401001
202400
1020110
200000
330020
4001300
1030103
140012
114020
3020111
313001
1201022
2300111
1040102
3131000
4112000
330200
2030030
13310
1013102
4100210
1321001
11213
13211
4100120
310400
10331
11201
1300010
1210100
4103
412010
3010103
1030121
412100
121001
204101
1241
2200100
2200022
232100
202301
11420
2102300
3202100
4200110
1001003
1012010
10340
1001
10241
30032
1211000
101030
1201004
2100122
34100
1024001
210041
1400000
1000034
31310
20201
101123
3130001
1311020
1204100
1004210
14021
2201300
10034
420011
101120
1131200
320120
1102031
300401
3101000
3100310
4020101
2002031
1021013
1001120
101204
1102001
10031
3201110
12122
3021002
1002023
2000402
301031
1103000
1203020
4000211
122120
300200
2303
2121200
3201011
12113
1000340
403001
2400101
122000
3000302
320021
1201013
103004
10121
3220010
131300
1212020
2131010
121400
102110
130040
310022
10013
1331
1031201
31022
3200030
2010230
2110301
1103102
21122
1300103
130103
1104200
200132
202220
1103021
2320001
4200101
2021003
2033
301103
1403
1002311
111002
3001013
110402
301211
3002300
230
11033
2021012
10010
3221
212120
1142
200030
2221100
200321
2013101
100340
1011230
3002012
2211020
230012
1120004
332000
1300220
23003
1402010
2000102
100133
3102002
42002
22310
221210
1300001
220100
1200212
4013
3211001
111203
11120
120002
2041100
13400
2001122
3030020
3100040
1031030
104
211010
21104
300320
1123100
22400
2000114
2110220
300221
2010401
3211010
2311100
130031
4211000
2102000
302300
1401200
3120110
1300112
11042
4004000
30230
2001032
1201001
220121
2000000
1230002
4011020
31400
230120
13001
113021
2102003
200300
4001012
1112003
2032100
22001
1400030
3200003
2230001
200003
1301120
2204
112001
2011010
321011
3311000
4120100
2400110
1210400
1300301
2021000
2114000
101213
2141
4102010
2000420
440000
201113
1023101
211220
110312
1203200
1302200
2000
11000
2004011
2213
2200013
2030120
200201
100004
2041010
1121
4001000
1013030
1100123
1100201
3011300
2002202
1000013
2011301
2010020
4001102
21110
2102030
421100
201221
2240000
4100012
1102013
2011130
1010420
2201
3010040
1003013
2101310
300014
213011
2300012
2111300
213002
1200311
400310
310040
131102
20111
100232
1012004
110012
4010021
1112300
104300
402101
4000013
2031200
2004002
10313
1220
3112001
21221
1021202
1004102
2002112
221201
203102
1430
113120
110231
3310010
1202003
2100320
204002
401000
1121030
2211002
120020
2230100
3030002
1200230
1001000
2111
110033
110201
102410
40112
2321000
3002003
240002
1000001
20132
1004021
3101003
3000023
1030010
4001201
1001330
2020310
1030040
2000204
123101
3220100
3210002
3301100
2031020
1010201
131
110210
203300
1200203
1300013
2001320
101132
3100001
201002
100043
2011310
33011
4202
14210
3040010
2000231
12230
1012202
3101210
101222
301112
1020203
1202012
10310
1010210
1023002
20033
1000121
1020200
200021
22010
3311
1321100
1330010
2200103
2040020
4001021
42011
1112030
1211030
4130
1313
4300001
223100
2120102
200114
4100201
130130
121022
2210021
100031
1021004
3001121
30203
30002
1100120
11132
2014001
12032
1010021
3110120
2002004
133001
1122002
1101032
1210202
1100222
1010012
311021
2120030
2013002
331100
1021310
2101010
1040021
211013
100142
121202
130121
1022030
1002320
2201021
1200113
1002401
4000400
2023001
1400012
1123010
101210
4301000
33020
113030
2101013
31040
411200
3202001
2330
2003012
310013
2101022
1100000
4010000
2100023
113000
20021
401201
112013
2222000
4003100
2020220
2122001
1001042
241100
12221
1040300
2401100
2141000
2110130
320111
4100300
2040200
202202
1014020
3410
3022001
1000202
130400
10040
4003001
1200032
1101002
2220200
2020004
1110032
122102
1033001
2102012
4220
2210
3020300
1202030
3100220
1300004
311201
11222
111302
100112
302021
301004
24200
3041
413000
1001132
12011
21212
1000313
2121002
202040
1200140
202001
32000
1022003
1201301
103022
2220011
103310
1010240
3103100
2200301
1040030
4012001
1100330
1402001
400220
32102
3110201
1412
122030
2210201
1001222
1010
31001
1301
113
4002101
1214000
2201102
1031102
311300
2012210
1011023
3010211
2130002
212000
1100402
2402000
1032101
20222
120131
2003102
304001
21200
202211
3320000
1402100
1041200
1012130
3001400
2221001
11030
242
1320011
21302
10112
3100010
3020120
3000140
310301
1000412
3101012
2000222
103220
13040
1020140
4030100
3011000
120113
1022201
2103020
140300
2110022
1204001
110
2100230
1120301
1101302
2022011
4020002
2200202
3010001
131120
1200020
102221
203111
100241
1000301
1020212
302
1222010
2101220
40004
1011002
3120002
133010
2121020
23201
1031000
103001
32012
231110
321110
320003
20000
220013
202031
31112
3000221
110303
1202201
2101202
1020410
21101
1313000
1010000
3002201
220031
2010203
1000322
132200
1201130
4200002
3201020
1023200
1030220
4004
113201
11123
1100
1034
420101
132110
1130012
1210031
1102220
101303
121031
231011
302111
3200102
202010
3021110
300212
3021200
4021100
103301
100313
3031001
1002011
100214
2012012
1001204
204011
311102
1230110
202004
200420
200222
1100030
2012000
32300
3010220
410
1132100
2311001
43100
1000112
1340000
2310200
2103200
2410100
3100112
3010004
1121003
3110012
410210
14003
1010231
120122
410030
110003
1102400
100202
2103002
1200131
2002211
21041
200231
1011203
22031
2001212
1310
211022
2303000
2101031
2100014
2022101
123002
1311002
304010
30110
1320002
1000310
1401020
2113100
2011400
2011220
213200
220001
203021
1103012
1310300
4002002
40010
1031210
2101400
100100
20213
314
1304000
3010013
3230
231200
2120201
201302
2040101
4031
10304
2300120
1001300
2002100
300104
120041
100121
2040002
1023020
1011302
140201
2101004
200402
1012400
1021220
120140
230300
200303
4000103
222002
302030
2203010
20
2001101
130013
14030
310112
1403000
2312000
230003
3000200
300002
2022020
1110200
302102
211001
2140100
220004
100403
1004012
222020
31130
4101200
2020100
1000304
2401010
2120
12101
2000033
2002130
310310
10430
10223
1022
1002014
4010300
3004010
3000041
1302110
2041001
4010
2033000
3011030
202130
303101
1401002
40202
1201202
1042100
1021103
2321
2220020
4000001
2020001
1120031
1231010
1212002
32120
112220
1000421
30302
3001103
120320
30311
2203001
1101320
112103
11210
1130003
4201100
3002102
2103110
202310
111200
120110
2100002
404000
2100110
2130020
1102100
2100410
101102
1300121
112202
2310002
1001303
1002002
1000103
10004
2122100
2100011
1022210
1020011
1400003
1000331
400022
2204000
320000
2003300
1014002
102122
210140
3003101
3000110
1113020
2122010
131201
4130000
23000
402002
123110
2010041
3110
3131
211103
1320200
3130010
3300110
3021020
100331
1010312
1004120
3011210
2120300
2000042
1102010
2101001
21113
3140000
113003
2001311
104120
130202
1220300
2010320
2010032
1003121
222110
202112
2420000
4210001
2220101
33101
131030
1021010
30410
1040
230030
302000
1020230
23
3201101
421001
2000300
20003
320
10232
1130210
2301110
1010042
2000120
4000121
1400120
1241000
1310210
400112
121010
2020130
1001030
301301
2021102
4200020
2030012
1000040
1100312
31202
122021
3200300
4010030
4012100
1102301
101003
2132
221102
3021101
143000
1020113
212021
3400010
302210
1021001
1001402
13301
3000020
3003110
1101200
22100
1200200
400100
340001
12020
211310
201110
3110300
1300400
1030112
2020211
2013110
201140
3004100
2100212
2200112
32210
100022
42200
20123
4200011
1013300
102203
100040
1040120
1022102
30401
2010140
4100003
3200021
420002
310001
3111002
240101
240011
1000130
1310201
14
2030003
3010310
20030
3032
1210220
1102103
30122
3400100
2213000
4110002
2000123
2200121
40022
10124
121013
4020200
1132010
1110302
1000211
4002200
300203
1120040
23120
2020022
401021
110120
103010
1203011
23210
2200040
3013001
231020
2103101
4310000
1312010
1002041
110321
3000131
203
311030
1322
2131001
1040210
330011
301130
1102004
2010011
41
3001004
2220110
220040
13100
2400200
2123000
2111003
2102210
1010024
431
130112
1300031
1000022
2101100
20210
3220001
2010104
2420
102101
1003220
1222001
1010402
312101
3101030
3013010
1030202
2020031
410300
1400210
2212100
320201
101300
4220000
4000040
1022000
3020102
1302011
1013021
1043
10211
2040011
2001014
2202200
301022
1010102
1001420
301220
100013
13004
3111020
3102200
400103
1140200
120023
220112
1103300
300020
3210101
1013
102311
2020040
2010023
430100
1002212
100124
3023000
20300
3000011
2021021
1002110
110102
3020003
2202002
1100303
2310011
30020
31100
3110102
1021400
3021011
40121
3203000
2100302
102200
24020
203003
3001001
322100
24002
121310
110213
100412
3020021
2002301
1231001
1200110
1201103
11204
1004030
1002230
3002120
400001
200111
230000
223001
112022
210401
2310020
3101102
410012
42101
1330001
42020
1010204
2004101
42110
3210200
1312100
12002
102131
130301
102302
22121
1002020
2110013
30011
1001102
2301020
2003003
2020400
2001203
111230
323000
1320020
302003
1232
103130
1100420
2003111
32201
1304
3113000
2032001
120230
40301
4022000
2202020
4000031
212201
22013
210212
12401
4000130
2030210
1310021
22220
3100130
1300202
203210
3210011
300041
1103120
21002
221021
400010
2311010
320210
1210103
22112
2000330
400040
1130120
2000141
3300011
210032
1201100
2010212
1102310
1031012
10403
20024
2302010
2100200
3011201
1221200
1200401
211400
210122
201131
4210100
210020
1103201
114200
20240
111032
2004020
2221010
130310
1220201
203000
100304
1020401
20102
2220002
332
314000
2100311
1003100
210221
224000
212300
1102022
22103
3101201
120221
1034000
1032200
1420001
20204
2012030
2100221
121103
1221020
2112002
310100
1120202
21023
2042
401003
312200
130004
2101301
1000043
1230101
104210
3001301
210023
303011
1024010
2230010
1301300
300023
4012010
2001011
104021
201320
134
1020002
1004003
110030
1210001
1022120
11
401030
240020
322001
22130
1023110
4400
10412
2032010
2010302
2014010
2021210
13103
110042
2000003
1211300
1210022
210002
201104
20042
114002
3020012
2110400
2201012
22202
310010
2020112
3111200
201401
1220030
3020201
401300
2111000
12212
1110002
4100
202121
3012200
2410010
1400201
1120400
101330
2231
100211
1204010
1042010
2024000
3002210
1131020
2112020
220202
4030001
1030001
4001210
400013
1103
100421
3010121
2001002
221300
210230
1130
3012002
2002400
1020041
3200000
113300
2110004
1102202
13112
200033
100001
1022012
2001410
4030010
300140
2021120
30113
1010123
10202
4040
4040000
1200302
2202110
1041002
3014
120200
2202011
30212
212
3300002
2300102
3030110
1122200
110123
1421
120302
301040
100010
102041
213110
311210
3000401
341000
1201040
2022110
1002203
320102
2110010
20231
1202120
140021
132011
212012
2003030
300230
221000
1210010
121004
11012
2011001
401
1330100
220010
1202021
1100210
1010330
123020
44000
2012120
2011022
30140
4022
2000411
3000320
1033100
1311200
202022
3200111
31220
12203
3020000
1213100
2120120
1102130
2222
120410
102140
201011
2300300
3302
311000
23012
140102
220211
3100100
3000101
1221002
3122
200102
34010
10100
11312
4000100
1000403
102230
100322
4211
341
214010
14201
2400002
1031300
203120
201032
10043
210104
1301003
300302
1421000
1110230
1322000
40031
2011103
330110
124100
110021
12410
1030130
240200
310202
120311
2021201
1302020
1003004
310103
1011200
1000010
122300
230210
1014200
13202
1020101
411020
3200012
20330
2120012
1100321
221120
1310012
1020131
211301
1003301
210320
2001110
1000124
2300003
330002
1301000
2020103
210011
104012
1300310
2010002
1100042
1040201
101
2120000
2120210
200312
1031021
32021
200141
2400020
2002220
402020
220130
2023010
1412000
2110100
3102101
3122000
1202300
3000203
2021300
142001
20411
102032
2200400
30023
2000012
1420100
110222
201410
2020010
1121000
2131100
122210
1000400
11024
2201030
4000022
32030
2010200
1002302
2000111
40211
101321
1003031
3002
1012103
3121100
130001
1001210
141002
1303010
3001310
1003202
2001020
231002
2130110
1210004
40130
1133000
4000220
3022010
110000
22040
1030211
401102
10022
301310
2100401
300110
20120
4100021
2001200
3203
3000311
201311
4001
2123
410120
131012
310130
1220120
103202
1020311
4400000
2140010
1020122
201041
2004200
3004001
1012022
110132
2201120
1102040
21032
22022
1220003
3003002
1030022
2002310
214100
21401
1001312
3120101
1200320
300032
1001033
410003
3040100
2003
1302101
11231
1000220
110330
44
1120310
2014100
120212
1123001
1220000
3301010
3100022
140003
2330000
320030
3100211
100130
2012102
440
1003010
3023
3003011
2000201
1013120
2312
211004
2300210
3100202
3001040
210200
21311
4031000
3003200
3011003
231101
2212010
230102
312110
1000241
241001
400031
232010
202103
1003211
210203
1002131
1001024
1130000
4201001
2003201
131000
300122
2011013
2010221
2010101
1010303
1002032
323
1130021
41120
1124
2200010
2002040
1240001
1021100
103013
11330
112010
10214
3300200
1113200
1210310
104030
120401
2000312
304100
41000
2031011
1101203
3112100
112310
1013003
130100
103400
1201400
2130200
1300040
1202
200042
10400
10001
4110200
1032002
1000133
103031
3110000
1010300
212030
221
223010
1133
2000303
4000004
410000
422000
1110203
224
210410
132101
100310
20402
1002122
141020
1120001
2000132
2000024
2100104
1301021
2011202
1012040
1010213
3310100
3000122
340010
201023
2012
3212000
4020020
1200122
10301
1004300
1021022
321101
1310000
2300021
2030111
1020014
4001003
3101120
240110
3011021
2000021
402200
203012
1211
14300
1002221
113012
1112
2210030
3210020
1300100
1100132
22004
2001221
420110
201014
4010120
1120022
2104010
1200014
11021
2110031
3012101
220400
4301
210110
1031120
3211100
101042
4112
233000
1130102
100430
101021
2300000
2200001
123200
313010
40100
1021040
130211
12104
201020
1021301
2102
4100000
2001302
313100
2104100
420020
222101
2200220
1010033
2102120
3101
3102110
201101
3010112
1212200
103040
1011320
21203
1030310
2000240
300410
101012
312011
11402
2201003
400400
1120130
13013
1430000
1100102
40310
12311
402011
2210003
1203110
1032110
311
2030102
1010003
321020
1340
31211
2021030
2020202
2002010
400301
2200211
2010014
2004110
131021
4210010
3100013
1032020
220310
103211
21131
3202010
3000212
230201
211202
2030201
3320
130010
1220012
1230200
1230020
3000230
1040003
211040
102011
4011002
30200
12302
2010113
4001030
3200120
3000410
142100
2011100
2031101
3010100
1003310
222200
201200
1001123
2114
2000030
1101230
2101040
1010132
3014000
1140002
2210102
2203100
1122020
1230011
21014
1012220
1000142
402110
211100
2030000
2002022
1203101
40220
200204
1200011
113210
110024
4013000
3200201
1320101
100400
1002104
113102
2200310
1220210
300101
300011
1220021
301001
3121010
1301030
3022100
2002001
1210301
2001104
3012110
41201
303002
14000
31301
30104
31010
210131
203030
2200004
11303
1012301
3002021
2111030
130220
212102
40103
40001
1021130
20312
4102100
32003
2110202
301100
122
103112
211031
3010031
1400102
302012
1041020
4003010
32
41300
2002121
1001321
120101
3001130
1301210
30131
1002140
120032
421010
142010
1232000
3001022
122003
210302
2130011
1104002
1301102
1331000
3200210
2002013
134000
112130
1310003
103100
31103
12023
1012031
2020121
241010
121130
2030300
3120200
1003103
12320
1130201
20420
21140
3310001
1004000
3001010
232001
2042000
1103030
1213010
1120103
204200
4300010
2003120
1104020
112301
1320110
2104001
122012
222011
2320010
4120001
2100203
3031100
230111
101024
3041000
2110310
1100240
1013201
1031003
2030021
311003
310220
3110021
4010210
4010201
2400011
201203
12014
3400001
2302100
3020210
3010202
111320
210311
2012300
30320
202100
410201
24101
203201
1301201
2013011
10103
1223000
4121000
2002103
330101
1010120
1002113
410021
102104
400130
1210013
200024
31013
41030
101240
1020032
2410001
1200041
1012001
4011200
1000232
1210130
40040
1400300
4300100
4101002
2100020
3002111
1100033
2
2010410
20141
2210000
1200221
10130
3210110
3011120
3000113
221030
2113001
100103
2300
221003
102014
2100140
2100101
23021
1011032
4010003
3002030
420200
1420010
202013
1001021
3120020
3010400
2001230
312002
4103000
3200
2011004
20321
1113002
1131002
2110001
2210300
1300022
20303
1030013
