12201
200220
102021
40011
240000
1000104
110310
101202
320001
42000
3003
3111
1002000
213000
200310
1140
30000
12030
210102
2100
230010
310002
110001
1120200
1102002
11001
32100
2012010
3000111
21
200400
300120
212010
141000
122100
1122
2001030
1130100
2400
1200
122001
201120
100131
1110030
1220001
23100
20031
1004010
1300020
10011
20001
202101
12210
3100200
2010201
401100
2101200
12300
1022100
2100210
3100011
1200003
1101003
101310
2000130
22020
123
1002102
140100
2000010
3111000
110040
100014
1020003
2003010
2220000
1032000
2020020
1100010
3001110
2020011
1001040
11220
2002020
4000110
1001202
1000140
130011
104010
11400
2003001
2000121
140010
20112
2100030
1100202
3002001
22101
10110
3120000
1103001
1021200
1210020
1202100
204000
21003
330000
3200001
1400010
310020
20121
1113
2112000
2100021
20400
303
1000002
222000
1000101
1002201
2040000
101040
2202000
320010
1100004
1000320
102000
3000000
1000200
1001001
1200012
1010301
12120
2310000
2010030
3000102
31101
10113
2022000
201300
10122
10023
210201
1000032
3000021
4000101
1202010
3002100
300
3110100
10140
30030
3010020
220101
23001
1010310
1200300
1020000
1011
102120
12021
102300
20010
24
1210002
11022
2000202
2202
104001
1023
101001
3210000
1032
102102
30
113001
21120
10320
121200
1300002
2211000
2102100
2121
3000
2000103
32010
100011
1310010
4010010
2010003
231000
1104000
3001011
211200
1101
2103000
1003200
2130
31002
1200000
1030002
1100013
2310
110400
11013
1310100
111030
3010002
2002002
420000
1302
2120010
221001
100320
2100102
30201
101010
2020002
2220
1113000
3110010
112020
2103
2010210
1020030
220020
1011000
410001
200040
1013001
1101300
1101030
311010
100311
2002110
402
20040
1100100
2100012
120120
1030200
2020110
1021020
4101
4101000
2000310
3210
301200
1300101
21021
101013
101004
1000110
120
111300
1020021
1022001
204
1010400
1101000
1100301
10104
202020
20103
131001
3000300
1031010
3011001
1010202
3021000
21300
41001
23010
211002
130200
230100
300000
3020001
101301
2211
3000210
202200
210
1110000
301002
2004000
1001400
132
300030
2200020
121020
100401
4010001
200112
40110
200031
2010120
2013
1200021
1100040
101220
400002
310200
14010
1220010
30102
22011
1000410
2000112
101022
40101
1030101
2101002
240
2400000
2030010
321
210021
302001
1010013
3120
301110
103101
3030000
1400100
1201200
2001120
1230000
33000
310110
2100120
200022
1040010
120210
1000230
2000001
2010000
1003002
2120001
1002012
201021
20220
1100310
1300011
2020101
1001010
2200110
301101
2000013
3021
1110003
203001
2020200
400020
120003
1131
4200
3102
1100400
10302
1010100
1002120
1230
1000041
110301
1131000
1103100
11040
114000
10401
1120020
2021100
1001130
10131
1203000
110013
1001031
11103
4002000
110202
30111
20130
21201
302100
12003
11004
1010001
30120
110031
130101
1001301
410010
2011200
1010040
3010011
1200030
1212000
120021
3001002
3
1003110
210210
13011
1000311
301011
4110000
4000200
3101010
21030
13002
2030100
20310
102003
200100
210003
311001
3001020
2000100
2000031
1003101
3201000
2031000
103002
30210
21012
1001103
101130
2112
1301001
300210
2011002
2010102
201000
100002
103011
10311
1311000
1100103
100302
103020
400110
4000020
2110002
203010
2000004
1110300
13110
1400001
200010
200004
200121
1203
201030
120000
1041
200301
2300001
200202
300102
111000
3102000
12102
22200
10200
30021
222
101400
3100002
141
4001010
320100
2001012
31110
2102001
11130
200013
11100
1310001
10212
2101020
10014
312
2000211
113010
4110
3001200
120300
1401
2110200
3110001
13020
1030110
1000023
1140000
12
1001310
100221
4100001
1030020
1100031
112200
2121000
2012001
2010012
110130
210012
10410
2011020
2001021
33
1210200
100203
2010021
1001220
3012
231
130002
1103010
213
2130000
3003000
100200
1014
1200120
1200102
1010004
2001000
110100
100041
1122000
1021002
10221
123000
2201001
1000113
3300000
1320000
3100020
1000011
11301
12012
2000022
3100101
1020120
10020
1001004
14100
1100130
2301000
10203
2210100
1102200
3100110
12000
1004001
2013000
2040
1012200
103110
4200000
1300200
1130001
3020010
42
210120
40200
1040001
111
1010130
102210
20004
1002003
1301010
1010010
300300
302010
1002
2300100
2000301
200211
20211
1002300
3010110
4002
2201010
1100022
1104
20022
2001201
230001
2021010
1010220
21102
4001100
1201002
2022
1011003
2010
3002010
200103
201003
400011
3000030
2010300
2201100
14001
1200201
100032
1012002
2110020
1221
1200210
1100001
202110
4020
401010
10032
1030011
202011
1000014
220011
102012
1011300
1012020
120201
1020300
4010100
101031
1100220
31200
1013010
3010101
2120100
2004
100122
131100
100110
4100010
24000
410100
112002
3101100
2200011
100104
1031100
131010
203100
130110
102201
400200
1320
4000002
2030001
10041
1031001
1004100
114
121002
104100
100101
3000201
2021001
3201
2002101
100212
2001300
330
2000220
1311
100410
1000302
2210001
1302000
132000
211020
30012
1003011
1000122
212100
120012
3011100
1410
311100
100140
102
2002011
41100
130020
1002210
10230
1020210
3010200
11202
2210010
1130010
1102020
3000120
3000003
3011010
201102
2001
110004
2000400
1410000
1202001
201
411000
1000020
1000203
1000401
1212
201201
2002200
2012100
10002
2301
402000
2102010
1020201
110022
201012
303000
4011
103200
40020
1013100
1023000
2001003
4000011
300111
22110
31011
400101
100113
1110
0
1120002
1001100
210030
212001
1221000
1301100
1002030
201210
2200002
32001
210300
120030
1040100
20013
2300010
20202
20301
1020
100020
1001022
300012
300021
1041000
4001001
220200
102030
20100
1002021
122010
1401000
40002
310101
101100
1300110
2100201
401001
101103
11310
11031
2100000
4100100
113100
221010
111003
310011
1010031
4020000
3101001
1000221
3000012
321000
1220100
1000212
41010
3300
420
31020
1022010
1010103
220110
220002
100023
21000
3001101
10101
2200200
300003
2100003
30003
1011030
2200101
200001
3200100
1001013
110220
110103
13101
13200
22002
411
2100300
30300
2001210
2003100
200130
210000
120102
110010
301020
312000
2031
140001
3020100
1003020
2000040
11010
300201
1020102
202002
3030
1201020
3200010
4011000
1000131
100230
1014000
1010022
1020012
2001102
3012000
221100
21210
