3300400
3023020
2003200
2003230
3430
1330
30232
2002030
3000034
433000
203203
203032
34030
33022
30040
33202
3031000
100000
223030
310303
203200
300322
32230
3001303
320230
300001
4030
2302003
3000301
331030
1300000
3304000
3301030
3002200
2000332
33013
202030
3400300
3220003
2302030
2002033
3003001
220033
304300
30133
4300000
130300
20323
3304
3202003
3100303
3031003
3003202
2003023
233200
1303
3200320
2200033
10003
4000000
3331000
3003130
3002032
330022
40033
4300030
3020302
300223
30034
403
2320
4003030
3400003
2000020
223300
302200
10000
30304
232
2203003
330001
200323
40300
31000
2200
3310300
2200300
310030
100333
32032
30013
3313
4030300
3043000
103033
200203
30322
2002
31330
3223000
3320020
1033000
3013003
2030200
3030100
3000103
10333
3340000
2003302
3000031
4033
3400
4330000
4030000
3040300
403000
202033
23320
223
3430000
2320000
3303001
3030202
2002330
300103
3200020
301000
23020
1303000
3004003
3002320
343000
303400
301330
100303
31
4030003
2200030
3030004
2003032
330103
23203
3100
3020320
1030030
332200
103000
303301
300220
3202
302320
20332
3331
20203
3232000
3030400
340030
133300
322300
30220
10303
1330030
3330010
2300230
3003040
320200
303040
331
1330000
1033030
2030203
3000010
3000004
4003
2230000
2203000
1300003
3040003
3010303
1000003
310003
3202300
3032002
2000302
220000
23023
3202000
3203200
3010000
230230
310330
302020
202330
203002
40030
303010
33040
20002
2020000
3023200
1030003
330301
20032
3031
343
330130
130003
301033
40303
3100000
3030301
430003
403003
3022
2300023
2000320
330400
100
20233
2300200
2300020
2000203
3000304
133000
302023
300403
3223
20020
2303002
2300302
2000323
430030
230002
303013
30313
430
2332000
130000
230023
10330
30301
40330
2203300
3300103
3000130
3300004
3030103
3000340
300340
13303
3000220
310000
220300
302002
300130
300313
3130300
3103000
2000023
130330
300400
200023
1030033
34300
1300
310
3200302
3001030
3002020
2003002
220330
33220
33301
22003
3133
32203
3300031
3020023
3001000
3004000
313003
200200
22303
13003
3004
301
3400000
3302200
3013030
3000013
133003
330310
2302
1030000
3034000
1000030
332020
300331
33010
2023003
3022003
3030130
2000230
2000032
100330
100030
30331
20302
30010
3322
3103
4000033
3310003
3022300
2030002
23230
32023
31003
2230300
3200203
3300010
43300
2200303
2030302
3000310
303103
22300
23302
3220
3301003
3030220
4000330
3010030
33100
20200
20320
30340
3103300
3203020
1000033
400030
301300
103
3232
2033200
3022030
2002300
320302
40003
13330
23002
2003320
3000040
2000002
300133
100003
3330100
2330002
3303100
3100033
2023000
200230
300043
400
3300130
2023030
3020203
3003400
232000
130030
300202
13300
3310030
3300100
2300032
3002203
400000
310033
304003
4003300
2300320
3300022
1003303
3000022
32302
3220030
3130003
1300300
3004030
233002
323002
303130
32020
10033
3230020
2023300
230320
302230
303202
3130030
13030
30043
3200023
3002302
202303
203302
3034
1000000
2302000
3100330
2020300
3004300
400033
303022
3202030
3003310
3000001
400303
230203
2320300
2002003
330202
100300
304
3200002
3003031
232003
130033
304000
300304
34
2300203
334000
323200
301003
3313000
322000
322030
203023
3340
340
1030
4300300
3230200
3031030
3030031
3003103
30202
2230
322
4003003
3300040
3000400
223000
103330
2303020
1033300
3013300
2030020
3001033
300301
4030030
2003020
1000300
3000202
340003
333010
4303
1
3200200
3031300
2032003
3000100
10030
433
4000300
3400030
3300220
3010033
331300
31303
1333
3203002
1300330
2200003
3020002
1003000
330040
30403
13
2320030
3303010
3010300
2020033
3000313
230032
32320
3010
3030310
3003010
331003
130303
220303
220003
30223
40
2233000
2323000
1003300
3000043
400003
31030
1300303
3023002
2020303
2002303
3000232
203020
100033
30004
32200
4300003
2203030
3302020
3030040
2000233
403030
43003
33310
33004
2020330
300004
33400
32002
4000003
2000200
300430
2203
3320002
3020032
400330
313030
22
1003
3103030
3032200
3003022
340000
202000
103030
20230
23200
1000
2323
3301000
3300202
2030023
333100
230302
220030
300232
2033002
3020230
2030032
1003033
3002002
340300
103303
4330
2032030
1030330
1003330
232030
200332
200002
13033
3302002
3033100
3030022
430000
330013
300100
1330300
3013000
2032300
200233
22033
2332
2032
2330020
3100030
202300
300013
22030
30103
202
10
3130000
3310000
3103003
403300
331000
103300
23032
43
4303000
3032020
3000331
302302
30100
4300
3003301
3002023
332002
320320
34000
3001003
230200
303310
300034
22330
334
4000303
2033020
2020030
3003220
30001
220
1303030
1000333
1000303
323020
320020
2020
130
3130
2300002
3300001
2020003
301303
302203
300310
30400
2200000
2302300
3033010
233020
322003
203230
301030
313
4033000
3301300
3030010
302032
200302
200020
3001
3403000
3300301
3033001
2003203
10300
30022
4
1033003
2030230
3003004
303001
31033
30031
3310
3230002
3040000
3001300
3000133
223003
30310
3220300
1300030
3000403
133030
300022
3040
2320003
2002000
303031
3301
3043
1033
330100
1303003
3300310
1300033
3200032
3040030
1030300
1003003
303004
300040
2233
4003000
3100300
3020020
43000
22000
34003
33001
200320
3320200
3030013
1003030
1000330
230020
330010
330031
2330200
2230003
320023
200032
33031
3003013
3000322
3133000
3020200
3010330
333001
320203
202003
300010
2230030
3022000
3001330
313300
330220
30130
133
4000030
232300
203320
103003
31300
2032000
3010003
3000223
400300
13000
20023
1333000
3200230
1030303
3030001
3003100
430300
303100
3220000
2303200
2200330
2030320
320002
43030
33130
3000430
313000
330004
303220
33103
3403
1303300
3300013
3002230
320032
304030
40000
4000
3322000
1330003
3330001
3100003
310300
300031
30430
2023
3013
