3000223
3040300
3004003
13330
302233
3200332
230332
2302030
3203020
3334000
3031033
3032032
32332
1000000
4003030
3000334
30301
330223
3300010
10003
3032203
33400
1330303
3023032
433000
220033
3343
2320003
2003023
2000323
331003
3000331
2303320
2003002
1333
3000400
30010
340
2303032
31000
3400
3003010
2032330
3010030
2032303
3023203
310003
43003
3304030
3303031
1333300
223303
103003
3033301
3030004
3200020
202303
202333
320002
30100
33220
1300033
223330
340303
3002020
333100
103033
200032
3032020
3030133
3030340
303313
33340
303301
400003
3043300
232303
103330
20200
3230023
403003
3033400
3304
34
3013033
13030
3003223
303430
3300310
30322
331330
32323
3203002
313303
40300
3331003
3033103
3030220
2323300
2033200
31
3340
3003304
22333
332203
3133
2033230
430030
3013003
301330
4000300
3100330
310330
3300331
3000304
4000000
1333003
133303
3340300
300220
2300032
3200230
343003
320323
322
300001
430303
3040303
2030023
323032
3013
330304
1303033
2003200
230200
230020
3040000
3020332
3020032
3001033
2300323
3202330
3202300
233032
230233
3320002
3302002
303100
4030330
1003003
3034
3130
3003043
32020
303400
303010
30040
33301
4000030
2230330
3430003
3230002
1030
2023
300043
3330031
2203033
2023000
3004
403
30340
330001
3103033
3013000
333202
3000013
330313
3013030
3332200
232300
3033310
2320033
400000
300304
1000333
310333
3033010
3020200
3034000
301300
2200
3100303
303004
2000230
3033220
3030202
2330032
2200303
3203032
3301330
302002
34003
2233
3300130
2230303
1300003
3003301
3302230
3000310
133330
203302
340300
3202
3303010
3003004
433030
232030
3300103
313000
20020
3220003
3323200
3022000
3302302
303013
303331
2300023
2023033
300022
303001
3220000
340030
103030
3320320
22330
332020
302320
3030223
3230230
430300
3000220
3223300
3202003
3200200
220330
3023020
3001303
4330030
4030303
33103
33322
3313000
3010303
3022
4330300
2002330
430330
400030
203203
3300133
33232
4
3223000
3232000
3302023
302023
4000303
43030
3020023
3003202
1003303
3040030
34033
32233
33040
103303
3301033
3003034
2300332
320230
31003
330430
3303040
3300322
3000343
3031030
301033
32320
2330023
3202033
20233
2332
33034
2032300
3022003
3002302
302200
3030310
4030000
3022330
233023
20002
34300
300322
2030020
2000203
2320
303040
1030303
3301300
1300
22
2300233
3100003
332002
3000100
320200
32203
3033004
30334
4033030
203320
3133030
3103000
203032
300400
303310
300040
2302303
2030323
2320000
4003
3300100
3330040
3003022
300343
130300
323002
3302020
3002323
334000
3330022
30004
2003323
3130033
3300001
3303001
3003001
100030
331030
1003030
332230
300004
2332000
1030330
202003
323302
2303203
203233
320332
304000
33100
4300303
4300003
30022
3001330
33013
333013
3300304
30031
3040330
303130
333010
3202030
202330
3003220
4000330
302323
100303
3303301
4033300
4000333
331000
302302
3003322
2300320
2002333
20032
3200032
13003
40333
300433
3303310
300013
4330000
320233
3030403
31303
1330
3320023
32023
3030100
1303000
200200
332302
302230
300130
3230032
3001000
304003
3033202
3400303
3020302
330202
3303013
3033040
1300000
20320
1000303
1000030
203230
3320020
3020002
30430
2303023
2023330
202
3030013
2000320
2000332
3232003
343000
43000
330004
2330020
1300333
3023200
3301030
130
2330002
223030
4000003
10030
3322000
3010
33331
4300030
3220330
103300
322303
313003
322003
3043
3103330
220000
1003033
33043
2300020
1033330
3000433
303223
323230
3004330
22000
3003100
33310
4030030
3400330
223033
203323
323020
30310
4303030
2333200
3040
1303003
2023030
3023002
313033
1000
3300220
3430030
233200
3010300
3030103
300232
4003000
2023003
3002203
3033022
340330
20302
200233
200023
2033002
130033
332023
1033
3330001
2302300
2303302
1030333
200302
3300403
3030313
1303330
230230
2020330
3130300
3332020
2323
300340
13
2302033
2030200
40030
23032
300202
330013
33031
2230033
2020030
3000232
330130
3331
1030003
23332
1030030
2003233
3300313
301
4303003
2032003
400330
130303
10303
3331300
3001333
3003403
2333020
2300230
3030322
3003103
100330
32302
4000
304
2030002
3031000
3220030
3020020
202033
3300400
1330033
1000033
3230320
4033000
1330300
3340030
2330320
2200333
10033
4300330
3020323
23020
30232
3030040
1333000
3130330
31300
32200
3000133
3233200
23323
3320200
3034030
3003430
3030001
2200330
3200023
1300030
303103
1000300
3322003
3020320
43300
4030
333220
2033203
2030233
330220
300310
133033
3300022
3303022
330310
2300200
322300
4300300
30331
13300
22300
330103
4300033
3130030
3433
2302000
233203
2003203
3202303
3310300
400
4030003
2020303
3032200
1003333
400303
3010000
10300
304033
3003310
331
400300
400333
3230203
310000
313030
322033
10
3300043
4333000
3403300
3003340
3303004
300403
3330010
1
2332300
1300300
2002030
223000
3313300
300100
333130
303034
1330000
1330003
3000202
3000301
2033020
130003
220333
313300
13333
2323003
130000
303304
2000233
3340003
330232
3403
133
330301
300301
200020
3000430
100003
2203
2020033
3230200
3030031
333001
4330
3033013
3300223
2320303
430033
130330
3332002
302332
4303
3003040
30013
4003300
133000
3030301
3002200
3300430
3030430
1030000
133003
230032
3040003
2230000
3220303
3030022
33004
331303
300103
2030032
40303
220030
3010003
13303
10333
3103003
403303
3030130
2203003
1300330
30133
31033
3000031
3043000
3330310
300010
3330004
2303230
2200300
3300040
1330030
2300203
430
313
4003303
100033
1033033
3304300
1003300
3030010
333310
2200000
22003
3310330
3103
330340
33010
3300031
2203030
3233020
3000103
30034
3430000
3020203
3303100
333400
333301
3040033
3004303
303403
3103303
43330
3001003
3033100
30343
30313
43
403033
203020
233302
200332
3001300
3100000
3403000
310300
34330
343
4003330
3020230
3230020
3320302
3310030
303232
3300013
2300002
2020000
3000034
2000020
3002032
32230
3200320
2032
33001
2233030
3400003
2003020
3103300
3100333
202300
202030
22303
2302003
1030033
3033130
3000010
3301003
3034300
2323030
2203303
2000302
304300
31330
3000004
300334
2330203
1000330
232
3030034
300034
3013300
331300
3301303
3030304
3200302
3022030
3323020
43303
3331030
3004030
301003
403030
3310000
3003130
3100033
230302
30223
34303
330100
133300
103333
220300
303022
2002303
133030
3100300
3310033
3302200
3330202
3300340
3310
2023300
3400000
1300303
3203320
2002000
323200
20230
31333
3333100
2320030
2203300
3010330
3330220
2030203
233320
32002
4033
1303
33223
4003003
1303300
333040
20023
4333
3003133
3033001
2003320
3133003
303133
30403
3000340
1030300
1003
400033
3310003
3023023
323203
40003
334300
2032000
3233002
3003031
331033
303043
320320
3303130
303220
303202
30400
330040
3433000
322030
3304003
3031003
2302
303340
2000200
232003
3220
3320203
3030400
3223030
30304
230002
320203
3130303
3203230
433300
1033303
3130000
430003
202000
200320
3043003
3002332
334003
2000002
3230302
33202
3330130
3303400
3000001
1033030
2003332
200002
3322030
32032
2320300
3220033
2330200
100333
3330013
2200030
2023303
4300
333103
3000040
2200033
2030332
220003
203002
3004300
100
300133
3203302
3203023
3330400
3300202
3313
340003
301333
3032023
33022
20332
3032320
3010333
3301000
4033003
2033320
3030232
330331
33304
4000033
3200233
2002033
2000023
232330
230320
2330230
2020333
31030
300313
4030033
2203330
200230
3323002
3010033
33430
223
40
2203000
430000
3300301
2003230
103000
2033023
2002300
3400033
3310303
3001030
304303
4303300
1303030
3300232
3300004
3331000
230023
20323
2320330
233020
3303202
3100
4030300
20203
3022033
323320
13033
333022
3030331
2332003
232000
3343000
343030
302032
3200203
203023
223003
3322300
330400
330043
303031
2302330
2003032
403330
3022303
313330
3304000
34000
30433
2230003
2033302
2030320
2000032
302203
2333002
2303020
220303
10330
303322
3430300
233002
343300
3403030
3403003
23203
2233003
1033000
3034003
332032
2230300
2032033
13000
332200
302020
3330301
2323000
130030
3100030
433
2303002
2003302
340000
310030
330034
3400030
200323
3003313
100300
3031303
320032
23320
23002
3030043
1000003
320020
323023
3031330
3330103
2200003
3340000
3023302
23233
300223
30103
3202000
3200002
230203
3022300
310303
320302
4300000
1333030
2230
3003400
3003013
333004
433003
334030
330022
333031
3002233
220
43033
23230
3031
334
3313003
33313
3334
1033003
40000
330010
330031
332320
30130
340033
23302
22033
3303103
3000322
3133300
3200323
23200
3302032
3004000
3002002
3303220
30043
2020003
3203203
3000022
3003331
322330
3031300
3013303
304330
3000403
3000313
310
3001
2233000
3023230
30001
3000130
330322
3320230
3320032
3013330
40330
34030
300331
2002003
223300
3232
103
310033
301000
232033
3313030
3302320
3002320
1330330
2330302
3220300
200203
2033032
3232030
322000
40033
3223
3033031
4003033
203200
3322
3130003
3302203
130333
3032002
3003232
3301
2332030
403000
3020233
3002230
230323
203332
304030
2020
2002
300430
2020300
100000
33130
3430
23023
3002023
301030
3000043
2233300
2030302
3333010
3103030
33133
3400300
3232300
3023320
3032230
330403
30220
4303000
1003000
3032302
330133
33403
3300034
2230030
320023
1003330
3133000
10000
22030
3330100
30202
2300302
2032030
300031
4330003
2030230
3223003
403300
3043030
3333001
2303200
1033300
233230
3004033
301303
1303303
3203200
