2030020
1040020
130021
10021
211
1022200
2001310
120103
3121000
3100102
33010
3031
230101
4003000
2110000
1103002
120013
10123
310030
30130
1001230
412000
200014
300112
4001200
403000
2212000
133
1000021
20311
1020001
222100
120001
40210
12130
142000
300211
130030
2100001
2041000
3010210
20302
1102030
3001120
300130
2010103
2001400
210013
21100
1300012
11020
3130000
200020
311020
130102
100210
2000200
2000320
2040100
4300
131020
21202
22102
232000
2120020
1000420
1012
4000120
31000
10201
3300001
1120300
1020310
1000402
1020103
2001010
3030001
1000303
300022
300031
1012030
1400020
2310001
301030
1033
20101
2013010
1000240
200101
3202000
3020110
1030003
30010
2004001
2113000
2300101
1020400
3001
213010
201103
32110
2041
4210000
302020
3021100
1003201
1001023
201031
124
1301200
3021010
2010001
1002031
210001
1201000
200023
1002001
101302
31012
2021020
2001301
313
102100
201220
410002
102202
102022
3201100
2100040
4
3002020
3000001
3200101
220102
10132
3001030
43000
130012
102010
20110
301000
102013
2002003
40003
2012020
102400
2003002
2221000
1100200
3022
421000
30004
230110
201400
22201
1222
101320
3030010
3000103
1320001
2010202
1002040
1132
100000
300202
3040
2032
10402
214
1030000
1202020
3102010
214000
100312
100042
21400
12040
2300002
2032000
1210030
100303
100222
3003001
3000004
13003
103201
32011
1132000
1001203
210202
11032
1120030
2002102
1000042
210040
201100
210220
210301
2020300
1220200
2130100
10000
2004100
300220
3001210
3000202
3120001
10
12010
120100
200140
1021300
3020101
2004010
2000410
1000321
1002100
1002013
1033000
3000310
331000
100030
23020
3000013
400201
103102
321001
2300200
2000023
2400010
3011002
401020
3010120
304
211030
31021
102103
202021
12031
3120010
2102200
1200100
1200301
1012003
430
103
120022
2100004
202102
130003
300310
1100302
2200102
3100021
3002101
101020
2210200
1203100
2202010
2200201
1010020
11302
103003
1201003
2300110
1000210
210004
220201
1204
202030
1030210
10003
2230
402001
2030011
2000212
231001
200104
2120200
1002400
410020
21010
21031
3010000
3020020
304000
3012100
3010201
3000040
32020
1000231
1000012
400021
2003101
100321
41200
2001004
101032
21022
1123
13201
4002100
2120002
2000113
2000104
120310
1000003
122002
10102
10042
3003100
2101300
2100013
3001012
1000120
4010200
1000330
1000033
22300
3020011
4010020
3110020
210100
1023001
331
201010
2000122
201013
10222
1000000
2013100
30040
20002
1003102
1100020
212200
212020
3121
30100
2030110
23011
302011
320020
1100023
1200031
1002103
211300
3001300
3210001
300100
2020201
200410
3220
3000112
10120
4100200
113020
212002
12310
100300
2012200
20104
430000
2103010
2011030
232
3102001
2200120
3103
3002011
21301
11002
1300201
20230
1003120
311002
130210
1240
3201010
1002301
2000101
11023
2410
1003003
1000201
312001
3001003
2010400
1100203
2010100
3001021
110230
310012
10240
3000022
2400001
2201002
10030
1000312
2014
3000400
2200210
1031002
4000
121300
2001031
100204
200032
2000110
221020
3300010
400300
1002010
401200
210130
22012
3000100
310000
1300021
3021001
102130
330100
100012
100024
2202001
23002
101002
100240
12004
1203001
120004
2140
1002220
41002
20122
1102003
100330
3100120
1200004
1020004
4000102
1310200
3102100
2020120
130120
4000012
2002
3301
201202
23110
21004
2000032
402100
220021
21130
4021
4200010
1240000
1200022
11230
21310
2102020
403
2000011
1312
1000300
302200
2002120
223000
1220002
300400
31102
2401
2210002
31030
201001
1130200
31003
1000222
320101
12013
10204
2020000
1210003
2200021
1040002
3013
4200001
121030
201130
2000140
20221
4030
211003
101200
1210
3211
3112000
3210100
30001
103210
40021
3100030
1130002
22003
2000401
220210
1120003
2020102
2001100
312010
2113
3004
1204000
1200001
2040001
2010022
1000
4003
202012
4002001
13300
1023100
104020
13012
3201001
2001202
301102
100120
2010004
31201
1210300
230002
2220001
13000
20203
1001302
3000121
2000014
120130
120010
1231000
1200013
2010130
2002021
101230
2100022
23200
13030
204100
3002002
2140000
220003
202000
1020130
24001
2030002
1312000
301300
20320
2200
2311000
2104000
1013020
102001
11320
202300
2012002
200122
13210
4201
2010040
104200
10012
1300030
220030
2101003
1100230
300040
4120
300103
221002
12220
201040
4300000
1030030
4000210
1222000
30031
3200002
2103001
2001013
100402
2302000
1032100
2131000
100123
1003021
20113
330001
1010230
2000041
3200200
303001
1012300
40012
1330
310
322000
2310100
2100100
1100002
40000
3310000
1200010
1303
202120
22210
2000020
1030120
2020
210103
13120
20023
1001200
1001002
140002
211000
400102
4102
400000
2410000
2210020
1021030
2001220
1301020
2100103
30022
40120
1321
3200020
3003010
1310020
2040010
23101
2110300
2031010
11203
3010300
1230001
1020022
231100
201004
412
1000030
1021000
1010200
3202
140200
1300300
1001020
301021
100132
20011
2302
3220000
204010
1120000
122020
203110
101203
2110
33001
2020012
231010
1130020
2010013
123001
2203000
4000030
3004000
310300
2220100
310201
12202
120301
1003030
1024000
10330
223
13
400003
1042000
30310
122200
1042
300010
3200011
120400
3001000
2401000
103000
303100
202003
1120
1001032
203101
32101
2010031
130
132001
102004
100201
1030021
1003210
200401
301003
1100320
1032010
2021002
1030012
1021003
1004200
222001
24100
1301002
2011300
1002022
240001
4010002
3000301
1030
110302
120031
142
2202100
1302010
1200130
22000
221200
1002004
40102
20401
3211000
2102002
220
30121
1402
302002
1100032
1000132
2000311
140020
113002
101023
2221
2200003
2100202
30103
30013
40
41020
12100
10231
2002300
1200040
1020301
3010102
410200
1013200
2031100
241000
301012
3022000
3030100
2003020
1300120
241
4030000
3011020
2002210
2203
21001
3100300
2110003
1020220
30301
1000123
102040
200110
2100031
30400
1000024
104002
21040
130201
30112
210010
400030
1320100
2201200
1000102
132100
340000
100033
40201
202210
20014
2131
1420000
103300
300301
10033
311200
301210
103021
1201
2002000
133000
2022100
1002202
102220
2020030
2003200
420100
321100
320110
2011
2200000
2320000
220300
1010203
340
4001002
200320
20032
322
121
2000203
3100012
32200
1020040
213100
3101020
2001001
202
102310
3000220
204001
103012
1213
421
3101200
2001022
34
302110
4000300
4000021
1020202
123100
2130010
1023010
1003012
200131
4012
320200
2220010
40030
420001
201022
3300100
4100020
1200202
1022002
210400
2000230
2201020
2001040
301120
10312
203011
1231
3103000
1020031
1004002
1002130
1002310
3400000
4020100
3020002
2100310
20020
320011
201310
200221
4000003
1003000
300004
3010012
3000211
31210
3112
3040000
3012001
400120
124000
10420
100420
22120
20041
3031000
1103020
2020021
240100
110002
230011
300121
24010
203200
3200110
2000221
110200
110032
1003300
3100210
301
1021
1030102
31
112300
121003
220120
200302
2002030
1230010
2013001
14002
13021
3013000
203020
1200400
3012010
312100
3130
401002
210310
4201000
1210000
1302100
22030
1013002
2011000
21220
3002200
2000302
2000002
3110200
1200310
420010
1303000
4102000
1030300
1103200
2320
1213000
1310002
2301100
1203010
1330000
1300003
1321000
3210010
310120
20140
1102000
1040200
1030201
400012
12301
1201030
300013
103120
3100000
3010021
123010
100021
10213
130300
2100010
11200
2311
4120000
2200300
2400100
130000
32002
3100003
203002
2100220
402010
43
121000
210022
2230000
3010030
1200103
33100
1020010
14020
12103
2104
102301
2101
4012000
2100130
2200012
3400
112030
400
112003
1123000
103030
1202002
1302001
300001
110023
302101
100213
230200
1220020
2010301
112000
120202
310003
1300210
2022010
1024
2200030
4100002
1400002
2301010
2100400
1010002
4000201
200203
2300011
10210
3000031
2030101
120040
1010023
1001320
200212
320002
303010
1300102
1012000
1022020
10321
2212
210031
2122000
230020
3011200
1031020
321010
1003
222010
100231
4020010
2101030
2022001
20200
2003110
42100
22021
220000
20131
313000
30211
2020210
1300
3010
12022
2100301
1010302
21103
4020001
4001020
2110030
2002201
12400
3001102
1000213
310102
201301
3100201
34000
31300
1
1320010
40300
10303
2002012
200011
1020100
131200
110203
310021
1420
2021200
3100
3310
2030200
1230100
1200220
4200100
1400200
2011003
2031001
2020003
3120100
1031200
2010010
31120
1201300
110320
1010032
42010
1020013
10300
2101000
202201
220012
13102
20410
3020200
2310010
2301001
2014000
100
3001201
200311
400210
131002
301201
4000000
4021000
2130001
200002
2010310
3010003
2001103
2000131
200113
200041
10024
1202200
200200
100003
1000204
213001
1102300
113200
120220
14200
110020
20212
2023000
2103100
2010220
22
240010
42001
21013
2122
2300020
4002010
3101002
30220
30202
100102
1102
3000130
330010
1032001
2001130
3002110
12001
1402000
200230
1010320
2023
310210
3301000
1300000
1004020
132010
102031
3000010
3110002
2003011
4210
112
