304202
31022
2243
1004
1003223
10232
320213
4400003
3212003
3100013
340310
1130030
410330
401030
2040200
1030223
2002010
1330004
232100
131303
110300
43010
3000014
3320000
2103032
2400230
2231030
2120300
330230
102332
2330003
3042200
104
4030004
413000
402002
43310
3000431
4302200
2232020
224003
2203013
1300043
3202010
3203030
210020
3011300
324200
3200312
420023
433100
13331
32102
4030010
2330210
300200
4200200
1000133
302204
4010003
23201
2320100
4003022
2231003
23210
3310040
3022103
13232
31430
220220
130013
3312200
3001100
3030200
34004
230321
3031013
430103
3311030
2323001
2004320
2003222
1103030
210023
220001
2200304
113003
32201
2300102
303110
103340
2102
223040
2200223
2031302
3103310
331310
4304000
212300
233120
232004
204230
3400310
3220031
2300213
1033100
2010020
3120230
2033030
1232003
331301
2320010
1031030
200333
1003340
3213200
3220202
3200120
230120
2132030
2220230
230204
202133
2003021
1334
4220030
2001200
323021
302024
422003
3030410
1000223
32
30101
2304002
3340100
2322200
2003102
32132
341003
340103
200030
2002004
2002301
3122003
322010
20321
331001
2210300
2020232
2313002
1034000
2021033
3300302
2223200
123020
103040
31133
2120303
1043003
301133
31004
140000
11303
3002402
303002
200420
431030
201020
3020123
4003130
333002
1301303
3440
3320120
2222
3400001
3100223
14003
3002000
310322
322001
2402000
2020310
100133
322040
4001033
404000
3020300
200
1430030
2001002
2201003
1200020
1040330
440300
23120
30104
4220300
2302100
20222
342002
3001031
2300240
3224000
3010430
203003
2000222
4031
4030400
230102
40430
12023
122
401000
313013
40103
1203230
400301
2020001
221
4003010
2400320
2201330
2302013
231032
24002
22034
402320
243200
2033300
4000430
113000
3010301
33101
2300204
3200420
1100030
3022301
1203203
30410
2200043
2002400
1302203
31031
222032
3001223
1343
1003331
1003013
30032
3310400
122000
133001
120200
312203
3101003
432020
32330
213230
220013
3022100
3030020
2200202
2203100
3000101
1032203
320
201002
3020132
43301
31403
1310033
2034020
232031
310031
20402
3300320
231302
3011033
302201
1003220
3110003
212003
4304
300131
2013320
3222020
103100
10220
2130032
1000022
1030202
310103
2210303
300002
222302
3300200
3003230
3202004
104303
4320020
3400130
3022031
4330001
220043
1133030
13400
3004220
3001130
30341
3302300
2430200
3311003
311000
2420000
1003232
1400033
3044
2300300
4003100
10304
230210
220223
1000103
213023
1203032
23300
200222
3304001
1400330
1010303
3010034
1300304
100340
2320103
2102303
340001
2000312
430010
320321
2132
4300220
300233
32402
3200213
21200
2130023
1300013
2022020
120320
4103003
1040300
320420
40034
1331030
242000
311303
4000043
302330
3213020
10133
3020240
313100
2030321
3014000
2003231
3123200
213020
311300
303401
3130103
223220
2023202
403001
221330
202232
330203
2100002
1023023
400304
134030
2310203
200033
31100
2204030
3200321
303212
2003003
223310
4100030
2022002
120302
320033
3200231
402032
130430
204200
200312
1400030
1230200
301331
320402
2303003
4031000
202313
321230
1230302
2002001
3131030
321020
4301030
1320200
3311
330200
310403
420320
233102
21020
1332020
1300034
12200
4040000
3130022
4030103
1030004
130403
2012330
2020322
100034
340013
3400013
101003
222320
40031
23132
4202030
1332200
2021003
440030
1000433
323012
4040300
1202300
210302
103223
1303013
400310
431300
402230
33110
1301000
2202203
22322
1003403
3321020
3100220
203210
202340
13313
1300301
2000231
10004
4040030
220301
2100023
22043
3104
1331000
1310300
213002
202013
3021320
3422
3300041
1303103
3202103
3103001
232220
2003201
3140300
3310220
322022
10340
31310
1303022
1023230
312002
1133300
101303
2210000
203102
3010400
20312
4303001
4000004
300410
242
1300220
1001033
1022033
2020430
3130310
404030
3033110
4000331
2403002
1223030
232310
130022
203213
311030
40220
2021300
140003
3104030
3100403
34013
2230220
2310302
14330
1010030
3220004
1304000
2102300
3301040
30014
2300303
3020033
400400
33302
3202130
202040
100043
2003024
430031
2002223
4300100
3001304
301022
23402
1003031
320204
343010
30041
123002
3020213
24320
2002304
1403
1200032
2000042
232202
3310001
2302202
22001
201302
13430
2230130
1000034
131300
3022220
301100
323300
1000340
1200200
1000232
410003
103430
321002
2210003
1033022
322013
3000023
2213003
40340
23042
3330101
140330
410303
101300
333020
3220040
322031
20033
3130400
40313
203030
3004004
330140
3410
300341
41
130331
24032
2031032
33221
4301300
2300120
2332100
310304
3203300
3231020
3133001
3013400
3003041
4300301
2032022
320222
402203
2220023
3013010
4300400
3000200
1100
13322
300440
2400302
232010
4002320
30221
1331300
3023
310133
3001310
32420
1002230
313040
3003131
300140
303011
1320020
203402
400340
3303200
1202030
3002204
3101
4310003
322400
132023
3004103
2201030
33203
100013
2003042
4032200
1220330
2020313
3140000
3100202
13040
4130000
10103
3002102
43130
120023
1040303
1013003
3022400
4000013
403100
323201
2220200
2000210
3400220
331013
2102000
200003
20432
3003014
1320320
3220130
3310013
3221000
3123020
321320
31400
3000044
1300001
1030322
220100
1003010
430310
23312
3001313
233003
1230020
2300222
3011
3103103
2024
30023
13004
20132
10022
32000
1032320
213200
220232
3310310
3030401
4003301
1000202
123230
1033202
23420
431
3320003
3300020
3401003
3310202
3320201
320021
41300
20342
4302020
1300022
20102
4430
20024
30224
4330100
3000332
3230201
313103
34202
4020020
3013013
44030
11003
302303
1202303
34400
3100034
40040
3400031
40022
102020
1220
4020023
1033310
430001
32213
2300021
31301
3101330
344
2200013
2032130
230303
2304200
3000320
3220013
202322
301232
32120
203033
1000001
1030040
3022040
312032
3400010
130004
3113000
430202
40322
4000034
3212030
202310
13301
2024030
304031
2024000
300032
3044000
303410
300104
4002002
3310103
3302201
2203310
2010032
133400
130304
3113
1013000
3100310
3024200
4130
1232
340130
20201
4202003
3221
101000
313202
301301
330131
100220
311
2300033
4002023
3004001
2042
303311
131000
24200
3103220
3321002
3042002
1220030
3003221
4300130
1003001
110030
3001232
2032100
1022030
3203012
400313
22304
1013
201320
2020043
403103
220331
134
2200100
3203
130043
3002012
1233020
300320
131330
13010
1303400
2202002
2003123
104033
4000202
2312003
20003
3032021
4133000
3203000
3301022
3000143
243020
200321
304310
4301003
1010333
2000021
140303
2230310
23033
1030133
210332
130040
3010202
133022
3002024
1223300
1200332
21302
13043
330122
303221
203204
2000204
3400202
2003000
30404
1202003
40301
2043020
301202
2100323
2031200
1033013
3012032
2330300
2042003
30200
232040
120230
3404
413
3300230
2003303
302030
2012030
3400040
321302
4000220
3000020
3032
2002031
3320210
4003013
2020202
3202013
231320
230312
3001103
33200
3011000
4002230
3000032
2400023
2213030
101030
131003
200024
310400
34310
3134
1300010
2030120
122030
304301
32024
2000024
100223
223400
3020321
4223000
2200001
1000400
230012
104330
310310
1133003
2100020
4013
430013
302321
2012303
3102020
1023320
102230
44000
1433000
2320022
1300100
3402020
3201203
311033
2203301
1200233
3032030
4020302
4001000
222230
3010100
31010
330032
2120033
410300
400232
210233
204020
2230013
3041000
322202
200234
10001
401
1302002
20030
1034003
4002302
2201000
30320
2000201
231023
3000422
3031031
3220022
403310
310223
4030202
122330
40202
20021
1430
3413
2031230
1003322
21032
34100
2302220
3020201
302003
1031000
3300110
2003300
2004203
3104000
413003
2030030
3322010
1000310
2000123
21023
3034100
2321003
2303102
1010000
220022
3330200
3004040
1022000
132032
43400
23240
12233
302021
43100
11033
4010300
303032
3031010
102200
3041300
2301302
33230
143
2300003
2002133
130130
204203
3301202
4133
302000
3011303
2230004
1003430
334100
2032301
2001032
1002032
3220301
3023210
2021303
234020
3301400
2330102
1330010
1000004
3410003
102320
3301013
34010
2120
220430
3030041
1003130
3010022
2132000
1002332
3102023
4003310
3000134
3022004
321203
302300
4220
123302
310313
3003311
3200003
1400300
3031022
301040
341300
44003
3003401
420020
12203
300134
2023103
120323
3200330
3001220
3030230
3031100
331130
3130031
3230021
304220
32222
2020040
2010230
3413000
3013031
1343000
202223
100322
4043000
1310000
3200021
2030312
2023301
2002100
3212
300041
4100003
22031
101333
200240
4020203
3002300
202043
103022
200120
3311300
3040103
204032
33104
1302020
33032
2020004
3220100
3010133
2303120
4331
132200
2230010
1031
3230210
3021023
2102330
4001303
1002020
22313
4002200
3030110
3210230
202010
4322
3043100
340400
43202
2430020
3220001
3020012
31001
104030
3000041
4000133
240020
2020100
3040301
13202
4000001
1300040
3133100
332120
33212
2000300
1330202
1300430
3010043
11333
3220400
1033400
3100340
4003040
3031301
4322000
4010000
212330
4100
3300131
2321030
2202020
22340
3000113
1303310
1032023
113300
3004031
2202320
2023310
3100022
103304
3012002
24230
2130020
103232
300431
10010
3002021
2202302
2023400
1031303
3010340
3331100
1313300
3103010
30422
4003220
2030201
2313020
322310
2430002
202202
42020
2340200
2023004
4000040
2032400
4030220
3001010
201203
200342
2310200
2030003
3204020
320024
3023000
1033130
2300420
2100332
3220310
3323000
4003001
2123030
10331
312320
3301220
331103
2021330
330002
120020
34220
1230032
4030022
4000223
1030304
3110000
341000
4003400
2022200
203024
3010331
2240003
3130013
320132
14303
1043300
2201033
400322
202031
13340
3110030
220304
213032
3013100
233201
3000314
1130000
203330
233030
233012
4040003
220103
3040400
3001013
2230103
2000402
230021
2200004
42230
2002331
2002040
32003
1020230
2020301
203
310043
41033
3310004
3113003
430301
2120330
3232001
3100232
30122
4313000
4000322
2022023
2004002
3422000
13304
3300212
110000
3300011
2320013
2203220
313010
4300040
2123300
3040040
3401
4032002
233300
1033010
3213002
3201032
323000
322220
3031202
2034200
4320200
2332010
1030130
1340003
1301330
3102320
302240
3030104
1330301
1203023
440000
3031103
2201300
1001000
3040004
3030032
203300
22202
41003
422
133013
322100
1300133
2004032
21002
2301230
34031
102203
10034
132203
221033
2001323
2002043
3402002
300113
401330
230300
3233
2123003
2103002
203132
321023
332003
2200310
2013032
2020130
1001333
3020303
304010
3300401
3120023
3202220
1020233
22040
3032003
1300331
331202
3231002
3200240
131030
2312
1103330
3004010
410000
20423
1300202
2213
300101
1322000
3000212
3040010
2300210
203420
320210
14033
3002231
1323020
302213
3410030
3200123
314
4001330
2033
3003032
130103
130034
3033200
2030210
2423000
331031
32123
4200302
3130010
3201002
12302
332021
1040000
1001300
3120203
3033020
1330220
130313
23012
3001400
1304300
2034002
2130302
1002200
430220
413300
404003
132320
2000003
13022
230420
1232030
302042
2003330
1233200
1000043
2202230
2300030
1010300
303041
3010004
1220300
431000
3242
310340
330311
3001430
2010302
123203
1322300
32300
2031002
203240
13403
33410
3104003
204023
2234
30431
3003302
1200230
230123
10013
32240
212303
231200
310040
20300
33140
134300
3001331
3023300
1430300
140030
234200
134003
3020312
3030212
2003312
401300
3003011
1330310
2003402
1002023
4130030
2340020
22004
100430
310301
23021
31013
2103230
4022
4232
4002032
113330
2400020
1300403
1000403
4430000
13031
3302021
30212
1200203
422000
3021002
232301
3103022
2024003
22130
4303100
343100
3301103
3030122
4403000
2000420
3003101
1130330
422030
302222
3320030
133031
200210
302210
3120002
1000304
3103031
3022310
4022300
1040
330011
2042000
110033
1400003
230330
1003034
100301
4022000
13310
20303
3202040
401033
2004200
2003420
3203120
3203021
403202
101330
4310300
2031020
3113300
3000233
430400
3000131
1020200
133010
100304
2030231
1313
3003203
1304030
2210
220010
3040022
1030034
2001023
201032
1004303
3332
4200002
42023
301004
3120320
3043010
4004030
3013022
322130
40004
3302030
3100100
3003020
2233001
1302023
2003120
3200303
20240
3301031
213320
222023
322103
212
1303001
2033210
2000
33011
240032
102323
3143
2303000
4020002
2042300
1022303
2001203
3223001
1001003
3004301
3303011
3200300
4000130
2040320
1032200
3001301
4300202
4313
130322
100403
33131
2302301
232103
21323
2203031
2302001
1002323
3031001
100040
3320021
440
131
1023032
3300101
2402
1340000
20000
3200024
1000301
403301
41330
233000
2231000
10433
20042
3220103
20333
222020
203303
2
32012
220031
133220
3200030
220322
4030310
2204300
3302000
3032300
2300330
133202
10322
3032012
2200220
1103003
2220203
400001
32021
3300002
2400200
3101303
213203
103043
3014300
4033010
1020002
32312
3000104
330221
2102030
3132002
230231
1433
1000334
1000031
420302
3000221
1032032
1030220
3133010
10313
230201
301010
300413
4000103
1100003
3201230
232130
40013
4300013
4003103
330212
331220
33002
3020
232013
2330120
2103020
2030021
3100133
4300004
2403020
204002
14000
3031400
231203
301340
3003212
3314
4200020
104000
113
21233
3002201
301304
34301
2002232
43022
2342
3300023
1220003
1300340
2003213
240302
313301
24302
2130230
3003410
1302320
2000243
3001040
4303010
4033001
420200
133004
1031330
3002
2300042
2200031
2001302
3001043
1320302
2302310
14300
303131
1303130
221303
1313030
3143000
22100
1130300
4000310
10430
3013004
3032000
4010
2001320
32321
3202100
31130
2022203
23123
332102
3140
3030011
4003004
1340300
1303202
2200400
3401000
1203320
201200
323102
12230
3140030
34103
1030400
2203202
303104
323030
22010
331100
31232
2230202
1000430
2000321
3010310
304040
20330
200432
200204
310001
20324
1330130
1003004
2000012
3240200
3332000
30233
3042020
1403030
2230301
1030331
301103
3023003
3300113
303122
1002320
230213
332210
2302010
2030012
30134
1103303
313004
2203040
2200313
223103
103001
302120
4400000
2120000
3312002
3020003
1033103
332300
3013310
320102
10031
300314
222203
133040
1034030
3110033
3103202
44
2320220
3004400
203312
2020403
110333
202034
24023
3030311
3401030
3101300
1333001
3100001
400130
200402
34130
4223
2240030
2321300
223022
312020
3014
4320002
23303
3012020
3003122
4004000
2302103
2002130
3033101
2331002
1301003
3320102
3000110
330104
30131
30020
224000
1030403
1003310
3100040
3013130
40331
2000303
2301320
104300
3040202
31040
2220320
1303004
2020034
4020230
4000010
3000401
300020
1033040
2020223
1003022
230024
322301
4232000
1030313
23213
3303110
3120302
313001
403031
1304003
2100320
2030042
2001233
1003040
313130
4103000
1043030
240023
130232
1133000
2200322
32030
443000
202430
2233010
300230
3130040
1020302
222002
2132003
2013230
3003110
2240300
224300
1002002
103301
3201320
2204003
1032230
321032
20123
3122
340022
3300122
2000030
22022
1003313
3222200
400004
203120
3032120
1010
1330022
2020400
300143
240200
230132
3013202
2000330
1333100
1001330
3100313
3313010
3031040
1232300
2320400
200303
400223
2222030
3220220
43103
222200
3021032
210200
31340
3100301
12323
3301010
3031130
2031320
3440000
143000
42200
4200230
1322030
2302031
120233
3000230
2302400
403010
2321
2403200
1300310
3103013
11030
1001
3230003
3122030
403220
31103
2200403
2200010
403004
212033
22013
2012300
3220010
3200033
3002213
3030002
3400022
3302102
2010233
2002034
2302004
33020
2003321
10040
4030031
2322002
320231
22310
2301203
2010200
4032020
3020102
3103400
4003031
2130002
301322
2013002
200423
2203010
23321
4023020
2220032
3022202
3110300
201230
3010130
22223
2203130
400403
3420020
331040
4031300
1030430
3003140
3000140
3000323
3212300
3001022
1202
2330012
102032
1403003
122033
3021020
331022
2100302
1030022
3100304
223001
200324
2100230
3101000
4400300
3000122
2402003
1000322
300311
3200012
31043
4034000
212030
21320
3231200
430040
333011
2301200
1100303
1232000
2200133
231002
4031003
330020
1330001
303302
13034
3002210
3310022
3040013
33401
2202032
3240020
11300
1023200
1030103
2013203
440003
3021230
302231
300014
1100333
103031
3212000
21230
2330030
3203003
2400002
4200203
4020320
2203022
1004000
3420200
3402200
20210
4203200
1340030
130301
3040001
13220
2342000
1033301
102302
3131003
132002
2130200
103313
100433
340040
42002
43001
330110
33041
430004
240320
3200222
3100103
221003
3022001
2320301
1220033
3200
403040
210032
2231
3100430
310034
201332
1043
3203201
140033
2032004
3002120
400034
30002
3024002
3302120
3302210
3001004
1130033
2020031
3014003
2323010
430022
1022
4300031
2032202
4230200
303320
3404000
423200
122303
2333000
1223003
122003
100313
23102
4000400
2320031
2020013
400013
30314
4013003
4010030
1233002
3012203
3020330
3000002
300044
231020
1103
2330201
443
2420
2004023
302102
2000240
2103023
2032040
320240
2102033
120332
332
3034001
100202
3320012
313022
3004310
3103301
312302
100343
313220
301403
1023002
2030222
132020
3322001
301013
1331
1031033
400043
3202001
323120
3003002
303020
130133
332201
3400004
330014
1300031
100004
3204200
22301
300332
340220
2030213
3210200
400022
1302302
2100233
203012
301001
3040310
320312
3430100
3210032
3311000
342200
32231
2102003
2020304
2243000
2213300
2130203
2030024
3023102
3030203
230000
2042030
100400
40232
4200032
2233100
2313200
2204000
3302
3201200
310130
2300000
3303002
4103
3230
400100
3223100
401303
2002430
3201020
203222
311330
3331010
300323
32204
1300322
2020220
3420002
3110330
3100322
4340000
2320040
40130
3004202
302420
2333
1303031
3010220
4033100
3410300
102023
3022022
230030
3132200
40010
3301001
4403
3030023
330023
4000403
1020320
4100000
2003030
310232
3221030
1020023
3020420
333110
4202000
2022230
110003
143300
23231
12032
22430
1300400
2001020
200123
2132300
2010023
3002033
2022032
122300
3021203
4202300
4300022
133100
22133
34022
1003043
1000010
2330021
3431000
120002
13100
2420300
3301130
2202200
420002
143030
220004
4031030
2312300
204302
1230320
2310020
1130003
100310
130400
310220
300110
4001030
3400400
1303040
223100
220040
1013303
1004300
223013
3202400
110
14
1230230
20204
300011
2240000
1200323
132302
3000224
2300201
230
2032310
1013030
2013020
4203020
320030
3104300
403130
341030
3300311
2210330
203000
301430
3100031
10310
200330
431003
2103320
42302
21203
2200301
303014
33014
1030232
302402
2000423
30311
3100400
133103
310013
2020022
30140
2002103
40001
113030
3001340
3000242
2400203
2033201
3301310
4034
200213
402020
312200
3320300
303200
1303220
434
4230002
4013000
4310030
1202330
1330400
2200340
3340010
301313
1223
300212
1403300
30113
232400
22232
3302003
2320130
3130001
410030
342020
4043
3013001
1001030
340031
330320
2303201
13103
223301
400331
1030340
3003200
2123
3131
30332
12332
2024300
143003
3012230
10343
2230022
1203020
1013330
3202031
2203400
1301030
1004003
130100
3004013
3001202
3122300
100100
3020000
100022
2300231
103004
3013301
13013
203321
410033
320000
240230
42320
32210
1323200
340004
23030
123200
2222300
433010
31322
33122
3323
12020
2320310
1020332
3232100
233021
2001230
3131000
3023012
3002132
1010033
10223
2220002
1020323
103034
1303301
3313001
3010031
3032210
2030420
210203
4001
4002203
2022302
1103000
3100010
230042
100232
3031310
320003
3120032
2120003
1301300
2300
2230400
1330031
3200201
2201
2432000
3210023
234002
2340002
1003133
320012
12002
334010
303230
134000
303023
3102002
1220000
334001
13130
2310032
3321200
3230120
3200210
203231
3233000
3000410
120203
404300
3041003
1033031
313400
4000340
2223002
300242
340100
3301004
2232200
1304
1004330
402302
240203
3341000
2320004
1001303
302033
2021030
3232010
113303
1430000
1320032
202403
3020042
42032
3000302
3012302
4000022
1013300
3030101
2303210
2303012
2040002
113033
24020
3310010
2230040
2033102
3202202
31313
4030301
300221
31034
3030113
13001
3230030
3300032
140
3134000
3011003
1303100
4400
420230
33320
2023130
401003
3020024
304004
2032001
301310
310331
20120
2133020
242300
20231
31331
2301020
1032002
3322100
2310002
1002233
130010
4030040
4030001
1133
4301
4013030
4030130
1200023
3002222
2003132
1333010
1310003
1320002
1203200
420203
420032
4023002
2420003
3023201
3202022
202331
3330110
4130003
1043000
2002310
123023
102002
1040033
1022330
2023040
3222002
130340
2022320
4203002
203123
4300001
2000033
432002
302012
303203
2010320
312230
304001
3210002
43031
332030
2040020
100331
41303
3102032
403013
2302040
341
11
1032302
3011330
200132
30143
302
230240
300302
1020203
3021200
200000
2310230
3001322
30302
1020020
1300130
2120030
1302230
1100330
32303
1202033
2020331
223202
232001
2030033
40043
22103
130223
2001332
220400
3330020
4020200
2030132
400103
3020021
2322020
2310023
3132020
202100
332000
301034
202022
110303
4000100
2231300
1030301
2002220
400010
200042
2030123
203021
13223
3223010
220202
4004003
2234000
1300313
2003204
2402300
1004033
2002202
2033012
310100
3034010
1004030
31223
1300223
3012023
3020120
3003104
2010323
3431
2220020
2203001
2012033
2020340
30323
2000342
2330000
2302130
430100
310202
1000220
3400103
242003
3002030
303101
230402
3010304
2003012
23204
2303021
3020210
320300
3202301
202400
3314000
314030
1230203
1320203
2003240
30401
3020222
22220
3122000
140300
131033
3312020
1300232
10403
2032031
23003
324002
3001403
2200130
3010313
1003304
3130301
311003
304013
4010033
2031023
3004100
3041
400040
2023001
330101
3010010
3203210
103130
2301032
2043200
23330
331004
4340
3002312
4301000
4310
200201
3313100
3040130
1030031
240002
2032103
2032013
1000040
3400100
224
1223000
2230031
314300
10130
304100
2033000
1003301
320201
2000000
3002321
103331
2332001
2300132
2033120
1331003
2030
3103130
220313
31220
4023200
100103
3010103
3130100
3102203
3120020
3010001
4103030
3103100
3230000
1003400
3001001
3000413
32033
10400
2020133
3003023
320303
3300410
1202000
2200232
2013200
1003100
34040
3030221
2331200
2232002
2023022
1010003
2000432
100334
3031220
4100303
21332
2040032
2023100
30230
1000331
3221003
4100033
2230001
3341
3210020
3310100
1100033
330113
3002303
310430
2222003
43013
4103300
330401
2030102
3102230
43004
3301100
3330002
1103300
400430
133301
333101
2043002
1032020
210230
1031300
210323
3300221
3300203
200300
202304
310010
4220003
104003
304400
1400
1220303
2304020
2200430
2100203
3002003
213302
22403
130220
2300024
223130
4022030
301130
3000341
4130300
1033001
2210030
1203002
3200042
231230
3040031
3301301
3000011
2213000
2230100
333200
1203302
200243
304103
2000333
2320202
2133200
1330100
2003
3430001
3130220
212000
40133
3023120
301043
4200320
2300402
130031
4010303
3204002
3201302
3022130
2040023
3010223
320123
43040
4200023
1313000
314000
300122
4001003
243002
10301
3230012
3102200
40310
4100330
2013302
220133
3000404
410
1330103
1301033
1313003
3103040
3100004
223004
30203
3400301
1403000
1100300
210320
1330040
2002322
110330
3030302
303113
330041
3020402
3010232
3032201
2400032
2012000
3130202
3101030
202004
3041030
3303101
3030014
2200040
2023010
1332002
1023203
1030310
100130
43220
3304010
2310320
2300123
2000132
3101033
430130
2312000
331400
200012
14030
33113
2321000
230003
2201303
2301023
2200034
3140003
3100130
220034
301223
300422
2030303
1200302
2030204
103220
201233
4013300
4030013
1030001
3410000
3010040
133130
3304100
300404
1023020
3242000
220340
3302012
301220
1320023
2003210
3123002
203201
30242
2033021
2020103
4310000
2123000
3310301
4100300
2402030
3002123
1002302
402200
2004302
4220000
2031203
242030
2302022
324020
2204
2200331
1000013
314003
2103200
1302032
2023220
3012200
3020204
1430003
2210033
4302002
3013220
4040
2324
4020032
103403
3002240
3240002
1030100
413030
1013033
2423
3030131
340010
30440
123320
202001
3002330
3330011
2002313
22331
4002020
2222000
200102
3010013
2032220
1300004
2032010
2030240
432200
1103033
10202
3331001
1020032
3203102
31202
1400303
3320
2004020
233
3100043
3001034
2002403
3002420
3000440
1031003
123032
3004130
3004022
2240
2012003
3120200
433001
422300
3002042
2303300
40304
2303
130310
300224
202103
300401
202301
3000311
2223020
1322003
2200103
2033003
3033002
23024
1301
2100200
2010203
3010403
34001
3030320
2000102
210002
103103
100031
2002013
3003113
44300
3030140
42203
2021
330410
3230300
20
1000313
3403100
2301002
10100
3014030
312023
2331020
1002203
3210320
3200204
200021
323210
3031004
403022
1230023
30044
4000301
1323002
423020
4000313
3020231
232022
3013103
3303020
4003202
340301
321200
3300140
103202
2003033
2312030
2002340
1000343
2303030
32042
3040220
2013023
402023
100001
3020030
23
220130
1022003
100010
302123
2300012
2040302
3200132
223031
2200022
12320
20213
20012
1130
1200320
3403001
2100032
103322
4230020
41000
3012320
313310
1310330
3003320
323003
3110
1022300
203042
400031
202130
1040030
2010332
1030010
22400
301031
2030402
313031
2030330
2010002
33023
2023031
434000
423002
4004
3033011
2103302
2000213
2040230
1033004
130001
3043001
20243
4004300
2320001
3103004
403400
10334
2012
2030000
1003103
3300104
3210302
224030
103013
343001
1400000
340202
1000130
3310130
20234
4000304
2203103
4300010
3022010
400133
200231
24203
4400030
1010330
320042
1034
101
1030043
221000
3040100
3021302
40400
300023
400202
2004230
2002022
2420030
3024020
130202
1330013
221300
2130320
330302
102233
3200102
3023021
33311
23000
3430010
300203
3230102
13133
230033
30110
103010
23222
3401300
344000
40100
302312
2202023
3130004
103310
3010322
1023302
3221300
1303010
3201023
400220
1334000
2133002
221030
322004
31304
3200000
2000324
220310
4010330
2323100
3113030
3210203
132230
4330010
2324000
120032
3001133
3300014
3000203
233210
301400
302132
40223
2000120
3011030
2023013
223010
230222
103400
202220
3032102
332012
30413
1230002
2103203
3224
2220302
3100331
101033
3013040
1310
2021000
1033220
40403
3023030
201323
323
3130130
133310
4202
30011
4030100
4000031
3102302
2330
2203004
1340
1310303
2020010
2000234
41030
4022003
1040003
3202310
103133
1100000
2040203
1030013
3022013
11000
2030300
1310030
3310031
11330
20420
1130303
1302200
3131300
1000100
3403010
3200402
320120
2432
4300103
4001300
1300103
1034300
3340001
404
4000232
2300321
2300312
1003202
204320
310004
1200002
220403
310022
331010
1322
1320230
320330
201023
304130
4331000
4300310
304022
3110303
10043
303140
