3200002
3101002
121000102
311001100
20020300
310021
320200000
20001121
110212000
1121101
10201000
32200000
20011030
120111010
30001102
110210200
101200120
130101010
30121000
210011020
2031010
32200
112021
420010
211000300
20020111
40300
1120111
111003001
112010011
110101
203002000
210020002
100030201
100120
220111000
100200100
3000112
101000101
11111200
11101120
1100041
11110201
310001110
1330000
12030001
21001000
20120101
400010002
2212000
100112101
2100202
200110000
210000202
3300100
221200
12301
2110012
30400000
20101030
100040101
100001032
40000102
12101200
12010210
1200400
220010110
31110001
2110201
310020001
21103000
21011110
301011001
101310010
100121011
402100000
210020200
10001230
111001003
40000201
110030101
110001013
202101100
3000103
1240
101010121
401011000
120100111
4200010
1000240
11100301
10010410
1001002
2010211
20212
211001011
1231
220021000
110001010
2000032
101001220
100204000
4300
100002100
111003100
210200200
102020101
10011310
101104
100120201
110002102
124000000
111031
200201002
110000230
101040001
10100230
122010010
320000002
301110001
100021030
210130000
300001300
202012000
301001020
100400020
100200220
300100201
12030100
200030020
30000211
12130000
3003001
101001211
131000011
20022100
20110
111101101
1010410
120103000
200210020
310000
3202
112300
110104
400010110
140010100
30101011
110001220
102001030
10010302
103030000
300000100
111120100
110011210
2030101
2001130
110100121
121002100
312000010
30001003
40010200
10000411
101101000
1040200
20100400
20002120
301000210
10030000
210003100
3101011
111021010
100001002
1011040
100114000
122000020
20020120
23001001
12000001
210010000
310001101
20001013
100301002
4111
2220010
310300000
100030111
101101012
211210
31210
210110110
111300010
1100311
21201010
22010020
21102001
111110110
101000212
10141
11030101
12301000
21010120
200000212
3100111
30031000
120001300
110000320
200210200
101020201
20021020
200111110
100000111
1003102
110120020
21200011
4000012
3040000
4101010
140200
11020030
2410
1212010
23010001
13000201
102020020
31300
110001202
32000002
202001020
201000031
11011300
40010002
4002001
420100000
100031110
101000131
100201000
13003
100004002
100110220
20102200
20104000
3003100
1100410
12100102
410000011
11401
2112100
13300
10200022
10010401
140101000
3021100
30400
20311
100112002
104002
12210010
100101004
211010002
102030100
21011002
10201120
2102101
301010101
301101001
302110
100010122
20310010
120001210
121100110
12310000
1010023
202201
100021
3030010
201001021
3030100
4010101
101011210
110130100
101040010
10102120
131020000
10311100
120100012
20103010
111010021
201101110
120002011
30000301
110111110
101000104
200400010
231010000
100330000
11001100
2010202
32110
11031010
201000310
103110001
1311010
112001200
110200012
2030002
4102000
3002020
100011121
10210030
402001
211101100
210100111
302010010
100020001
10102003
2014
11010040
130021
43000000
31210000
100402000
301012
104020
110041
2210002
10100011
311000200
221100010
10201012
210021100
102210100
112100200
100022020
10114
412
302002000
130210000
12121
10010131
210002011
13110100
200010040
111102100
100112020
110100022
200020000
30100003
1012120
4000201
10100104
21301
40000210
102031
121101010
1102000
2200030
124000
300100030
31021000
12110011
110010400
11000032
10222
21011101
120000010
103200010
202020001
110121010
311100001
220101001
10100311
10120
2002102
1000213
222000100
2101111
10111000
110102101
12110101
11021002
2100130
131000110
20300011
4300000
14001100
30100
111100201
12010201
10111021
10000000
20000023
1014100
2110300
200001004
1024000
11011003
2010013
310110001
110010211
11101021
10210201
2001310
1100200
100120210
22000012
213100000
221011000
11032000
1040002
32000110
101030002
12400000
101010040
101101102
1220110
32002000
203100001
1101220
1021111
100011001
12101020
1320001
1210102
2101201
201220
2113
10031002
2100010
101002102
200011120
2030020
120100003
40102000
10110100
12030010
202300000
200001013
202001101
1100101
10001011
1030012
220000030
2002300
310200001
120011002
100202200
10101121
40020010
10104001
103000000
210100300
110112001
22000300
30112000
331000
100040110
30100210
10200211
111100030
100011100
1200001
222010000
100000312
3012001
400102000
200113000
111100012
110100010
12010000
11012110
1011031
110011012
300310
111020110
2000140
211200001
201120001
11021200
220000300
100311100
201002020
3000400
113110
111000103
400010101
2002000
10012000
2002201
4100200
2000023
100210111
2210200
1220011
112101001
131010010
2032000
100002040
11310001
10000102
10022200
340000
10212100
12102010
10301002
11020201
201200011
103021000
100320100
311110
100102120
100011310
41101
1141
130030000
110111101
101102011
211000102
121100020
201030100
111000202
11200
101201020
111111001
203101000
120002020
21111001
10011121
40200010
320000020
20211100
20100301
10120210
102011110
1001410
20102020
231001
21022
200010100
110401
104010010
4010110
11000221
10202200
2010121
100201
240001000
30000310
12100111
101113
10123000
140020
20101012
10013101
201001030
14000011
103210
10024000
110012011
102100300
100200121
112100002
200010310
10112011
202030000
33010000
32020
200031100
20030200
311000011
130110010
31011010
14101000
102001210
2010130
400110001
300001012
11040100
10100212
10002001
1210111
21130
210101002
21101110
102010030
2112010
111010201
120211000
141000100
41200000
102021010
101111200
142000
100001104
101011012
301102000
120300010
11212
1111021
101010400
102000121
201101002
200100040
1040011
21003010
110310100
201003001
101020021
1120021
10003012
1001011
210000130
110001211
103200001
201002002
102110020
100012300
130003000
200011102
121200001
100000210
1110013
411000010
34000000
102010300
100001401
1002031
1000321
300110200
211100020
2003200
101013100
111003010
20013010
10012201
10011004
22000000
120020002
102300100
101401000
112101100
10111210
110300101
10031110
111010003
120012010
102301000
201300010
1001140
100400110
400000012
210022000
1010302
10101013
12021010
100010014
110230
20301100
121100101
101200300
2032
100102012
10020112
301100011
200011000
220012
11301001
100321
10001101
1000312
1420000
110201101
2022001
230000200
20201110
30111001
200310010
300100
211000012
101110021
12013
211120000
31000030
4200001
212000101
100030102
3010
101112001
10102
11022100
402000100
300121000
10010212
1101121
20100001
220001101
210102010
101211001
21210100
21001012
200000140
310002100
104000101
201000202
300120001
11100211
20120020
30021001
300010210
140000020
21102100
1030102
310120000
200001103
111121000
3000310
400111
10100101
40030000
310000021
2001103
100103011
100010101
23100010
10121020
11010031
310200100
301000012
104000002
2001013
100120300
11140
100122001
130020010
30011011
14200
1200130
1102021
220010200
20003101
3211000
101001022
100000222
4111000
1003
201201001
10110202
100400200
41020
100220002
101311
10310200
10410001
212001001
20000113
101001130
110001100
1001113
33010
1210
20010301
121000021
10111300
110221000
1200022
2110021
10130200
121003
102010120
12012100
10020400
300200011
120002110
3301000
201000040
14100001
2120020
11001220
21021001
300100300
20000014
11001301
10101004
30103
10014010
11200030
11002000
1111012
10121200
120031
400021000
40100101
20030020
311020
32100010
2013010
301000000
212002000
111001030
11000041
1120
30003010
33100
30000013
12010111
200023000
300030010
301001011
100120030
200200210
1103110
13200100
11310010
301010002
20023000
111021001
10100041
22001101
103010110
100101202
120100030
220001020
300130
11400010
1210000
200010112
301101100
120301000
12021001
110032
21000400
120000202
140100001
202000030
110002000
141100
200201101
11120011
131011
110010040
240100000
30000112
102001021
110023
313000000
120110110
30001021
2300200
2011300
131110
132100
101010310
401000020
302001100
121001011
121000
110001004
401110000
4010011
210110200
21111010
102002020
2000020
11220001
2012101
200101000
110201110
1002130
10230100
40300000
340
102030001
101010130
321000010
30010003
201110101
100030021
20120011
141000010
1033000
101103001
210000013
1003300
301000102
1110010
10021111
101310100
101002003
120101002
110101111
111112
11040010
100003300
220120000
4020100
20220100
10000321
301010011
20000110
111201010
101012011
10004020
111110101
201300100
100002400
20102011
20101120
2103001
20101003
211003
204000100
200230000
110300011
211012000
100220200
122100010
1300102
210040
200020111
23020000
210001000
114000010
100411
101220100
1020010
100003030
30011110
10031101
112001101
20111101
100010113
101021101
10010113
103000210
101000311
100120120
10220110
12220
100110031
1003030
10400020
102112
2202100
211111000
20011003
102112000
100042000
220011100
304000000
11000410
101100100
320000110
100110310
20002003
11011021
2003011
200031001
42000010
13001200
10003102
120200110
110002030
1131001
12100012
1210012
40030
10200001
310000120
210102001
113101
12002011
140001010
221000101
102200200
10321
201112000
20011102
200102011
102120010
20010202
22021
321001000
20020003
200310001
100100011
100003021
10230010
10201021
220210
220000012
100120003
32100100
203200
100031101
101200210
31000300
10114000
1210300
100311001
100210102
220300000
30020200
110000023
100101010
112110010
202021
311000002
120002002
3200020
102021100
11023
10021030
4200100
2100022
20030011
20113000
20000212
203011000
20221000
311010100
101200003
212100010
111030100
11001013
2100001
410000002
200010103
200212
42001000
40011100
100200310
204100
100122010
211
20100103
1000102
11001202
120110200
100410100
2400010
1201120
1001311
201101200
100000402
131100001
3001012
1330
100000102
101201101
130201000
30010000
10400011
20013100
103100101
101300020
102020110
1101040
20010031
2012011
112000030
112003
100310110
10310002
102220000
120130000
2023
11100103
12210001
121000030
300210010
110000002
101410
100041010
100031002
1100110
21001102
10011022
12022
300100003
200400100
1000120
1000012
11000230
10020121
210200011
42010000
41001100
2011003
300021001
10021300
300013000
300004000
10210021
100103002
1130200
1110100
22000021
301201000
200002120
111013
40110010
13012000
12000400
20400001
2012002
400001110
4120000
11210110
3100201
121100011
100010302
220000021
203020
20310001
30010012
1000021
120102001
200300020
131100100
103120000
3103000
100200211
2212
1110220
211000000
212000200
32011000
40110100
101010211
1140010
10
24001000
100000000
200032000
110020012
111120001
3301
3201001
23002000
300202
301110010
100000
203110
101310001
12011020
20021002
301000030
200140000
10011001
11001031
100140001
100101001
23100100
21001120
113010001
120210010
120020200
320011
201000301
100301200
100200004
200020210
100020103
3100
30200110
201001003
102210001
40001110
130010002
102200020
3004000
31102
40000012
200300101
100001140
40011001
1201012
110100001
41001001
200100100
214
1111102
111110200
200202001
110012200
200040010
100111021
21020200
121021
200300002
111112000
202100200
100021000
10001041
2021020
1003120
110220010
131101000
122000101
11110030
3010003
102011011
100400101
200002102
111011011
200410000
310100002
1200013
210000400
201001210
1101010
221101
21000310
22000210
400100020
20031100
201110110
10330000
103001020
11020003
1300
3400
100030003
300000103
10031200
211001200
10320001
110110111
202020100
20013001
1003201
111130000
210031000
210001201
3011110
12011011
13021
301300000
310210000
2211100
203010001
102101011
231010
10100200
110110120
300101101
220100110
10011040
201020110
102102100
100212100
410020
1040110
10101040
220002001
210010210
11012011
410010010
1321
2100004
210022
110200030
3112000
200000302
201010111
100321000
310030000
410000200
40000021
2031001
220000000
230100010
2203000
2000320
100104100
2002
103000030
20000311
201301000
300100111
300010000
101021200
2122
11101210
122010001
110014000
310101001
110000122
201001300
100002112
22000120
31100020
110001040
30210100
202100101
201130
31000000
320100010
201000010
1400110
101001301
11110003
20122000
30001030
201101020
100202002
100011040
21100
1100302
210400000
400002010
12111001
2020012
2300110
2110003
4021000
2111101
330100
1120300
210112000
21110200
10112020
1004011
31021
100002301
201101011
200101102
20110201
210112
204001
40012
410011000
302010001
11011111
11200210
200010400
101010031
101030020
4100002
120100102
30101020
102010000
3000040
102012010
210004
100003003
141000001
210011101
102101002
312010
13030
100000024
101202010
100004110
212110000
10120021
11001022
20400100
1101031
330010
200013010
20202100
121000120
2004010
3000001
110101003
101001400
100010011
2320
310002010
10001410
111001210
110301100
130100110
100023001
21220000
201002101
111200101
104011
2121010
20100211
100002220
13000003
113200
10100131
111001021
120211
10101001
130300000
300000220
130300
130111
220100020
104101000
20012011
300010003
301210
10103110
10101211
104011000
410001001
11200300
100100023
100010110
1110004
21200110
12020101
41110000
3400000
1210201
14001001
201004
112100101
111000040
400003
100011220
111002011
12011110
321001
140110000
110311000
1030003
101003011
2311
1001104
300300010
101300002
310001200
120001030
102001201
211200100
11002030
302000002
200000410
101000122
100101310
100004020
100113010
110212
10110001
400000021
301001101
220010020
100032100
101130010
110011
10040020
400000030
100000033
20110030
201011011
110120011
1103011
111000220
110122
211100011
41101000
1002202
40021
101020012
40002001
30100012
40100020
100100002
1112200
100
31002010
20100004
202000003
120002101
10230001
1203010
103012
202110001
22020001
210110011
200100022
13001020
310011100
21400000
200000110
20101
1013200
1113010
2101012
110013010
310000000
400000102
230101000
1210021
214000
1310101
11230
20101021
1002400
222000001
20000221
2011201
11010211
10113010
201010003
110023000
11104
20202001
3120010
212100001
113020
1000123
100111102
11001130
1102300
1102030
1222
11111011
10001122
2013001
131011000
121101100
201001
301030
12004000
110031100
201000103
120310000
200100220
100040002
10211020
21000100
101202001
401000101
400002001
211000210
12200101
100100041
100021120
420100
131002
100011112
41011
1110103
10300012
101111002
100220101
1000201
102111010
1001221
200011021
11102101
101011
21002200
2310010
100000141
200000113
10000303
120000022
103011010
102011002
101130001
1100122
200020030
210220000
1002121
30002101
203100010
110130010
210100021
312100000
203001010
20121001
2011021
20410000
130002001
103010200
200102020
101122
1011301
302000011
20310100
130010011
120000031
2013100
2022100
100410001
10100203
100000303
31120000
10221001
104100010
3010201
200131
11100112
10000042
1104001
300101011
110101300
220102000
110003110
2000401
13100020
100103020
100110004
200101003
113011000
122100001
12001030
100020301
410010001
10100401
12300100
120310
100402
300012010
13001110
102010021
420010000
103003
110201011
13020001
20101102
330001000
300040
10104010
211000021
1024
12001201
4002100
101301001
120300001
100100302
100301110
100011400
220101100
200201200
10113100
22
403000000
200301100
1200121
111010300
21200020
12121000
10030102
410000020
400020001
302100001
102002200
2111020
11100022
10220020
10001302
400000111
111111100
101200012
101101300
101011030
1113100
110211010
111011101
100000411
2113000
201021010
102010102
100101040
1312
120201100
210101020
22120000
110122000
120100300
310012000
101112100
100103101
1110022
102000100
101011120
100210300
300102001
11030020
110100310
30120001
10001203
110000020
101000020
10001014
112002100
31011001
20103001
1000222
40
20111002
40100011
12100003
10020031
411000100
20200030
120010210
1411000
20401
110002300
111011110
30202
10021210
1002100
102004
101022001
130100002
30200011
104010100
2030011
102000004
220111
301021
11002201
120022000
110112100
3111100
3201100
203001001
1002220
300103
20100022
100111000
30010111
20022010
41000020
21001
11203000
1210210
1022200
101103010
210200110
20020000
111012010
13002010
131001001
101004001
201211
20020
20110000
3003010
11311000
11031100
11120101
10100221
203001100
140001100
20201020
10000312
210000100
200220001
401002
101110
11011210
3021001
300001120
110031010
1011112
11210101
10200013
10002130
2001004
21004
210002110
101011111
4000003
2200111
100110103
20102002
400100110
111211000
12310
20112001
10000213
2001202
200200111
21100111
103111
301102
11000014
1201003
203100100
4010002
202030
100022110
110140
110201002
11011201
1010011
120000220
103300
11011012
1202011
14000020
400000
10210120
1203100
311110000
10030111
21110110
202011010
201111001
2140
310100101
301020100
20110012
221000200
303100
200230
100100320
111020002
10013200
10020211
200001010
10122100
101003020
12103000
100111210
101100022
10121101
1001131
402001000
400010020
20014
1101013
21012001
112000210
110040010
120000130
101201110
11100040
2210110
30120010
20130001
20002102
12100210
20014000
2000410
301000201
201040
1010113
22010200
11002102
213010000
102001003
101100010
110003011
101104000
30002002
31102000
210110002
3002002
301201
31200100
211110100
32101000
220020001
202010110
1402000
1302001
1301011
1003012
200003002
200004010
310210
2211010
1121011
210111010
2002210
201004000
200020201
3013
1102210
1201201
1012012
220110100
41000011
120010
12211000
11203
110101012
41000101
103201000
401110
100000321
2201011
230000011
100111030
100110040
110201020
12300001
10013020
200203000
110030200
20302
30031
1000
4001020
122200000
202100011
100111
11211010
12102001
230010010
10011130
130200100
21110002
111110011
2104
202
110410
200002000
112030000
42000100
31
101220010
211010110
101401
101001001
300000004
10014100
11100202
1030201
111040
13002100
1023001
2011102
100010002
23002
11210002
32001001
21101011
20120002
110012020
1004110
100310002
211110001
230200
100101130
111200002
31300000
310000012
10103002
20012020
400100101
300031
11100100
11000113
40011010
211012
220200010
110001130
140011
2120002
22001200
20010022
1002004
112011100
210100
23010100
210030100
120011101
40111
12040000
1004200
400101010
42100000
200200030
100020010
32010010
12002002
101110030
102013000
11101030
412000000
220110010
30110200
2020300
2003002
100420000
31200001
21031000
100000030
32001010
110200102
110020021
13110001
1011022
23001100
30020020
202201000
112010020
11220010
300111100
31003000
1111111
100100200
10013110
110030020
102300010
311000020
110203
11100031
101100121
12000211
12010012
310003000
301000111
30102100
104110
100020310
1012
120022
200111101
230100001
114000100
10330
4003
14020
4021
11100121
110230000
3000202
21001201
10001311
20000203
41000110
200100130
1002103
211300000
200030002
20010103
110112010
100100140
40201
20210110
10121002
211100002
310010101
13100101
4120
111000310
20100130
1011202
220020100
21110020
100141
200041
100210210
11410
101041
202002100
302101
210121000
212100100
1000033
10010020
200022100
110300002
101101030
2000014
21103
1031110
112100020
10004200
2200012
100021111
1021003
202000210
12100030
211002001
121200100
20010220
10030021
120040000
3001111
210310
10011220
2010001
201000013
200102200
10110031
4002010
310000030
21211000
120010111
1110310
10011211
102030010
100100230
200001301
21010012
200002210
111110020
10400110
200021101
12110020
20100100
201031
400000201
201400
21121
13010002
12000010
120001
3120100
200040001
210011002
120120100
3002110
100013002
1120030
111000130
200301010
400001200
11101012
23000110
210010300
101000401
102111001
100013011
43
200003020
32000200
111210010
20010400
30010120
210000031
210012010
20010211
3210100
1000300
13102
300010300
210002200
21020011
210210010
10010104
101410000
100300
1030000
23110
10010122
303010000
102111100
3110101
10020202
120100120
430000000
31000003
100400002
11111101
110010022
120000121
1011100
410200
21101101
20110120
221100100
31010110
20040100
110001103
2102110
101210101
30013
111000301
221020000
23000011
200410
100101112
200010220
110100040
113000020
210020110
201200110
12003010
11013001
21100021
300022000
221001100
101000410
102000211
10401100
200012020
2110120
230000002
120000211
10300
111002101
100200202
300100021
1130011
1011121
22011001
400010200
100013200
3121000
101002000
211000
10110103
20211010
1002022
401010100
120102100
12002020
110031001
100401001
11030110
310011001
20002210
11102110
200030101
20200000
101110210
112200100
11201011
10022011
2130010
410002000
311010001
210000112
100010320
100020004
20101201
211030000
20000131
300002110
30003001
302002
200010004
110102011
1000210
411010000
303000010
110021020
30301
31201
100132
221001001
110020000
201002110
22011100
100210030
200201011
211000120
1101211
13011001
200000311
240010000
11200021
2011012
113001001
1020001
1011001
330000010
20030101
121001110
110020003
10011100
101030110
100130200
200020021
400000000
40003000
10000201
10110004
120003010
21000040
10200112
230001010
300111001
100031011
102310
20130010
10131001
3100012
40111000
110000140
211010020
100100101
4030
12100
101100031
1020100
100111300
30111100
220021
1020022
132001
11004010
210100201
10001401
1012210
100021210
110000302
10111120
11112010
301001110
300130000
103001101
22000
300000121
40101100
110011030
103000012
100022011
10033
1303
200002021
201010000
131000002
22002001
1131010
12020200
12000103
1002040
23000200
2001400
10132000
12400
111001102
101100112
40020001
21000001
30001120
11201110
20100013
2211001
121030
1100032
1302010
110040001
200300110
101210002
13000000
131000101
110102110
100004101
111001
400012000
210211000
120000301
111220000
301001200
101100004
12101011
100411000
120200101
200220100
200320
11020111
10022020
10022101
11020102
30001201
201202000
101014000
14011000
2101000
100200031
100211002
30220
400100002
202200001
24000100
10000222
1201030
100110010
113000110
10000330
103100200
1100113
110110210
10042000
2021101
203000110
101320000
11002120
220000102
11000311
2001211
211101010
201001120
300012100
10132
100010200
110111011
202100020
400201000
122000110
10202002
10000420
21100000
100012201
220100002
130000021
100130002
310111
200211001
10011010
200030110
120300100
10110310
100104001
211100200
3010102
311001001
20111110
31030
22020010
1001212
31010200
110002210
102010210
10402000
1310011
22300
111020200
21220
111100003
10001221
10111102
11201101
21210010
12120001
200000203
13000012
200001022
114001
100102102
330000100
2011111
41100100
30010201
2300020
104100100
1312000
200100211
113010100
22000111
42100
21013
100210003
11400100
11100130
300001003
111013000
3002101
201012010
200032
410110
101102020
421
400020010
110000203
30100102
400200100
300011101
110022100
100222
22030
140110
320000200
401101000
11002012
1102
20200012
20031010
30110110
120110101
3002011
211001002
220
301000003
40120000
10300102
210103
222001
100000300
2000011
103030
200311
201103
100000420
112120
10302100
110101030
1003000
1022020
101100103
30012001
1003021
100100032
2011
211000201
100101211
121111
320101
200010202
21400
4000
100011022
100001221
202100002
112111
11000320
31000021
100110400
300121
10041100
41100010
2401000
201200101
201021001
12020110
114010000
22001110
110200210
12000022
1020040
10303
130010110
22201000
10203100
11020012
111100000
101110000
20040010
112020010
110102002
101012002
22100101
12002110
10320010
10203010
30121
110120002
4020010
3211
20000140
1222000
202200010
110102200
10021120
402010000
310001020
104101
102040
10113001
2020102
11001004
43000
1104010
113000101
120001120
202110100
11100310
21000220
10311001
200320000
22000030
20200003
2003110
102002101
112030
22100200
101023
203000011
220210000
200203
100102210
11110102
22102
10101010
10202011
210202000
2000212
42001
301110100
300001210
210003010
200021011
1030
11011
410200000
100303000
10000402
400210
12010120
12000004
120010000
30020101
30002011
210120001
30112
1020400
200200300
33000100
20200120
2010112
102003100
4201000
201102100
1120000
121020100
20212000
101200111
10204000
201100111
310001011
11311
1011220
11010010
101200201
2300101
100001320
210200002
20003002
102211000
102000031
100121002
111220
201130000
100000003
10122010
12000121
10011202
2200021
32000011
112200001
30011101
100001131
101302
101010022
100110121
200211100
320100001
121300
1001302
2002012
400030000
123000001
12103
100000012
110100031
11002
211000003
120001021
110001112
102000220
3310
11101111
410000101
120000400
1200004
20000302
100021021
101000221
32002
100121101
100000201
111000121
100122100
112100110
100101022
20002030
110104000
121010002
103101010
300100012
10130101
11020120
100030000
110203000
30001111
11300101
140101
210100210
113002000
20300020
40100002
12220000
201100201
232000000
120220000
200101030
112003000
10030003
110110003
1013101
1111210
130000111
201100300
32100001
12000112
212010010
111001120
210000001
2000101
302200
200101210
110103100
12300010
302000020
23000002
12000100
130120
110032000
20002111
130000201
102100000
100111120
100201012
103000300
20300200
10200121
121011001
1201210
1000231
110101120
11101
20000200
2121100
20122
102130
400101001
120002200
110131000
20101111
3220000
200010010
11212000
1200211
300101200
130200010
130100200
120112000
10240000
1031200
21001021
300000022
300001021
201031000
100211101
100131001
110101210
10112200
2021011
230200000
202011100
111012100
110301001
110200021
10001113
100112200
21021100
11110000
10000240
110121001
120010300
120011110
2200000
101011102
101001100
100100014
402100
100100221
400200010
400011010
3020002
2000110
110400100
11012200
10102210
1311001
200002003
213001000
1022101
11200012
120101011
40003
100010041
1220101
400300000
131000020
11001112
10020301
121000012
30020002
300112
10120000
101002030
101210200
40000030
210002020
11110111
101000014
100102000
100040200
310201000
211001110
11202010
12100120
31000120
110000014
200021002
1204000
400
11000110
121020010
10001320
2040001
100320001
111002200
10021
20020201
120020101
100201111
103000120
300010021
12201100
100213
110401000
1030300
200014
10102102
1200010
121110010
201030010
202010200
14110
20400010
12120010
200000221
121210000
20131000
11113000
22111
11000212
13010101
121011100
110300200
103002100
10400101
101010004
22110100
100011103
210010003
200011
1010020
22002010
10041001
20110021
1001230
110200000
100230001
122001001
201000004
20201011
110003200
201010120
111400
12200020
21300100
20010310
32000020
310011010
2002021
100041100
300003001
300011020
210011110
21100300
204001000
400111000
302200000
202102000
120103
102020011
30022
204010000
200002111
200400001
200110120
401000110
110002111
101010100
1103020
201100012
112000111
102101101
300022
100200013
100004011
11012101
201001000
100220020
120003100
210000121
31201000
111111010
120010201
310003
202003000
230100100
102002011
211102
10120030
100000132
1020130
101020
310000111
220200100
110010301
100202011
3004
10200010
300000040
201211000
220000111
20110300
100020130
21010
1110202
40200100
2102011
30021010
31003
1041010
111010
21000004
302110000
200111011
210000040
3000211
11401000
100002001
40200001
112002001
230001100
113000002
2112001
30010030
20000020
2020030
102004000
3002200
2000041
401100010
310101010
111011200
11000101
110012101
100201021
100023100
201000211
100201300
100010020
40021000
31001101
110001301
30103000
120030100
202101001
300100210
211001101
10000132
301100110
300102100
210002002
101120002
100003102
10110013
22000003
30002200
30202000
30120100
102310000
202001002
2001121
100123000
300000211
13000111
101013001
1230100
202200100
3101101
100013020
100000120
112102
201202
320011000
212001100
102201001
1003003
103001002
301001002
2001112
100202110
11300020
103111000
210110101
24000010
130201
100003012
40001002
1011211
12010030
2022010
103001110
300100000
201210100
1032100
20100112
22012
300220000
220200001
300211
11002300
111002110
40001020
10001023
1022011
3010030
3001201
220100101
100002121
300002002
121000000
14010100
200101012
10101130
10040110
202000000
201000121
101030101
101004010
11112100
101110120
111001012
100120102
210000220
104001100
2100100
10002121
21100102
4210000
112201000
10104100
10103101
11010310
100231
202000111
112000300
10012
100201120
1200103
1002013
213001
110020102
30100000
3110200
2221000
411001
101120020
110002
10201
410020000
311101000
20000041
121201000
1000114
111000031
10002031
401200000
20001130
120110011
3201010
121000201
200000401
113200000
30002020
102300001
1013020
2020201
300201100
310101100
201011020
100203001
1310020
22200100
10032010
10110010
220101010
111021100
1200031
1012003
1111120
4
122001010
2301010
102020200
2000200
133000
130011100
32020000
123100
1110001
10210000
12001120
21010102
1101022
201020200
11003020
3101200
102110110
1100320
10101022
3010012
220010101
40201000
101102002
11110120
3100021
300112000
212000020
31100110
200010001
14002
101100400
302001010
120201010
100030300
121100002
121011010
2021110
102101200
23200
400101100
200201110
20100010
1202020
100010140
34
201000400
100002004
1221010
111010210
10011400
10012210
202010020
12010003
10101100
21101020
2201200
210001210
2301100
11020300
30000121
102000301
303010
111310
112010200
21202
1202101
11200102
212200000
100001110
120120001
200110
31120
2010004
102021001
30200002
10003030
130110001
102400000
201001201
201120010
1211011
14010001
23200000
210300100
1000402
100001113
1020004
300100120
100303
21000301
20120200
30100030
13210000
102002002
1001110
101010013
20001031
210301000
30010300
13100110
20410
100001230
200110021
21010300
20111011
20401000
211010101
10400200
100010212
1102102
200000032
100112110
111301
301012000
200104000
211020010
101120011
20004001
1200112
300200101
110010103
211020001
223
212011
23100001
120201001
300020110
240000010
1100230
20101210
103020100
100203100
102130000
102000013
212002
400210000
20010130
20021110
230020
100012111
11101102
10012111
22111000
31001110
212011000
221000110
104000200
2001220
10130002
100002130
100014100
401100100
1010203
100110001
200102002
100104010
1012111
11010103
12000013
41000200
102201100
311001010
30010210
201003010
13000
10210210
10013002
321100000
200001400
2030200
13000210
211100110
201021100
10100023
22100020
20201002
120102010
24010
1410001
102210010
31000102
10023100
20010121
11010301
110021110
1114000
102001012
20001211
3011101
200100400
2000311
230101
22003
12111010
10102201
1023010
1001200
4100020
223000
100001023
100113001
101230
11202100
123010
110000032
20001112
202111
1100131
1101301
400002100
3100000
101100013
1002310
132001000
102011200
101001040
311011
10002211
11021020
400001101
300010102
1010200
300111010
101011201
320010010
220002100
1300300
11120110
300031000
201010300
11003110
12211
1110031
20201200
20021011
2103100
201111010
1311100
100301011
101021011
12001000
10002103
1020112
22003000
2001010
3202000
111102010
401001001
1121200
201100021
21001210
240000001
40100110
123001
120220
101320
12001111
103200100
102000010
101111020
101001121
102121
10003201
200111020
20101000
100042
30100111
120011020
100102030
110131
21001003
10000204
303000100
23000020
101020111
102000202
100121020
11020000
110100112
21210001
300002101
130200001
121012
110003002
202020010
201101101
2011210
213100
11100010
200011201
213000100
220120
220201
12112
400012
30001000
2023000
202000120
41110
3031
300001111
30030001
103001200
111301000
101140
20002
111000004
10200400
100033000
210001003
102100210
120200020
100130110
11103100
12101101
10140001
2202010
201110200
131000200
2010031
1012021
11301100
110210101
40110001
10040101
10120120
32010100
220300
31002100
12011002
20000011
100100131
20102110
102001111
202300
11100013
200101111
310021000
2111011
201100210
201000001
411100
200120200
103000111
3001000
101000113
30010
111101020
110103001
10201210
321010000
23011000
1320100
100041001
120013
110011300
3020200
210001102
300010
111020011
101110102
1120120
100141000
110111200
30300100
20030002
120003001
1111300
1210003
110311
214000000
201010030
21120001
11020
10100113
1300111
13101100
100020040
1112020
10111201
110110
401002000
110011120
210020020
101030011
2021200
100300201
31012
10321000
112210000
130101100
2101300
1300210
200000020
102100030
4201
10100122
10202101
2100121
10024
131010100
2320000
12002101
10010140
200014000
110040100
120001012
20110111
1010041
101010112
10112002
203000020
203010100
110010130
210010102
232000
220003
12000130
10310011
230011000
13011100
20210101
312001
210001111
101012110
100230100
2041
10102111
101010001
201040000
140020000
13010020
101200030
200020
110302
101022010
311002000
130120000
201001111
2010301
300021100
110011102
2040010
310200010
1110112
101021110
114000001
100310101
100100122
100031020
1220020
310000300
121000003
2100103
1012201
140010001
1300120
101210110
300000001
100100203
101002300
1410010
111000013
122011
21000112
21010003
11121100
222010
100012012
11010022
1030210
110200120
300010120
2220100
10041010
10002112
1301200
102100102
120001111
3100030
12100300
12013000
2010310
300020011
104200000
122000002
100100113
1010311
1021000
1120210
10220002
1200202
112001011
20003110
2011120
103102
132100000
141001000
31010101
10131010
11014
400120
220030000
400100200
10042
31101100
301200001
300004
111002002
10000024
123010000
210000211
200120002
100021012
11121010
20100031
110200111
101020300
2110000
100132000
300120010
21202000
10101301
113001010
40100200
100010410
21020101
21310000
102040000
30004
100000204
1100104
11000011
12001021
110021200
101020000
100020112
102013
200000023
101010220
10402
1101100
10013011
2200210
230110000
410101000
22010110
110220100
10111012
2001301
200112100
301120
100001122
100001212
10001002
300020002
100140100
122011000
131010001
112120000
101000230
100211110
11002003
114100000
13000300
13010200
10310020
21201001
2201020
1020013
121120000
21102010
22001002
10012102
220201000
101200000
120000001
430000
100202020
200301001
100103110
200302
211100101
123000100
20104
21030010
2102002
110202001
11200000
100012000
1132
31020001
3120001
131200000
1111030
130000120
20112100
1000141
100211200
111101002
2101
100003111
401010001
1022002
13012
20100040
10212001
100200022
241
11000200
21021010
2100013
200030200
201020101
11103001
1020301
10120012
110001031
221101000
30030100
222100
200121001
232
23010010
1001020
30000001
200100013
3100300
3040
12200200
100011004
10221100
1101004
100011211
20001310
201100120
20102101
10021000
3100102
100201201
102220
1004002
100010230
430
210200020
21130000
130010101
2201110
200012002
30040
320110000
200010130
101120110
13002001
30110101
100021201
11000302
1001401
300000031
210030010
101000110
103021
120210001
200110030
201121000
2001100
200100031
111002020
21200200
1101103
40012000
20000032
102000310
110021011
303100000
120004000
100020100
200020120
101100220
102010012
200120110
410011
3001003
100312000
100121200
100010023
42010
13001011
120030001
40101010
100420
411010
1400101
1112101
10002010
200300011
120010102
100221010
110120101
21301000
30210010
20022001
121020001
301210000
100240000
102301
200110210
100004200
100101031
1300201
202012
22030000
112001110
120111001
10112110
1240000
10102000
10010023
10010011
30000100
131100010
11200120
2011000
220030
11120020
3121
1101130
10032001
201013000
30101101
3100210
101110201
11220100
13020100
140000002
201012100
112110100
200210110
132010
102010
1201102
103201
204100000
4001110
31110100
210011011
32011
1042
210201001
10100110
31030000
130020100
2002120
11000002
1301020
1041001
223000000
11111110
20001100
100102003
200010301
30000004
21120100
200012110
110410000
310020100
3000121
101212000
1201021
230020000
320000101
200202100
101210020
301100020
101301100
1012102
301003000
40210000
301000300
110013001
30220000
30200200
104000011
10110211
2101120
300010111
123000010
41001010
20021101
220000201
2140000
111200110
111000211
212010001
1020211
331000000
212000002
20020012
11121001
10111111
201011200
100001101
10100410
104001001
100012
101113000
31010002
120001201
100110211
10103200
10211200
111010120
11000131
20020030
221100001
1020202
200101120
1103101
1010101
10002013
10002022
410010100
20000320
101001103
14101
22110010
20220010
11010121
11010112
121000111
111010030
1001041
14100100
301100200
221010010
100001302
101012020
20001004
210310000
120030010
12111100
200200102
10312000
42000001
120000040
3200200
20003200
311200
11300002
203020000
300101020
1123000
12200110
10110121
101001031
101001004
210010030
101004100
301002100
202000201
100201210
1033
22000201
11010220
300001000
120110020
302001001
200022010
110103010
110200
10020310
1030120
130100011
302100100
212101
102202
200110111
102000103
11000401
140200000
201002011
311020000
21111100
3200011
201020011
204010
1040101
103011100
302000101
30210001
121101001
101031100
201102010
200010121
3100120
130001110
201110002
10002220
403000
400030
100001041
11010400
401020000
20002000
110210002
1010212
13000102
2100310
121110001
100200040
201020020
101010301
10004011
10000231
13111000
212101000
112210
101102200
1201300
121120
101201011
201111100
20030110
400001002
20004100
320020
10130020
420000001
301111000
11014000
101021002
12012010
4001200
112000201
110010202
20002300
1012300
100200400
100140010
4000021
203000002
101110300
10120111
210210001
110020120
110004001
221001010
101221
311000110
30012100
3020011
31000
10101400
40010011
130000003
310111000
210003001
30011020
301200100
114001000
1042000
121102
111310000
120210100
1032010
110110021
320001001
101001013
201001012
11100400
1021
420001
300030001
120001000
100012003
111121
21003100
202210000
201011101
100003210
100000123
2100031
110002201
140000011
2110111
103001011
2000203
4210
21000130
21120010
220011001
201030001
2210101
10012120
31100011
2002111
103110010
401101
122101
133000000
2110030
20011300
130030
11300011
100211011
11102011
11302
221110000
300000400
2100040
2130100
30100201
120110002
22210000
102100111
2003020
2001040
1103200
300200020
112300000
114010
12201010
102200101
10220200
120000004
211120
11310100
100000213
1000420
110010001
113020000
30000040
101011000
330001
200122000
13102000
30001012
3022000
202010011
2011030
1122100
112000
103003000
200000230
110110012
2203
10200301
1002211
420001000
200000014
1000111
10003
22100002
20100202
10000030
202101010
220110001
20112010
101000023
200120011
1102003
330010000
302011000
200200012
10301011
300000013
130010020
14000200
100014010
11210200
2400001
211000111
210120100
21000202
401100001
1130110
4000000
210100102
11001400
101020210
40001200
411100000
30004000
11302000
11300200
131020
210013
200011210
102110011
31000201
20010040
120101110
211011001
102110200
30310000
2004100
122200
30001
1130101
121200010
101220001
1010014
200001130
102201010
1212100
1021120
110011111
11001310
110012110
202002001
300012001
1013002
200112001
21031
20200300
130101001
11022001
100302010
200103010
401020
111001300
101100301
40002100
2031100
230110
2120011
100401010
101200
2122000
1121110
2302
2101102
420000100
1300000
3020110
100320010
101032
21011011
10112101
400001011
10300000
2030110
130003
10130110
111004000
4012
300000202
220001200
102100003
112012
12000040
10310101
20012002
2103010
200003101
312001000
121102000
1411
1001023
11200201
301010110
221002000
100100104
100012030
30130
101100211
31001002
21010021
111040000
110000110
2201101
2100112
1000330
103000021
100401100
10410100
20011
104200
120400000
41002000
1100401
3210010
100101100
22102000
20000230
30000031
23020
101013010
11101003
2010220
410110000
110002003
112101010
100100020
200002201
101100001
100221001
10210111
211020100
3000013
2001022
110200201
100011013
3130
11210020
1211101
101140000
310002001
320200
21211
110100202
211021000
3010000
14100010
10120003
12202000
240000100
231000100
202120
330000001
120101200
110041000
20001400
100301101
1104100
22201
22000102
230000020
110301010
102100120
20320000
110020300
311101
21011020
3210001
2301001
300003010
202120000
100100212
10140100
111101011
1110301
100011031
110110000
102011020
201011002
322000
101002
13200001
101203000
4012000
101230000
102002110
32010001
10401001
20020102
200021200
30000103
111010111
110101000
2111200
101000041
203101
100002310
130110100
210001030
10102021
120112
100001311
110320
101101120
1011013
1201
12020020
103011001
200100310
10010041
100312
301000120
100101400
111020020
200001202
110113
213000001
120021010
23101000
120101020
4011100
10101202
400000003
321000100
2110
10004101
301100101
220010011
200111200
101111101
410101
1121020
102103
21030001
200401000
300011110
2010022
101210011
111010012
30020110
3010210
3021010
10203001
11003002
10211002
24000001
202102
421000000
330100000
11200111
1112002
22001011
121300000
100220011
201100003
21013000
10000003
40000
300020200
200131000
100020031
100002031
33000001
100220110
240100
1130020
211002010
1112011
1021300
2020000
201003100
310120
1202110
10200130
10031020
21100030
111200200
301002010
1112110
111200011
1010110
12011200
110010013
130111000
102010003
12110002
10021021
1004101
140100010
111202000
4100011
2120200
11012002
310000003
30020011
31110010
102121000
1400200
23011
110110102
4000102
200000011
31100200
2310001
120120010
101000011
300110002
100111003
40000003
120011011
201000130
100130011
1213000
101020102
302020000
401000011
12001210
2130001
132010000
1231000
111022000
101014
400021
110010031
20011210
202000021
210002101
30001210
102202000
101030200
410002
1123
301030000
13300000
12100021
11130010
10023001
2000113
1321000
34000
110200003
14000101
100202101
101202100
40020100
111100300
14000002
210201010
101000200
101002120
1031101
320001010
110300110
12020011
10020022
310102
100021300
13003000
2311000
4100110
13100011
112100011
100101121
300200002
200021110
10011301
313
30100021
131001100
20302000
103010002
4110010
200120020
100000042
230002000
122001100
2004001
210031
2200003
200200
11111002
10020010
200000104
210000022
102010111
104010001
1010320
110101102
12001012
10020103
300020101
104000020
200130010
10103011
10201030
10012300
1000024
101200021
130000210
104002000
12021100
13020010
10200103
1202002
200112010
102010201
200200021
22010002
20200021
4001002
240010
120100210
203200000
20230000
100011130
112110001
300202000
111400000
11221
10102300
1002112
301010200
201001102
201000100
301
1010032
1120102
10021102
101110003
102031000
1130002
211101001
122101000
302011
101031001
400011001
110030110
3112
22110001
10040002
1014001
121010200
230002
21002002
10020004
1310110
2230
120000013
10111003
3310000
13100002
201010210
100022101
220001110
401001100
10210300
101131
21112000
200100112
10311010
200011030
200011003
200110201
22200010
120130
1
10122001
300002011
31101010
300000010
30000202
123001000
213000010
113110000
130001002
121110100
200113
301120000
100000114
10212010
10012012
100010221
22100011
110140000
101121001
200001112
210300010
210120010
1201000
12010
20200210
303000001
300400000
1103002
10101031
1020031
201013
2020
110013100
200200003
20300110
211300
100410010
100110100
12000301
20201101
10031011
202000300
30011002
212000110
1114
211201
201100102
101203
10002400
1102012
310100200
20203000
101111011
111130
101101
21001030
411000001
101300101
310020010
110030002
110001400
100024000
11102020
110100103
200212000
13000030
20120110
10014001
111100111
24100000
200010013
11003200
1023100
41010001
130000300
410100001
1000042
100212001
13021000
210020011
2310100
1030021
14110000
2300011
21000010
10030120
1220002
21002020
210040000
100131010
100100401
20032
1100023
10011031
211000030
100022200
101200102
200021020
10211101
110101201
12000220
20110210
401000200
310010020
123100000
201000220
133
110210020
11041
40101001
320002000
300010201
1020310
110010010
20220001
11010202
12040
10410010
11010001
110022001
11102002
1010230
200210002
11201200
1220200
10300201
140000110
121111000
103210000
2014000
21022000
231000010
110111020
310010200
11110300
302100010
10021012
100300300
400000210
110000131
10000111
102000112
100020013
111022
201400000
10003300
131002000
1000030
24100
23101
12010021
221200000
200221000
200100121
10120300
22120
4001101
2101210
1401001
200100301
111200020
101032000
200001001
120000103
121010101
101003101
201310
100100311
200140
40120
201012001
200002300
20003020
1100140
11110210
40002010
10110112
2200120
13210
111100102
103010101
200401
201210001
13111
220011010
103100011
101003002
1012000
121001002
210111100
4030000
101001310
1132000
20221
2200201
200000122
102001300
100112011
100111012
10202110
1021210
10010320
200101300
3020020
202021000
13201000
111000010
111011020
20010010
300001201
10000141
210004000
210001012
101020003
102001102
12010300
10002202
200003200
211003000
1031002
1000000
12000031
320010100
202001110
220001002
110004100
41000002
3100003
312100
111000001
400120000
30300010
21010111
2131000
1401100
1221100
141010
400000300
212020000
4000120
130012
142000000
101011003
10411
10123
3030001
202003
100001200
111202
12010102
10300120
30010021
1030111
200004001
11023000
311000101
10401010
103120
21100012
210001120
241000
101300011
201010021
10101112
22012000
120004
100222000
204000001
101023000
11122
10201102
10110040
112002010
300000112
102200002
200002030
200110003
222001000
120011200
100300120
420000010
200040100
101101210
31020010
13000120
2001031
102102001
300020020
200020012
201010012
124
10100002
1211002
12001300
12003001
110211100
3110020
1230001
1030030
202010101
2000302
2010100
211030
100114
340000000
23110000
30102010
100200130
100002022
110020
31000210
20210002
122020000
33001000
300201001
1002010
301011010
220100200
120200011
130011010
20200102
231000001
120202000
101301010
301111
101120101
113011
230000101
210100030
111210001
210220
100111111
20140000
310300
200100010
100020022
1010140
300011200
110000011
100103200
101130100
100020211
21040
22011010
10010311
310100110
101101111
1102201
10222000
130000
100201003
111020101
21011200
310012
131110000
310102000
2000122
100020400
100101301
11201020
10020220
111012001
130011001
2111002
3000010
10221010
10301200
10010014
10001032
12004
120000112
103100110
1211020
30201001
11004001
100211020
311002
1101310
10001212
220000
100100410
400201
101002201
320110
22020100
201301
30110020
100101103
201201100
112102000
100110202
112200010
40001101
14010010
300001030
300101002
24001
102012001
200000041
103100002
12202
11110021
322000000
300103000
10300003
101100040
22101100
112000012
300210100
211002100
12022000
21000013
300021010
3111010
20203
130001011
110000410
4110001
100203010
102400
3102001
202111000
400100011
13101010
22200001
200102110
11410000
1402
11010100
1120201
13010011
320101000
200000200
2302000
2410000
3000100
100130020
101011021
21000022
121030000
111110002
210301
12001102
10302010
110020111
10000300
200101201
11103010
110221
320001100
110020030
2131
1031020
300310000
11021110
100300210
10100020
20031001
100120000
320002
110000401
201200020
3000301
102000022
100210000
22101010
300011011
110302000
1102111
112010110
121201
1320010
100123
200100004
201100
30200101
203011
110100400
20210020
10021201
211102000
113000011
10002310
21100201
210001
120200002
103101001
20000401
30000010
110002120
200211010
202000
1202200
10030300
130001200
110011021
111100120
111011002
10002100
2200102
110000221
20000122
311100100
13101001
210000310
210001021
200130001
200221
11030200
21310
141100000
30021100
20130100
1100203
100011301
11104000
11004100
110201200
210121
12001
2000002
102000001
1400011
13001002
130100101
201300001
10303000
120012100
201210010
100011010
100001014
21001300
203000101
112111000
10110022
100210
100131100
100023010
113010010
130001020
20011000
101100130
10100140
10011112
10120201
101311000
3001300
102101020
300000301
41010100
3011011
210100012
11202001
410100100
310000210
110000200
3110002
3111001
101120200
10300210
2102020
100300000
312000100
112011001
211010200
20000410
21110011
20011201
1122010
100300111
122110000
200121010
101102101
10202020
402000010
200130100
100102021
210000301
101102110
210400
10100014
1010002
21010201
1200040
103020010
300220
21002110
104020000
110120110
100300021
11130100
111102001
100110301
110202100
12000310
200001220
110010100
10301101
212020
311200000
201022000
200111002
321000001
10004110
113100100
1011103
100210120
200030011
311100010
101020120
12101002
3010120
111201001
21002011
310110100
202100110
111030010
122002
10040200
10020040
10033000
203010010
100200301
100003120
2210020
1121002
111001201
20020210
21010030
20021200
200001310
20121100
221011
231100
111120010
110000212
101003110
3001021
100302100
11111020
1010122
200020003
220020010
210010111
2041000
1111003
200012101
112011010
110010310
201100000
320100100
101122000
100221100
100030012
100014001
10200040
10030210
221000002
20001040
240001
102100021
121002010
2201002
110030011
100210201
121
10101103
1100011
100240
33000010
120031000
101002012
310
20210011
103010020
200104
40210
1013011
1101112
100012021
21000121
10200100
31010020
104100001
1211110
100111201
100002202
1013110
10231
10200031
400200001
301300
10011013
20001022
113001100
20101300
3011020
301003
20023
10001020
200001040
33100000
2102200
111001111
100400011
100300102
1002301
210202
120040
111100210
120100
210103000
132000100
30000022
110000113
100011202
1221001
130000000
410000110
10301110
210102100
101003200
1011130
122110
11013100
222000010
221000011
1001203
400102
100110013
12011101
100121110
1140001
11001121
10110220
11002021
30000130
10001110
1211200
1011310
10200202
3101110
10130011
100001020
1212001
210101110
210021010
112000021
110010004
1303000
2000131
120111100
120001102
11110
1100020
12000202
140010010
300200200
112000003
20011012
10121110
111004
10010221
1031011
110021002
20311000
2000221
100000240
1110130
111010102
1020103
10102012
4101001
220002010
210000004
30110002
101100310
10020001
2101021
140000101
20110003
10003000
30111010
211011010
4000030
104001010
13100200
201310000
200121100
20230
21020020
200220010
200103100
200122
10110130
10210
3010300
2012200
200013100
101041000
100020220
100010311
100110112
40001011
3200110
4010200
30101002
110000104
103002001
10030
1010221
22010101
101110111
120020020
102102010
230011
200022001
101121010
100001011
1110211
300102010
130102000
1102120
1021012
110100301
110101021
21000031
210010201
13120
12100000
2111110
102120001
1300012
11020021
400000120
101101003
31012000
200201020
2220001
10001200
121001020
2202001
200003011
30022000
110010121
3011200
200101021
300010012
20103100
1002001
10411000
2300002
30030010
111201100
110210110
303001000
301010020
10141000
113100001
100012102
331
230000110
140002000
102100
130102
201002200
1100212
130210
32110000
110320000
110020201
300030100
3010111
200110102
210211
11003101
10110400
10010032
221000020
30000220
1310200
100002211
1110040
1111201
10023010
103020001
400300
221002
101101021
40010101
22010011
10000021
101002021
10300300
10420000
201200200
1041100
100330
110100100
101010010
11001001
200310100
400110100
100311010
100030210
11030011
401010010
1003111
401011
100013101
11000203
111000100
12200011
140001001
212001010
100300012
1200301
10001131
320020000
111000022
403
112010101
13000021
10310110
11020210
220102
200010211
101300110
100010401
200002012
2210011
13001101
20010004
11040001
10300111
111103
4001011
2104000
11001010
121001101
320010001
101131000
31100101
210101101
310201
3010021
101111110
201110011
300120100
200011111
101300200
112012000
31000012
21012010
302000110
311011000
1020220
110011000
14020000
20301001
10003021
11010013
1004020
200110300
210000010
210011200
1300030
1000303
201000022
11320000
11320
30201100
120001003
10010101
11010004
10012030
10020100
1141000
11122000
22210
10102030
142
11101201
401001010
210030001
10001104
21000211
20001202
211111
110130001
20110102
4011001
12012001
300040000
122002000
102000130
2012110
313000
201121
21012100
310010002
21100003
110003101
221010001
101002111
2101003
20041
100010104
201103000
20200111
10003210
2020021
100310020
2200
10302001
100024
20111200
2020111
201200002
103002010
300210001
300400
140000200
20003011
200100202
200002
110400001
11021101
2110102
200000002
220000210
20011111
102001000
10004002
210100003
111101110
200202010
210130
100010131
100002013
11011120
301011100
100300030
100231000
100200001
11101000
10200220
20002021
2021002
220010002
113100010
102100201
112000120
110001001
10010002
10030030
12002200
101000302
201010102
111030001
101012101
10240
21030100
300000130
1300003
21100120
301002001
3102100
100302001
110102020
11110012
1001032
20004010
103101100
1101001
101022100
303001
200200201
2401
11001211
302101000
101000140
120013000
101400100
210100000
201120100
121010011
2101030
111210100
200010031
100020121
10111
203110000
30013000
1100221
120121
1110400
11000122
2010103
1014010
12210100
10140010
402000001
120010120
1410100
11120002
201102001
120400
300000310
3110110
3110011
114100
211200010
1400020
1200100
300110110
3001102
221010100
41100001
32101
110210011
12001003
20100310
300201010
201110020
11013010
301020010
100212010
211201000
310000201
100101013
111000112
1100014
20002201
241000000
300011002
110001121
11113
110110201
10020130
121012000
20012200
132000001
212010100
130000102
110110030
101012200
201010201
301100002
100012210
12130
12110200
31101001
10301020
203002
31111
102003001
100021102
22101001
20010001
302000200
300010030
100003
20131
20002012
300211000
20010100
200101
10420
400011100
1210030
10010200
111211
20100220
20001103
202000102
302020
40102
2120101
1011010
10000033
20011120
31001020
110002021
104000110
11300110
112
200000101
113000200
102110002
10100320
11000020
21010210
10201201
10012021
101020030
202002010
2012020
101040100
122100100
13
300002020
200001100
23000101
220001011
3101020
101001010
100120111
200103001
104110000
132000010
10010110
1101202
211021
1021030
10210102
10001140
111010000
103110100
3001030
3000022
11230000
130000030
210012100
11301010
221020
101201002
10200004
120202
110011201
412000
111300001
10012003
10210012
220003000
203000200
30100120
20040001
10030012
20000002
200011012
2000230
100110022
1032001
301101010
210201100
102000040
221110
11120200
30211
311010010
20000101
3020101
310030
1022110
400001020
112000000
100013110
11000104
10101220
213010
4020001
1301002
400020100
101221000
210010120
11400001
1040020
11100220
20210200
20011021
10003003
30011200
102001
200210011
12201001
300300001
30301000
202010002
111300100
10021003
131001010
212000011
101011300
100030120
11130001
40000300
3031000
113002
11021011
112020001
200001211
103000
11200003
1021201
2100211
100001410
2010400
2002030
321010
11101300
1111
11211001
200200000
310010011
10103020
11001103
10022002
110111002
1400002
101302000
131200
112201
110010112
101001202
32001100
130021000
10010203
2100400
231100000
201020002
1113001
121001200
3300010
100032010
201201010
3000031
301000021
11002111
1010131
11012020
312010000
110110300
12112000
10100032
141010000
31010011
120010003
4000111
4101100
100003201
10020013
2020210
300101110
210210100
3013000
2040100
101211010
11003011
12110110
13011010
10300030
30201010
100230010
41200
21020110
111103000
3012010
121003000
30130000
110000101
101112010
100030030
310100020
110003020
301020001
101021020
22001020
10002004
1230010
300110011
110200300
1200310
102110101
100021003
3220
100002010
130100020
14200000
3200101
1011400
401200
101103100
10100302
1021102
300003100
30300001
10211110
101000002
3102010
200012011
10213000
1300021
130012000
3000220
1140100
1120003
131101
22021000
21003001
120000100
110000311
210101200
20320
40010110
31002001
31111000
11140000
200001031
10201300
21004000
1021021
120100201
101121100
100200112
10002301
2100301
100003000
10000
21020002
31001011
10022110
12031
300301000
10204
111100021
1110121
10211011
3011002
110100220
100012120
110100211
11011030
10220011
21121000
100113100
30101200
1000411
110100004
300110101
220000120
112020100
100301020
211001020
11201002
21101002
100300003
11131
300301
111101200
100000231
20200201
2400100
1203001
122010100
304000
100204
130001101
121010020
21010000
102003010
202210
100040020
103000003
41020000
11221000
101211100
21000103
10000123
300300100
130002100
111031000
13010110
21001111
30101110
220100011
10000114
2230000
20020021
103300000
40000000
201000112
200023
20010112
121100200
102011101
20012110
101001112
100200010
12120100
201220000
210000103
2003101
1302100
200013001
10231000
10010230
2121001
222100000
101400001
200100103
300013
122020
121000210
102200110
202000012
2200300
3012100
11211100
100001203
40000120
24010000
30040000
41010010
10120102
2001001
32000101
121010110
21300001
13110010
1001014
1301110
112021000
31000111
3000130
110120200
20202010
100000330
410100010
200020102
10213
10111030
202001011
200200120
1010104
101101201
11031001
210101011
100213000
20111020
20100121
200000131
200001121
20000104
100100110
11022010
120010030
310000102
20140
11000140
21002101
2002003
1310002
210300001
120020011
1000003
1131100
100000021
12102100
200311000
300110020
10032100
1000204
100200103
100030
2120110
31011100
20300002
101000320
101400010
11030002
20113
3022
101010202
300002200
30010102
2020120
201022
4000210
220000003
10101310
211010011
3001120
10400002
41002
20012101
210010
312000001
310110010
4010020
111001000
14011
130
21201100
40010020
200012200
20301010
110012002
120100021
101000032
1401010
201010
10200310
11112001
100102
120020110
210001300
200102101
201112
111000400
101100202
12020002
122000011
103010011
100020202
113101000
100130101
101201200
11000023
21200101
110022010
30200020
20032000
30001300
140100100
31100002
21110101
102200011
304
401000002
200000320
31020100
14001010
110400010
11131000
101110012
1100002
200003110
210111001
2100220
102001120
3000004
100110130
100201102
100040011
100002103
201100030
20041000
11210011
13030000
200010022
100101220
11041000
10210003
10030201
20010013
1020121
310100011
30012010
21100210
110002012
120200200
1201111
212110
102211
12003100
22300000
10011103
102000400
101000203
12101110
300100102
33001
13201
30211000
220012000
112010002
102120100
10320100
10000120
10110301
1210120
112001020
200300200
103000201
211011100
20300101
21040000
30310
11011102
21300010
410001010
200004100
12031000
2010010
103012000
10201003
30003100
130002010
310010110
120000310
120101101
202011001
101002210
421000
200041000
411001000
110211001
11001040
11100001
110020210
10003111
1001320
1420
1101400
121210
120301
3130000
3103
100310011
100010032
102022
210200101
3300001
3001
400010011
200011300
210110020
103100020
101010103
11102200
1200220
110010220
400110010
140011000
202110010
1012030
2221
11032
110220001
130000012
102012100
100033
111100
140002
10131100
20001010
301000
110004010
4003000
100010203
11011000
110202010
31200010
130020001
310001002
102100012
102103000
4110100
11010130
11100004
1204
30102001
110001310
41011000
1003210
110001022
301021000
231001000
122000200
30100300
102101110
101031010
230010100
300001102
200100001
1000132
200120101
100201030
141001
10002040
1001101
1011004
4100101
100310200
4011010
4102
20001220
13120000
200210101
100102111
103
1213
320000011
121021000
112001002
12100201
1122001
10220101
2110210
103102000
110100130
22100110
130010200
230010001
402010
21112
21101200
200031010
23001010
20211001
3001210
101212
100031200
210013000
212200
10003120
10000012
210020101
1010401
103000102
100102300
322
11002210
10300021
121002001
121000300
120100000
100022002
31001200
1120012
110011003
102020002
30000400
14002000
14000110
1111000
20200
21200002
201011110
40000111
2010040
1001122
230001001
200110012
10201111
10121011
302010100
211210000
204000010
110100013
100102201
22002100
110310001
200302000
120121000
102022000
202001200
20001301
10000210
112000102
211110010
110121100
110113000
30110011
4000300
2020003
2000104
321100
300200110
110300020
20001001
210100120
110014
110021101
120021100
100032001
13200010
10040011
110310010
200020300
12200002
30002110
110000041
301200010
300001
10312
20121010
400003000
410001100
1301101
