112000200
200022000
20002200
110001120
1320000
13100100
200103
220002000
1102002
101100012
21120
20300010
120100020
200030100
111020100
10011000
1104000
310110
210001110
1200
120120000
10301100
3030
1001400
121200000
1200111
2002002
1110021
1101021
110110002
200110200
10110030
102100020
11002002
10012020
320001000
300110100
100111200
100221000
101200110
1000401
10100310
1010010
13101000
114000000
102010110
2001012
130000011
300002010
100014000
1401000
1023000
102010020
20100
220000002
210020100
210010101
113010
11100021
30000111
20202000
10410000
20030100
101100003
20101011
101000301
130010100
10030011
11111010
10210101
121000020
100020300
20020101
200110002
100000110
200310
100113
200021001
300111000
20112
100010103
101101110
12020001
21002001
110111001
10004010
210000120
301100010
10011111
101030100
300102
20001030
200130000
100023000
200002110
10010400
3200100
3010011
202001001
301010100
100101012
10211010
2021001
111120
20300001
20111100
110001012
100000221
2102100
100031001
121001100
101000121
101011101
100010031
20000010
22101000
103000101
10030002
300010002
201010020
200011020
111010002
220000101
3000210
2003010
202000110
110031000
114
3100110
201001002
120201
20100012
22011000
1004001
20201010
200020101
101111010
101000013
31002
301000011
200000202
1221000
4100001
4101
400100010
101000022
11022000
10102020
10100100
4000110
400100100
100000002
40100001
11010111
101000040
3000012
10010112
30100200
110000202
101010210
30201
20031
30001110
101103000
100102110
101022000
102001200
30102000
1030101
3001200
302010
111000012
10001301
10310100
130000110
2020110
2000220
1032
400000002
1000104
204000
101100021
1010112
103110000
10001040
22020
11040
111011001
10202010
10000311
12000003
101010300
111101100
11110110
212100
3030000
41000010
21010110
201
110300100
100101000
420000
1013010
111001011
32000100
10003002
111000
201001101
12201000
12100101
10401
30100011
400000101
23000100
10020000
100000101
1000230
1000320
1011003
300000300
211001001
3011100
100001112
21020100
200102010
220110
211101
10014
203000100
3021
31200
112101
100103100
1400100
10230
1122
101310000
110011101
200001201
111200100
203100000
21000003
200001003
10000002
201200010
2030001
110120001
1010121
112200000
1410
11012100
12020100
21000111
2001003
100100211
10000230
301001010
1120020
110220
31001100
103020000
112001100
12000120
400010100
221000001
300011001
100121100
102000012
210000300
10020003
10041000
11031000
10121010
312
300101010
10010100
100020120
12000030
111001020
300100020
141
3000021
300021
1110210
1010001
20003100
112100100
402
1020021
2201010
111200010
11300001
101112
100100022
11101002
10310010
120000120
20200200
110001003
20000022
101120100
2000202
112100001
401000010
300000111
100032000
200031000
110001300
110000010
200220
100021002
120000300
1010100
1001220
112100010
120020010
11103000
14000010
14010
132
23100000
10001103
112110
2010120
20121
10200000
20001210
101000100
2110110
101031
1301001
1002021
400000110
30030
120002010
40101
11010012
321000000
31101000
1101000
2210001
221000010
21111000
100400010
200022
10002
1201020
303000000
201210000
11040000
101202000
140000010
30002100
11220000
12120
1101
1100211
130000200
311000100
302000001
1000203
101210001
11202
2012001
120011100
31000200
100320000
200010102
101001030
101002101
101000310
21011001
12000000
330
2200020
2110011
21000021
210010002
120101100
12030
1011021
30201000
300000
110300001
11400000
20000112
130110000
100020003
202020
220011000
1131
10102002
1201011
1130001
100110111
1230000
300001002
200101101
102001002
301020
31020
20021001
300000210
10201110
120010200
120020100
103010010
14001000
11000010
410000010
10014000
211100001
102010200
11300100
30120
2121
11100201
110201010
10201002
4000020
2111001
102201
21300000
30111
131010
1104
111000030
20301000
120100002
100410000
10030110
20001300
120000201
310101
22000002
1011012
103002
210110100
110101020
213000
202101
203000010
100301100
200011200
2020200
1000002
3102
22000011
11010003
10221000
111021000
20201001
13001100
2211000
1000140
2101002
1021002
13002000
100000203
2201100
22100100
110010012
110003100
310100010
201021000
102001020
100230
10130100
100010121
11020011
3000000
10101
21001110
310001001
100002120
2022000
20100201
31110000
400000011
110020011
10101300
1121100
3020100
210120
1320
210011100
10100130
2031
100200030
120101010
120100101
200010210
12000
10020
110301
202010100
110011002
101100000
3010002
1021110
2000112
400200
11200101
121001010
11010201
102012
201100101
1000020
100101021
20220
300011100
200210100
110011020
20010102
1010220
12000201
103001100
201102000
110110200
100012011
11101101
110200020
32100000
301000101
1300200
21002100
130001100
201000012
11000220
110000004
200011110
110000103
100110120
10130001
300012000
10300020
110121000
1012110
21021
11031
301110000
212001000
100104000
301001001
310011
200031
100200012
21200100
220000200
10200210
12021
11000310
10010010
201100002
302000010
12000111
300000012
20111010
10000131
11110011
3020010
21003000
121020
10212
211110
300200100
20000310
3200010
2010012
22000101
120010002
200001210
101002020
101001003
300100101
1203000
102100110
2020011
2000040
300120
2310
101202
220000110
10201200
100003101
10011300
20400
11020020
10011012
320000100
211100100
102010002
1400010
10120200
11000100
3000
20030010
11100300
1032000
2110101
212010
30200100
20002011
111010110
110100120
30300
200040000
20002101
103010001
1031010
1004100
1001103
10100103
30011100
110100102
400000020
30111000
31200000
211020000
300200001
110013000
100000401
33000000
101020101
200100021
112010010
101200020
21000300
103000020
211000110
300200010
210010200
200121000
20000100
30000003
101002200
1211010
3120
1202001
100212000
230100
202011
10220100
1002201
21100002
400101000
2020020
111102
100110102
10032
400020000
110001111
11011110
10011210
202110
410010
21001200
110200101
200020002
200002002
4000011
40020
100040001
120210
301000110
2000100
1002120
30010200
110022000
111120000
10000014
1311000
2000130
2000001
100100310
202101000
1201101
20111001
1001013
220101
140100000
20000001
110001021
400000200
22020000
3300000
4110000
300001011
11100111
4000101
101001300
100210020
300210
212000001
10211001
30200001
11310000
311100
100030020
101110011
100012200
1002000
22000020
10021101
320010
103001010
110201100
20011101
401010
21201
100004001
1220010
411000000
100020111
110000220
12100200
11102100
120000003
130011000
102001110
114000
110000310
30000012
101000130
200040
30300000
10100112
12010110
100001301
100030002
301100100
10021200
23010
311100000
12011100
210101100
104000001
101301000
1000221
312000
100100103
220110000
100401
10103100
120102
4001100
100003011
33
12102000
12101100
20200110
101201010
100210002
410001
200112
40011
10200201
200020011
100000410
201000
103020
100102020
1100400
20210010
203010000
200010111
200000010
100120011
200200002
2200110
1020030
100100400
11001201
1202010
40010001
101200002
100030101
40100010
111003
2002110
111201
2040
13001001
200200110
13000020
210003
3201
100112001
122000100
30011010
20102100
200130
10002021
103000002
201100200
13100010
100002
111000210
11100210
130200000
200201100
210000012
200101002
10121100
12110100
100400100
100200102
121000110
100002012
10020201
100012020
4100010
210210
10101120
110102010
220020000
111030000
200001111
103200
100121001
1121010
1010013
300300000
20010012
10020030
3200001
13000110
200020020
1140000
200002020
30000210
41000001
10400100
110100300
2010000
1021200
420
200001000
101400000
10031100
2011101
100002021
11000022
200300001
200000001
130010001
130010010
200120100
24000000
300003
100310100
200000112
1000302
100121010
11301000
200400
102000300
21110010
100130010
140100
221010
1010022
111003000
212100000
100302000
210001002
110000022
10110111
2010300
1101003
40020000
122000010
110100003
300010101
21012000
10113
10201011
120300000
10001130
202100100
2300001
201000102
104010
100300002
21010002
1010130
100100010
112010001
30001011
200004
11000301
11001021
120021
100002210
121100010
20110110
110103
10110120
21001020
20040000
10000113
10001112
10001220
11200200
112110000
110000100
10000011
2111100
3012000
200010021
11101020
120100110
31000002
113000001
200211000
10003101
200000130
11021100
100001100
103200000
10104
200201001
210001200
110012100
300
13000011
20400000
200010030
102110010
10311
101100210
10031001
0
103100100
1010103
1001031
100110300
3001110
220100001
100310001
100202100
100012002
1040010
120
12003000
10200111
20112000
3011001
120003
1200021
400001100
14001
311000001
200010000
30020100
100001130
2001102
202000020
2220000
1031100
1310001
200300100
110002020
110112000
110002110
30001101
101003100
200202
4020
100003020
11201001
1110102
20120100
1002111
1000311
200121
100122
211000011
220010010
2040000
10400001
10122
11002020
12102
240000000
110002200
120002001
111030
2101020
320001
102000
100020210
210200100
42
200111100
100013100
4001010
1030110
10023
11020002
1101210
111011100
131010000
131100000
310101000
113100000
110000013
100000041
4002000
320010000
100100013
111210
121002
110100012
1014000
120002100
100002030
100000200
201101100
101300010
2030010
100010310
33000
112011000
20100030
10111101
200101011
12011010
22010001
13110000
10000320
10011120
101200011
201011001
101101101
10200
111210000
20210100
210011010
102000201
12201
111012
10022001
103000011
20000211
111101010
10111110
111010011
100200201
101201001
200200101
200200200
100300011
3100200
102200010
201012
1120002
11020101
221100000
1103100
10212000
4000002
102020100
14000001
101012010
110004
1200201
30000000
200301000
130100010
110210100
100032
40000110
101011110
20010210
10000221
101001120
2103
120000111
201010011
2004000
101000220
13101
21100101
112000101
100140000
30002001
10101111
1010202
12110010
311000010
110010111
111110100
10111200
101211000
111100110
110120100
101102001
30020010
100003110
102102000
101300001
100101210
10002102
40002000
121110000
111111000
111300
100012110
102011001
1023
11001000
310200000
11000040
321
200000100
102020001
410000100
100001220
101001210
1111101
100311
31002000
300020001
300002100
2000121
100001031
123
100200111
31100100
11110020
10110012
101130000
200200011
1140
20000004
10001121
101001201
1220001
20012001
10300110
100020102
20013
4011
12000102
300120000
101011200
100110201
1130010
111001002
220001100
110110110
101201100
201020001
4100100
11100012
11001120
303000
1040100
110004000
300010200
20000013
10110003
100012101
112020
103101000
110000130
20110002
3101010
400110
11300010
11120001
1102020
100300020
210021
11121
1302
1100001
1021101
10013010
10013001
100221
1110111
20012010
400101
100010010
110013
300020100
2001210
11004000
10210002
10210110
102002001
410100
240000
113100
100410
11000004
2100021
20101020
120001101
301010001
12100002
100013010
10102101
202001010
211001010
100031100
2010111
10120101
10100022
10022010
310000200
3000111
20100000
110001030
100100100
100100040
3210
401010000
1302000
201111
10103010
101111100
2010201
200120010
11004
201002001
200000103
20110011
20011011
2020101
30012
200101110
100200000
2000013
1011102
100302
13002
11022
113010000
201101001
111000021
11000121
11001012
2200002
14010000
20200011
100011120
101002002
3110010
321000
11013
300000003
111101001
1100130
12010011
1020201
102210
100200003
20010111
200112000
110011200
1010211
203001
201011100
211100010
4010100
30101010
10203000
20200101
100001310
100111020
3001020
201030000
31010001
2001000
101003010
102000102
301002
11010021
30010020
101102010
130110
102110100
10300101
10000200
101001000
11021001
13011000
102000210
42000
100010022
2202
13010010
10102110
400100001
30001002
10010040
401001000
22200000
210010020
22010010
330000000
22000200
101000103
11210100
201021
200012001
110022
40001001
310001100
202110000
201111000
300201000
100401000
111010200
200011011
101020020
201000300
11000013
121101
210100002
30100101
110200011
30001200
10110300
101121000
10000122
3111000
101004000
11101200
2021100
20020002
200030001
110010102
2001120
311010
3012
112011
110100030
11010102
10010013
101004
100200300
20000103
201200001
3010101
102120
30102
111000102
210300000
210102000
102100011
2031000
21111
11001030
1100010
21200001
310010100
13200
111020001
301011000
111100200
400011
2301
1010301
21020001
200002200
210001101
130020
100021020
120001002
1112010
201300000
13000101
100003002
10003011
210110010
20001012
12120000
11121000
401000100
1211100
100010001
3201000
101020110
101000112
101210010
110011011
121100100
2103000
21030
10201101
200000310
11010120
2100120
20030001
300102000
210100110
1001004
220000011
1041
12002001
20130
210000210
203010
200301
110100021
10101021
10301001
301020000
203001000
22001010
2100003
1030011
2002200
101002110
1000410
141000000
101001021
300011010
2112
110021010
102101100
1000200
2102010
100100031
10100031
11130
20121000
2000004
1122000
10300011
110202000
1020300
1101300
2000211
201201
22101
20301
32000010
1100220
101031000
100102101
311001
30210
10041
100030011
40000011
2110002
1010310
22100010
140000100
102000003
30010002
110002101
200002011
102101010
1004010
101000001
220010100
20211
1012101
11210010
40010010
1400001
300000120
10200021
300100002
301001100
120010101
120001020
100203
212000100
200003001
200000301
10000401
3020001
202200
1020102
10110201
102011100
103101
30010101
200010120
11003001
21001011
120102000
103000200
100001400
120000021
100110003
100010100
3110001
1310010
302100000
1200210
21010101
3010200
11200020
40110
1100022
10002201
21100011
310000011
401000001
14100
121200
140010
1010031
320000010
110011110
101013000
110000001
11001003
11100120
121101000
21102
1012011
101100201
2301000
200002101
21010020
300101001
2010210
300010011
210200010
20101110
210002010
110010120
121100001
10011003
40002
221001000
204
101120010
3010110
100010004
110102100
10200300
1110030
10111002
101120001
1011
10100040
201000030
101101200
100211001
11003100
1014
10200003
200111010
200000220
3300
2310000
101001102
100011
1103010
110021001
310100001
32000001
300020010
110101002
100001013
101200101
102010011
100101102
122100000
11000400
11021010
30100110
210100011
10002111
140001000
110003001
101010
30021
310000020
200110020
11100000
102011010
2000301
200210001
112101000
301000200
201010200
1310100
1000212
1010040
122001000
20110101
31101
110202
42000000
400010001
100011102
100011201
1220100
1100202
111021
110220000
111102000
10032000
101010030
4101000
2011002
210100020
100203000
10021020
211110000
100111002
101021010
131000100
13010100
121010100
3102000
11201100
10100004
12001002
10010202
312000000
1001001
11100
100101201
10102200
10140000
110100000
3002100
10100202
1100112
21000201
31000110
10101003
2020002
100101120
112000110
100020030
300000201
11201010
100040010
202000101
12010200
1200000
10010130
300110001
1221
11030010
10210200
10010220
10020102
110021100
40011000
100230000
20010030
110001000
200001300
11211000
10001211
310110000
100100220
20310
11000112
100102002
1003101
1111200
40200
4002
100002300
31011000
121000011
201110010
110012010
100041
401001
131000010
100100202
112001001
230000001
100100004
10200120
1002102
11010030
2110020
11001102
30110010
201101010
111100011
1210101
11011011
222000000
110030010
402000
130001010
200000400
20011020
301100001
11010210
21120000
101020002
2112000
1001112
400002
100202001
11010
2120010
30110001
10110210
12002010
21000012
20100102
10110021
221001
200001102
200100120
200010
100010301
110121
110010021
211101000
202011000
121000101
20020110
10002210
10021011
21030000
10003110
1000023
210
20010000
204000000
20011110
100112100
1200030
1011030
230010000
102210000
1300110
102001011
10010001
120021000
22010100
211000101
200100210
41001
300003000
2111010
100002102
10210011
30200010
120001110
302001000
201020100
22200
2100300
3000120
10130010
41010000
212000010
100301010
200011002
2012010
210201
100022010
11120010
211002000
131001
210120000
100300101
200100111
4011000
101030001
100013001
12010101
110310000
201120000
3003
10000140
2220
200211
200100012
100140
210000111
11002011
2002101
1000131
111200001
120210000
30
200000040
100000023
10111011
120000
100201200
212001
110400000
1011000
200100201
11301
11000211
20010300
120001011
20011200
1120200
104100000
20001003
100101300
130002
100100130
11002110
10010022
10001031
200010300
1110003
100102011
11200110
111001101
1201200
1020120
1211001
20031000
111111
2010003
211200
1002
102000111
2022
12012000
10004001
200013000
131001000
10300200
222000
101011020
123000
100021011
1120011
31020000
200000004
2400
120000102
3001002
201000120
1300020
202001100
300300
20002020
1002030
12100110
220011
12200100
120030000
10220010
10401000
20000301
1001310
101121
10100010
110210010
121000002
101100300
110110101
11001300
411000
112010100
20000040
11110002
103100010
1000122
21020010
10010301
210000003
3000003
30021000
100001010
1030200
1002210
11000103
12012
30000030
20003001
100000020
20101101
12100011
100201101
32001
100020201
302000100
10100121
420000000
10302000
20002002
201110100
10000020
20001201
200010201
402000000
11112
120120
1202100
102100200
201002100
2010102
1012200
10120011
2120001
2030100
400001001
100001040
100000014
3002001
231000
21
213000000
3100011
102300
100202010
101103
13020
1200012
112000011
111010101
100301001
121011
12010020
1001022
200030010
100002111
222
2100000
103100001
1000014
100201002
2211
30000
12002100
1110
1011120
1112100
100120101
20202
120010110
211000200
20310000
30001020
100010130
3100101
1001010
120000030
104000100
211010001
100122000
100100301
110112
20210001
1001202
102000030
201012000
100001103
101001111
1102110
13110
102102
23010000
20100003
300101100
201201000
301200000
200012010
1002300
100023
1100121
4001001
210021000
31010100
103010100
101100030
201100011
202100010
201002010
14000100
40000002
211020
20002110
101111001
100400001
211002
121001001
1001301
40101000
20000121
10011102
100014
10100001
20100210
200100300
200021100
21100020
101110020
200001120
120110001
1101030
100310010
120012000
2004
11011200
11011002
203100
300001200
4200000
102200100
101010102
210111
30010011
110001102
1000113
200003100
120100200
100001202
21000000
31000101
20000220
21100110
21021000
2300010
201003000
10200030
210001011
10221
210201000
110003010
101110200
110000031
300000021
100120002
101310
112000002
130100100
11013000
200001021
10000101
100120020
100200120
240
200400000
10131000
100101003
10001013
12210
2000310
101000202
100210011
121011000
1201002
12000210
100103001
110020002
20021010
21010011
22100001
201000003
302100
21001101
20100021
13100001
201100020
100111101
201001011
1200102
20001000
311001000
203000001
110010030
1113
110101101
101000010
11011101
40001100
3001101
201011010
202000002
330000
301110
20013000
110020101
31010010
20101002
230000010
10010121
100131000
3111
11110200
101200200
1131000
111000201
24
21210000
10040010
200111001
400011000
11010000
41010
1010004
10200012
110130000
102111000
202000011
30002010
411
110101011
100010013
12000012
130101000
10000302
3010020
102101001
20000400
100020000
400010010
310010001
100011000
102020010
102002100
201000210
20220000
11011020
110010
100130100
21011010
100001211
12100020
100210200
200013
101040
11200011
100010400
310002
100200
11100102
10020012
2011200
200100030
100030110
30101001
20001021
10000212
104001
11101011
410001000
12000021
102021
100000032
10000104
2001201
100120200
12200010
12001020
300010020
110040000
1002003
1203
1121001
221000100
2110200
101301
200100000
10111020
100101030
21101010
11001210
20000202
31100010
121010001
111011010
100112010
102200001
130100001
3000030
30210000
10002300
110001201
1003200
1001100
110012001
40110000
120003000
22001100
20100111
20102010
103001001
21200010
12110001
231000000
1200003
2210100
3011010
110400
1110120
201010110
10112010
1001211
21000120
210000021
10030020
10021110
210010110
1101111
1000110
100100121
1200120
112002000
101040000
41001000
300001101
100011300
21101100
100010211
112200
20103000
10201020
230010
1100301
10023000
102201000
101012100
400020
11220
10001022
22002000
200004000
30000021
111010020
10001010
2011020
1212000
301011
103000110
10001202
1100031
110020020
30000102
210000201
102110001
101011011
23100
21000102
100311000
30003
21201000
101021100
2300100
1201110
2000400
100020
310100100
10200102
10203
32001000
210001020
100000302
10011030
10011201
2200011
101220
123000000
122001
111
201020010
101010201
131100
11030100
110101200
110300010
200102001
31011
1112001
101022
10001001
30100020
20004000
3
1111011
300201
132000000
230000100
102003000
301101000
11112000
110111010
11120100
2001300
320100000
101100102
1111002
21101001
10010004
12101001
21100200
1210002
12
21001002
30100002
10230000
102012000
101000004
100211010
14100000
102000120
10310001
102001101
211010010
300110010
1111110
102000021
10302
201000111
12111000
120101001
3110100
400002000
11100003
100021200
3021000
101400
110100
30003000
11200002
10120110
10101210
2010021
10022100
300100200
21010200
111110001
100001022
221010000
10300002
31100001
101002011
10100211
12300000
103002000
200200020
111000000
122010000
23000001
220100010
120010020
100002003
200000211
200110110
40000200
401100
1210020
1100310
110040
110001
110110011
200021010
100111011
100000011
2100030
130200
32010
1311
120111000
1110000
10012110
100113000
10010310
10400010
200100102
20022
100110021
210011001
210210000
10004100
10101030
12210000
210000
213
41100000
20012100
210000102
11010300
11400
2400000
1210110
101100120
10031010
20102001
200101200
100000104
1030020
101011002
2001021
13011
1102101
110211000
310010010
141000
30010110
103110
10140
130000101
1003020
100102200
1002012
211011000
30000120
102111
140001
110031
10011021
120000000
100320
101211
1100103
211010100
200012100
100000230
10000110
1022100
100021101
10220001
10012002
230100000
120200100
110200002
110200110
300010110
201000021
1012020
10010031
202200000
40010100
200000031
10001100
20010201
12101010
112002
210000000
30012000
20001120
202100001
2010030
1020111
230001
120111
111000111
10012011
2100201
23001
11202000
101001
101110002
11100030
101020200
3002010
3000201
320000001
10101000
2200101
201003
100100112
24000
100020021
2001
210100101
11111001
100011030
11101110
101112000
10003200
101101002
210300
201300
12011001
1410000
1113000
10013100
301010010
2000022
1401
12001011
41100
310011000
104000010
130101
100022001
220000020
2000031
101010021
110030100
10320000
20200002
200101020
100000131
100011003
10012200
103011
12001110
10021002
111000120
121020000
113001000
101100111
1000011
300000000
310002000
3003000
300210000
11130000
10010103
1010400
200001
300030000
1102200
1021011
21210
200220000
300002001
101030010
100220010
1103001
130002000
201200100
100201020
10320
1230
30110100
100103010
102030
220101000
301000020
120200001
300021000
10030200
110102001
1110012
40200000
100101111
201001020
1003002
1101012
40000101
210010011
210002100
2003100
211001100
110010000
120011010
130001001
201100110
3001011
202002
31000011
110010210
10010211
3210000
101300100
301101
2102001
113000100
100300110
30020001
10104000
20001102
100011210
20130000
100120110
100010040
100020012
210101010
300000102
2001030
102003
201210
21012
10000203
1210011
22002
13010001
12001101
300030
111012000
20110020
20011002
2202000
102021000
2002020
1111020
10030101
1212
20010021
301200
1013100
1000041
12000300
21000210
20100120
1011111
210020010
120020001
100200210
1012002
1102011
10040001
311010000
200300010
111201000
101010111
2001111
2002011
100300200
30101100
100004100
2120100
100210110
410100000
31000020
100030200
110002011
200000022
102300000
20200020
10000032
220002
100011021
4200
20120010
202020000
100004010
20040
10012101
140000001
120200010
100031010
100000140
1300002
2011110
102010101
11020200
120201000
100200021
2013
11002101
2100012
111100002
111100101
201120
12300
200010012
10110
102
11000202
100003200
200201010
210110001
1020003
10112001
121002000
11310
1120101
12010002
11001
220200
202010010
101100
10110102
20020020
110301000
100041000
11111100
2011011
22011
30120000
21000030
2021010
2101200
201030
101010012
30000300
13000002
120001200
20010120
12021000
11012010
1020012
30030000
210101001
3101100
210012000
11000001
41000100
201000201
102100101
210200001
200110101
120030
111300000
200202000
300100011
110020200
21110100
110000211
1003011
200100
220001010
1100013
110000040
111100020
111110010
101102100
21000
200010003
21002010
220010001
10002030
210002001
30000201
20000031
11020110
200100003
10002003
10002120
4020000
10410
20001
13200000
20003010
2121000
3101001
10100301
20021100
22110000
102002010
100110
231
10020021
1022001
210111000
111000300
110010003
303
110000121
1301010
100010202
101012001
102030000
1101102
12200001
20201100
300111
110002002
20101200
310200
101013
11030001
400110000
302010000
10000041
200011101
100022100
310020
22110
100010220
40000020
10100013
210012
10011
101220000
101110101
12003
122010
100001001
10102011
112020000
100000320
110001210
200000121
101000211
100104
100110210
1120110
40001010
10101201
10001004
1013001
100130001
300000030
310001010
211200000
210030
121110
110310
140010000
3120000
101001012
130011
111002010
100111110
101003001
1011201
111002001
301002000
20022000
200102100
11211
2013000
110120010
2100
201001110
100040100
20001111
200210010
100220001
22001001
200020200
10110000
100010112
10002000
200020110
101210100
100101
100001004
401100000
110101110
20020200
10003020
20000130
1100004
13020000
130000020
300001110
102120000
1003110
111020010
400200000
100110030
104001000
11001111
110100201
112001010
120100011
100201011
1210200
10301010
20110200
100131
20004
2010
12030000
202002000
13000200
110010201
100002201
11102001
400001010
2130000
201001200
12111
120000210
110103000
1001121
11102010
32010000
13001010
10122000
122000001
110110020
1301100
1101201
100211100
103011000
101130
100011012
2201001
102000000
212010000
200310000
210020001
200003010
40100100
30011001
32100
410000001
100000212
1020210
2100102
31110
210100200
101101011
1100100
104010000
22000110
110200200
100201110
1001040
3000300
211000020
31001010
10040100
200001030
300012
10121001
201000000
111001110
200001012
1000032
110210001
31001001
23001000
11103
10112100
100000122
1200300
1011210
1021020
1022010
112000020
1300101
100220100
100212
11002200
202000200
20020011
1110300
101101020
111002100
1110201
11012001
310000101
120010011
100002000
4010001
200120001
110100210
10020300
130020000
110030001
100110000
201010101
2003001
3000102
2210010
220200000
1031001
121010010
122100
2200200
2101011
220020
120012
310000110
10113000
4110
102100002
2012100
101021001
111000003
210000030
21011100
110111100
220001001
201010002
3100002
1300011
410010000
20120001
20010003
2000010
4010010
120300
1130100
10101102
130000002
21110001
3100020
10131
121000200
110100111
10000023
200000013
101010000
100011111
21300
2130
131000001
11000130
113000010
220100100
100000311
1000101
100100001
211011
111001200
310000002
10100400
11000031
10103001
120110010
120011001
1001130
101010120
10210020
20211000
300001020
10311000
101110110
1041000
302001
10100220
23000010
110000400
201110001
110000112
2000103
320100
110130
1020
210030000
101010003
100001121
1101120
10001400
12001200
120110100
10020210
100021110
10002012
113001
2101101
104100
20103
4000200
20100300
110010300
10001310
201102
10120002
110201001
10202100
301000002
110020110
132000
11210001
200103000
110000301
120000012
11110101
1030002
210102
1040001
10101012
10020111
12020010
10000410
101000400
221100
20300100
2100111
1011300
101000031
110211
10020120
2100210
230001000
10211100
300100110
21102000
2101110
202010001
100210101
1100040
310020000
100000113
200110011
1020000
20010
10120020
100110012
211000002
101020011
21003
11003010
10202001
210003000
