1001130
1001031
1000113
1021101
1220010
100200
2000202
113010
101040
10401
3102
2111100
3000210
102210
100110
11010
2100030
2030010
2100021
1101
1122000
3300
2004
103200
1010400
311100
3120
2202
1100220
110100
2201001
1011003
2020110
1032
2210010
1100013
2130
2310
1110120
41010
1400010
200220
300012
220110
12111
1010040
120021
210030
1000410
141000
101103
201000
1003020
3101010
203001
1030101
110001
3200100
310200
1201200
2020101
1121001
240000
2000031
112200
101400
103110
301020
1001004
4110
2121
2120100
1202001
1302
122010
200211
2010003
202020
1100103
30120
1111200
210210
1011201
1100100
102
1101012
14010
2000022
12
1200111
11103
30
2001201
1000011
410100
221001
110130
101220
231000
3101001
211002
1000023
2001120
2011011
1030200
1020120
1010004
200112
100104
1011102
3012000
1000230
1020111
1140000
1013001
2013
1112010
41100
3201
1020
3300000
1110300
3002001
213
1000311
11130
123000
320100
2010300
2201100
2002020
2010021
1000014
401100
131010
1101120
1200012
101310
1102200
1201002
2021010
13002
1001112
110112
110211
3000030
3000012
2011101
3111
3003000
4100010
100122
2000001
3001011
1000122
1102020
2000010
21300
2001000
312
20310
1023
2001021
10110
4100100
3020001
20400
2110101
110121
2130000
303000
1010013
24
101004
112011
2100120
4000011
21003
10023
121020
210021
12021
1110
1101003
2021001
1002021
0
400200
2010102
104001
1301100
3000021
111030
130101
130011
210012
3010110
30021
240
2100111
4101000
3010002
2010201
3011010
411000
2202000
30000
1103001
22011
2010000
1210002
1101102
1201011
1131000
3000
1001103
3111000
3000120
110022
3201000
3002100
3000201
13020
1104
300003
1031100
1011
1100202
311001
100140
1010121
1122
1101030
22020
140100
402000
4000020
102000
1002000
1021020
1022010
1030110
113100
121110
3001101
123
1100121
1100040
4011000
33
20100
1110003
3110001
200103
1012020
11100
201003
1011000
1020201
104100
1100211
3030
4000002
112002
1400100
312000
300201
1100010
12003
1230
1101210
201102
10410
2002002
3000300
2020200
120
300000
1220100
1200120
1001400
10014
2200110
2111010
1211001
2110002
1021002
21021
111102
20022
2000211
114
11121
2040000
2210100
2000040
3
1000002
101202
1140
32010
200310
3100002
3011001
1021011
10212
102111
1300020
320010
21000
20202
2220
1200300
200130
2200101
1031010
2001102
21012
4110000
120030
410001
111300
131001
101031
2003010
2000310
1021200
212010
11031
220020
20040
1320
2101110
1310001
23001
111021
1012002
1001013
211020
210
1401
1221
120000
2102001
2000100
2040
100410
3001200
1201020
402
110004
101100
1311
121101
400002
11040
31011
1041
1120020
200013
32001
1000212
12102
12012
111
1030011
1001301
13101
2022000
120003
1100310
210111
2001
11013
2120010
2000013
112020
2310000
204000
1103010
2200011
101022
30030
2201010
202011
31110
141
4200000
1210200
1104000
1003002
3011100
2003001
2000301
2020011
1010001
21120
10131
1001310
1110210
3000000
2000400
1012110
2211
2100000
100320
2100102
400101
101121
2301000
31020
120210
13110
1200003
1200021
2100012
1022100
4011
111210
1020000
1000320
40011
42000
1120011
201201
1203000
300300
1300200
222000
200040
101112
3000003
1003110
1210110
1032000
3010200
20010
2100201
401001
300111
1120110
1011012
2001030
3010011
104010
11004
111120
321000
300120
1022001
21102
330
10020
30012
1120101
14100
1031001
11202
40200
1010112
303
3000102
10230
20301
1003011
132000
1120200
3021
1121010
1130001
202200
2101002
200400
1100031
10320
4200
400011
103002
111000
2101101
1013100
10032
1200
110031
12201
11211
2200002
1020003
23010
20103
204
21
311010
100041
112101
1210020
1020012
1302000
1130010
4000110
1100001
2010120
120120
300030
1200030
102300
2100210
1200201
110013
1401000
4020
1010211
4100001
2101200
2000220
1010220
131100
1101021
220200
1003200
200022
2000112
30210
1002
1012011
1410
3001020
202002
1004100
1041000
1203
1001022
400110
4010010
2010210
1000131
103101
20211
2102010
100002
3010101
1112100
20121
3200001
201012
1120002
12000
100014
3100020
2031000
1011030
1101201
1030002
2011200
201210
1110000
1103100
420
2110110
210102
300
2031
100311
201111
2000103
22101
3030000
1010103
1020021
120012
102012
230100
1112001
3003
111003
1011120
2103000
2020002
20001
1102101
130020
2012010
12120
2022
10101
1230000
210300
102102
1002210
1030020
1013010
1002120
2002011
310002
300102
100020
1040001
12030
1010310
401010
113001
1200000
1000020
11022
4010001
302010
13200
1400001
3101100
140010
130110
220101
310101
102201
2100
11112
2112000
200202
20130
1001121
112110
3100200
1102002
23100
2011020
1010100
41001
10221
2220000
1311000
1012200
10203
20004
1211100
320001
2012001
1000401
1300002
2102100
200031
20031
301101
2030001
400020
1100400
1100022
310011
1102110
200121
211011
2011002
1010010
2001012
42
110202
120102
101301
200001
20013
1002201
301011
102003
31002
1000110
11310
111012
301002
2001003
211110
2300001
3020010
2010030
1000203
3210
1000221
101130
21111
30003
200100
12300
2021100
1210011
1102011
1131
211101
4002000
301110
3110100
1202010
1300110
100023
1040010
40002
24000
100230
10200
2030100
3002010
1040100
30201
2010012
1001100
1111002
210120
33000
2211000
310020
220002
1101300
231
2101011
11400
2010111
2300010
201030
114000
1110102
10122
1014
4000200
200004
203100
221010
1110030
1001220
1002012
110310
1023000
302100
40020
21030
222
411
1410000
1200210
1002102
1310010
212100
102021
4020000
1202100
4001001
2001210
2110011
103011
1300101
202101
12210
10311
1020102
1000101
1000041
201120
21210
330000
3001002
1000104
1110201
100212
201300
212001
2011110
1113000
1011300
101010
2112
3021000
2110020
230001
200010
2002101
110010
1100112
4101
230010
2002200
1301001
21201
3200010
302001
1010301
10113
1310100
110103
100131
40101
2013000
130200
301200
2103
102120
2110200
100302
140001
110220
101013
101001
1100301
20220
4001010
100032
1004010
201
13011
3100011
30102
122100
110040
111201
2200200
121002
2111001
10140
221100
22110
213000
3020100
1014000
3012
2001300
2000121
1210101
1201101
100401
100113
14001
10011
2300100
1200102
122001
11220
103020
1301010
1000200
22002
1000140
100101
2200020
22200
132
1001211
210000
3100101
110301
120201
1011021
1002030
300210
200301
220011
10041
1221000
1000302
1000032
100221
100011
40110
2020020
310110
10302
1211010
1002003
121011
2121000
30300
1130100
3010020
2004000
210201
2210001
1100130
100203
1010130
410010
1320000
2101020
31200
121200
201021
1002111
3210000
2100003
2012100
4002
1020030
2000004
1212
3120000
3001110
1021110
4010100
1002300
1001001
1212000
130002
2003100
1003101
11301
11001
120111
1020300
2010
1110012
2400000
10002
2400
202110
1011210
1111020
1012101
101211
2120001
1010022
1004001
211200
31101
20112
3110010
1010202
2002110
1001010
1110021
30111
102030
4000101
2100300
203010
1113
2001111
420000
1220001
32100
3000111
110400
3102000
120300
1100004
1020210
1010031
1001202
210003
3100110
2301
1001040
2000130
300021
1300011
321
1101000
4001100
1201110
1121100
10104
