3300000
2304000
40230
23013
2303010
2020200
3030210
3020022
3000213
204300
200430
1033020
2004000
42
1000332
21033
3001320
103230
23100
40023
3402000
3204000
303030
2002320
3003210
220023
300420
32202
33000
2003220
2003010
2001003
2000232
300402
31200
2331
3200220
2002302
403002
4030002
2302200
30000
1002003
1032
2300040
400032
322002
40203
3321
2031300
1023030
2030400
133200
420
4000320
2300301
3020103
1002000
1002033
2001033
2000220
4300200
3032100
2003202
320100
4023
2310000
3002001
230310
3222
1203
201
2031000
2030040
313020
2340
3000030
1030203
2000223
102030
202023
2030001
400020
302310
32001
1332000
3200001
300201
300312
32400
4000020
3103002
2200320
13230
3400020
2000043
20220
30024
20223
3220020
3301200
2003310
320013
201000
200001
21300
2040003
3020001
3004002
230004
103203
200331
4200300
4000302
1200330
3033
2000430
200313
20013
3231000
2001000
230031
4230000
1200000
3013200
2002020
1000302
120000
2220300
3120003
3302010
1020003
2003001
3000024
200034
12303
4020000
3202002
2023020
4030200
1300200
330102
2004
3020301
3002103
200400
3042
1330200
2220030
3200400
33003
3000102
220320
30102
2400003
1000233
20340
3420
2130030
303000
3042000
300021
3210003
3202200
3002400
1000020
202200
100023
3013020
430200
301203
30204
1032000
2023200
22230
2300100
2032002
3010023
2003040
3002040
201003
302001
32022
4000203
2003130
2001303
40002
2100003
320202
120033
3312
3320010
420030
21
3003300
2330010
2040300
1003320
3000222
231003
102300
2001330
201030
300210
200004
40320
40302
3000312
100233
2320200
30330
123000
201300
22200
4302
3123000
3102003
1000023
323100
120330
3213
2220000
230010
40020
13302
21030
2400000
3100200
3300012
220302
3103200
1203030
2001030
1230
3100230
402030
32013
3210000
2203002
230040
302220
300204
2100000
3103020
3201003
33030
2020230
3003
132030
200403
2202030
1033200
3000210
33
223002
204030
303012
3024
2000130
302022
20133
2302020
24000
3200040
20400
4203000
2103003
332100
331002
13032
32031
2203200
3010032
2004300
222300
310203
2310003
2103030
3100203
2000034
300012
13020
3301020
2300010
130032
1003203
1003302
400200
324
2200002
2010033
240003
130020
2301000
1200300
300303
3012003
130302
222
2220
3022020
3000420
3000132
304020
1300032
3213000
1000203
100203
20310
30021
20034
3100032
3021030
2002203
430020
23022
4200
0
303300
3100020
2034000
2030301
200043
23103
223020
320040
2020020
3020031
310320
202230
403200
323010
320220
220020
200304
3003000
331020
200013
2400
3310200
1203000
300300
313002
23310
3132000
310020
204
3302001
2000304
210030
132
4000023
3300021
320031
32310
12030
2301
2130000
303
243000
310023
300231
30402
4230
2300103
1030200
1020030
120003
302013
2400030
2023002
2000313
210000
30120
2043
342
331200
4002030
2103300
2200200
1020300
2003400
2000013
340200
231030
210300
24030
10020
2020002
420003
10002
3023001
3020013
3003201
2000331
330021
43200
4030020
3013002
12033
30321
330003
3301002
2000202
3000012
430002
3031200
22023
2220003
1302003
10320
4302000
2330001
42000
33102
1023
3330
1000002
302202
3321000
3100023
3021000
2030310
2004030
2001300
330012
10023
20001
3003003
3023010
3001032
3003021
222000
330201
203031
2013300
230220
302004
2040
120
3102300
2300004
30300
2000400
302040
100302
22002
301002
4200000
303003
3001200
3001203
1000230
231000
223200
12
3010230
232002
3012
231
3002004
340020
232020
301200
200103
42030
22320
3312000
2301030
3031002
1030320
3020040
1323000
3100320
1200303
400320
203022
103002
2301300
2200302
300003
2003031
2000001
133020
310200
1320030
2103000
3203001
330120
230103
3302100
2033010
332010
3000033
3400002
3020100
300321
31032
2302002
3000042
222003
310002
10302
1233
2230002
3030201
2003004
320022
100200
30201
3402
1323
3200202
233010
300240
32301
2032200
3002301
3000204
243
2040000
130023
304002
4200030
2043000
2030130
400203
321000
103032
30012
3130200
3203100
2004003
4002
3202020
220002
200010
24003
4000200
3400200
3320001
2300220
3300210
2200032
2010303
1003032
320400
320004
300222
30420
2030031
402300
4003020
10230
210
3210030
2300013
400002
33012
30123
2003103
333
120303
300024
32220
1330020
3102030
3100302
2020203
4020030
2033001
1003200
203310
2223
3000303
1320003
320301
3020400
2030013
12300
21303
3000000
3000330
1200033
2200023
233001
321
3300120
3020004
3002031
201303
20232
2022000
3010302
2003100
123300
220032
2430
2040030
3030102
1030020
130230
103020
203013
100032
1320000
3201000
400302
240
313200
120030
22203
3201
2203020
3203010
1030032
34020
3330000
3120300
3012030
310230
304200
1300230
310302
102330
31320
3210300
3130020
3031020
3001230
3001020
132003
20313
34200
34002
20010
3021
1300020
303021
300120
1332
2133
1020303
200202
24300
31020
2031
303210
3300300
2100300
3300102
2030202
30003
300
1000032
20043
2400300
1230030
2202300
322020
312030
4002300
4003200
3102000
3201030
3200013
1002300
3000231
133002
102000
40032
3000003
123003
302010
203004
13203
20331
2130
2340000
333000
1030230
2000133
3
200031
2403
2230200
3200022
232200
33120
3310020
2033100
1003020
403020
3002010
2001
24
2020320
3002013
213003
220203
102033
1002
2304
3230100
2010003
3300
302130
200130
12000
3120
30240
2030010
30033
3002100
3002130
330
202203
20130
4000230
301023
200340
2232
423
2133000
202302
21000
30231
2313000
3230001
1300002
2030100
203130
302301
3022200
100332
200040
20040
1200
3030003
1303002
1023003
3000321
420300
30132
4020
2303100
2100303
1033002
2002023
3220200
2100033
203103
3300030
2310030
2000340
220200
130203
204000
1002330
23040
32040
10233
2202
3420000
201330
2313
2010300
320001
13320
2100
3001023
201033
123030
3030000
3222000
2202003
2030103
400230
342000
213000
203202
31002
3020130
202020
200100
300102
20304
3021003
3020202
303120
31023
1302000
3020310
2000322
230100
2200203
3022002
213300
230202
200322
2130300
3000
210303
200223
31203
3040002
3010320
2020032
3303
23220
230001
40200
4300002
2010000
2013003
3030021
3010002
240030
301020
321300
3130002
3030120
310032
2300400
2003301
2310
312
2300310
3000240
240000
203220
22302
1020
1203300
2000010
202032
2010
322200
210033
43020
3123
1230003
302031
10200
200310
2322000
1303200
2300130
420000
402003
332001
330210
22020
2303001
1000320
3102
3300003
2301003
303102
30213
4200003
2002002
20100
20103
3200010
3024000
402
3012300
22032
1230000
3230010
300123
42300
33201
3120030
234000
30303
1030023
103302
302103
102003
23301
32010
4000002
3010203
2000100
2403000
3021300
3002202
3030
312003
23130
33210
21003
4320
3303000
234
2310300
1200030
220230
200232
2200020
100002
2022
200022
1032030
1003230
1000323
12003
3201300
300030
2300022
32004
2322
4320000
3320100
2010030
3003120
200301
4032
2331000
23031
3020010
3030300
4020003
2232000
1203003
2300031
1200003
3010200
1000200
3023100
1030002
1002030
204003
31302
4002000
1300203
312300
1003023
203001
20004
1320
2130003
2300202
3032010
3032001
301302
2103
1330002
3200301
2030220
2202000
1020330
30030
3132
1302300
100230
3204
2002230
3002310
230130
320103
301320
3040020
321030
13200
10332
4000032
3033000
3030030
3200103
3120000
3100002
33300
3004200
20301
2020302
3000402
23010
1300320
3030012
3003102
324000
302400
10323
213
1302030
230013
13023
13002
4203
203301
300132
32130
3200100
2000103
240300
210003
30222
10032
20031
1020033
2030022
103023
2010330
100020
30042
3200031
3001002
202320
32100
1320300
2022030
1002303
30
203400
202002
21330
1023000
2430000
2020023
432000
230400
43002
12330
4023000
3210
330300
2330100
1023300
3002022
302100
203010
30312
4002003
3200004
1030302
320010
102303
102
4300020
3012000
210330
303201
23202
20403
2013
3300201
2100030
132300
2000403
20022
4003002
2200230
2002032
123
300213
23004
1300023
1032300
3001302
1003002
323001
31230
3200130
1300302
130200
230301
42003
340002
23001
120300
330030
3310002
3200310
2013000
3010020
2003022
3003012
23400
32103
3003030
2230020
3220002
2030004
130002
400023
3240
20202
4020300
3000300
300330
1032003
2002200
423000
300042
1302
1233000
1020000
2031030
3000120
222030
100320
3040200
2022300
2013030
2000040
233100
20322
300000
2100330
3000201
312000
203040
3231
1230300
2320020
103320
20430
2300001
2003013
402000
2034
2000310
2000022
103200
432
2032020
2000301
3000021
320130
301230
2320002
213030
320310
10203
3020220
203100
200220
3240000
321003
2031003
3004020
231300
130320
330000
2223000
1303020
2022003
100323
3002220
3000123
2000031
2000004
230022
301032
30210
4032000
300033
132000
200133
33021
