330033
303033
300033
33033
30330
3300330
3030300
3300030
3300033
3033030
3003003
330
333
3300000
3330003
3030003
300000
330303
300333
3303000
3303030
300030
3000
3333
3003
303
3000033
333003
300003
3330030
3303300
330000
303000
303330
3033
3000000
3003033
33000
3033000
333030
303303
303030
303003
300330
3330300
3300303
33030
30030
3003300
3333000
3033300
3000333
330330
303300
33003
30303
3300003
3003030
3030000
3030030
3003000
3003303
3000300
3000330
3330000
3303003
3330
30000
33303
3003330
330300
330030
300303
33330
3300300
3030330
33300
3000030
333300
300300
3300
3030
30
3033003
3030303
330003
30300
3030033
333000
30333
30033
30003
3303
300
33
3000303
3000003
3
