22000
1000201
300001
1002001
31
121000
120010
100210
3000100
2011
2101
11110
10300
1010200
101101
1000300
1100020
1000021
103000
1020100
3001
31000
2001100
201100
200110
1100110
3001000
210100
10210
11011
1001011
1101100
1000000
1000
1020001
3010
10111
2011000
2010100
1201
211
2000002
2000011
30100
10030
111001
1200010
100003
2001010
22
120100
210010
10003
1110001
2110
100111
100300
211000
110002
101020
100012
21010
11101
1120000
10000
3100
310
201010
3000010
20200
1011100
10012
2200000
3000001
1010110
1201000
101011
12100
1011010
110011
220
3100000
120001
1111
300010
1120
301
112
2101000
112000
202000
1000012
110110
1021000
20002
1100101
10102
1010011
1000030
102010
11002
2000110
40
100201
1100011
20011
1210
2100001
21001
301000
111010
2002
1001002
1102000
1020010
220000
100021
2010010
1001020
12001
130000
310000
10120
130
21100
101110
2100010
1110100
1100002
103
11020
2020000
1200100
200002
4000000
2100100
100102
121
1030
2020
300100
400
2110000
20101
101002
2000200
2200
200020
13000
1000120
200011
1102
100000
400000
2000101
210001
1300000
1001110
1111000
100120
1010101
1012000
4000
101200
102100
4
12010
1011001
10021
1300
1000102
10
1001101
3010000
1010020
202
201001
1101001
2010001
110020
1000111
2000020
1003
13
1210000
100030
1000210
110200
1110010
1021
100
11200
111100
102001
200101
10201
1003000
30001
1000003
1002010
1100200
2001001
30010
20020
1101010
110101
2002000
1002100
1
1030000
40000
1012
1200001
1010002
1001200
20110
200200
