3222003
1030302
3132300
230220
3300240
3000021
300024
3000003
30303
310023
40023
34032
30423
30123
1320003
3103230
12033
4032
430200
43200
3234
1320
3030201
2033010
230304
340320
3303300
1330032
1003320
1200000
2010333
213030
320103
20310
3030204
4033020
1303230
204000
323022
24
2033202
3220023
3102033
130230
40230
20040
3302100
1330200
1032300
400323
302220
3003024
2232000
1000233
322203
2001
2300043
3203004
222030
312033
12333
331302
3423
303000
240303
3420030
3240030
3103002
132003
1200
3030123
2300301
2033301
3022203
3030132
4000230
2013000
210033
103323
203322
22203
3030402
33330
2030133
201303
43002
3103020
213000
1030203
201330
200313
3020100
3020013
323400
1032033
2030430
23403
2310330
300033
1000320
300213
4030023
4000233
23220
2003223
220032
300012
342300
3300402
2020032
3430200
233010
230202
203430
23001
2230200
2203203
32001
3030240
20223
31020
2230320
1203033
3204030
3000132
4323000
2403030
3300213
3203103
3002043
40002
200202
3310020
32304
321003
304230
403020
3300321
202302
303321
2010303
234300
1300233
2300001
1002033
300342
3303003
1300230
3301020
3203040
3203001
3230400
3001332
3003003
2303202
3230022
430230
324000
303102
4303200
2200332
2004303
2000334
2340003
2030100
2304003
1023330
3100332
3320310
3301023
3001023
3000300
2220030
3003120
2033013
1002000
4203300
4000200
3130002
3202023
203223
324
4230000
1032303
2403300
33024
3323010
3020331
300021
3021
1023030
220203
3130320
133203
3300303
2033001
3020202
22320
3302004
2033220
3234000
30024
3102030
3300102
3312300
42300
2130330
240300
3020313
3201
312
2313000
3231300
3030300
33204
230400
200334
3320130
304002
302103
3100203
223032
3013023
323040
300201
30213
33021
2000010
3230031
2200320
2100003
3013320
334002
301320
333210
430032
3010233
20400
3002223
3012
3000303
30000
102300
3023022
330021
2430003
2220300
32220
4323
3204300
3032130
2030223
3002130
300420
2320302
2202033
2003340
331230
4200
4032300
1200030
3040203
1230
3300042
4020033
233004
3201030
133200
23022
3332010
3301032
333000
30
2023032
420300
3003330
3003033
2322030
2103030
4200033
1300332
3400002
233130
130200
3040032
3032202
2433
3030120
3003030
430002
3003021
3120003
3100023
3031032
34320
2034003
3230103
330003
2301303
301020
4332000
4020330
2130303
1300023
2032020
3303102
3303012
4300230
4002030
303120
2002302
3342000
3034200
3032031
4300020
1333020
4003203
1330230
1302303
2300031
1032030
3304020
4003020
2103300
130323
3023202
3023301
2303004
233400
204003
3020220
2000034
400302
320022
13200
2022303
3323001
3010332
302010
4330020
2300232
3202020
3100233
3033030
4030230
304200
2032032
230310
340002
23304
3004020
2020200
123300
3200340
2303013
2200302
2000310
3400203
3301203
4000332
2133030
3023130
310233
34020
3123003
203040
320001
231033
230130
2002023
3400230
3203220
223302
120033
3023310
1230033
2203020
3003204
3132
420030
203010
203001
3013230
332130
2040
3330102
303402
4023030
2002323
230103
200430
2233002
2303130
123303
304023
3300330
3123030
22200
3032100
300222
3321
3324
3200013
203202
2304000
301302
1020
1003023
230313
210300
3340002
2020020
3233100
1333200
3013020
3021003
3302400
302022
303201
2133003
3310320
3130302
3200022
3003312
2022300
2000322
430302
230034
3021330
312303
320400
32022
33033
3103302
303231
2043000
3300
3004230
2003040
2003031
310320
3004302
3232020
202002
3001200
2302230
2023203
103023
3310302
233031
2031000
3240000
330024
1030233
3100002
3300222
3003132
42
4030002
201030
2040033
2030001
420033
20013
3032022
2133
4002303
303330
1233000
2100330
2020233
312003
302034
2000130
133302
2331000
2001333
3210033
200304
3004203
2400300
2023002
2220303
3033
40323
10302
1230330
2000433
402300
200043
4300032
3204003
2304300
1300032
322320
312030
23100
4330200
3000330
201333
313032
302403
4320030
402033
330222
23034
3003123
3000120
1023000
100203
3031203
2001330
322230
3010023
4320300
2300202
2303001
3322200
3320400
2331300
2303220
3430002
3213030
230040
34302
3003000
2033400
3202200
200400
4000320
2332200
32013
30042
4200300
3020103
2040003
3000234
2030034
3230004
3004002
4020
2301
333030
220002
2001000
2301030
2031300
13203
3300003
2322000
200013
13002
240
1323000
423030
3322020
4203030
230004
1003230
3120030
323001
1203303
2003430
313200
321330
3201330
223230
1303020
3000432
3043020
30324
30012
1300200
30330
2043003
200310
3033021
3000342
2032302
133230
3310032
20301
31002
1323003
243003
3033120
3200232
120300
3000231
33102
1020303
12030
43032
2023023
232302
2003220
2000313
2000301
3240003
430320
210000
3330300
2300403
10332
20034
3001020
302223
200403
3010320
3023040
22032
423000
432300
33000
1033023
3340200
3032310
1320300
2330310
103320
2343
4200330
2000403
200100
3200403
240030
100023
2003202
3203100
2300220
2023302
2003400
2003331
3231000
223020
4023000
2400003
2330301
120030
3203310
403302
213033
130302
43230
4000302
2003034
343002
2322
3
403002
2031003
320304
220323
340023
201000
3302013
2020002
3200220
2202330
1003203
2010033
3203130
302013
4002000
331203
3403002
3303201
2220003
1000323
433020
4030020
2200002
3003
3130230
3220032
20340
302340
33042
2331030
2030322
1203330
223002
200031
3010032
4300320
1320030
1302030
303003
2030013
1000200
42003
31230
3033000
330330
300243
330012
31032
1000332
3231030
3020022
1203003
2030310
2340030
21300
34023
102
4003302
4000002
32232
20331
34230
103332
3040230
13302
2003301
322302
3301302
3001230
420000
3020001
2043030
232002
3022200
330213
1320330
2200203
3000213
3000423
2000040
3130023
222033
3024
2232030
2300400
23040
20343
3320100
21030
403023
222330
3321300
3313002
3300300
2033022
301032
4203000
23202
3320103
3043002
330312
4303002
2333001
302304
2313030
202023
3210330
21333
2220000
2300103
23013
332202
0
1030020
2031030
2002203
4203
4230030
2323002
21303
20403
332013
303012
3321003
343200
130203
130002
323004
3002202
3240
2310033
1003323
133023
3004320
301332
3303021
33312
1032003
2030130
231030
3022230
3003102
2200200
234000
2223
4003230
3002340
3000312
3223002
3200400
23301
2302020
2030004
2004003
3402300
3213300
3223200
3032004
2304
3030000
4032030
3300210
3003213
2013030
43020
43023
20130
302232
2300331
312330
300030
133320
332100
302004
3000030
1230000
334020
3030321
430020
310020
130032
204330
2013300
420003
2202
23103
31320
2003313
3220200
1303200
1033032
32340
2310
3012300
3210
30021
4320003
2340000
100233
3010302
310230
4002300
2320203
3320022
3203202
3100320
320310
24300
2403
2400030
1020000
3023004
3020322
2033040
30033
2000340
1000203
42303
32034
3003402
303042
2200230
2030043
102303
3012033
23331
3304002
30210
3403020
202332
2033130
2030010
3302220
300210
4023300
2300133
2030304
231330
321300
23232
10203
1323300
1302000
2203023
30333
10023
301323
3030012
300321
4203003
2103000
2001003
3012330
312000
302202
2403000
1033020
3230220
42000
1200330
3130200
2022030
130233
3021000
3022020
331032
2100
330033
2320002
3200004
322032
220233
302133
300204
1002303
233100
432003
322023
32223
3300312
1000020
3100302
203400
1203300
3030
3300000
24030
3000240
3030312
3432000
3102303
230403
20022
3002313
30240
1023300
2023200
1020033
210330
3320004
321000
3001320
3000012
4330002
2103330
1003332
400230
3042300
4020000
2202000
332310
233220
3302040
3313020
132330
3013032
2310300
1200333
201003
3022002
1033200
133020
3302001
3030210
30102
333012
120303
20010
2000133
3102000
34002
4023003
2013303
3220020
3020340
12003
3032220
3032013
2320023
3132003
2020332
2030022
1020003
2000400
120003
100032
2230203
2302032
302031
4233
3030213
3023100
340200
3432
3302022
303222
4300023
1302300
332004
30222
2202030
3012000
2001300
320340
40032
3301200
2031
3003321
4300200
4000323
2002002
3420000
3130032
200331
3023013
3302301
2034300
2002020
302400
2001033
3030420
2010330
213003
2223300
1020330
3320301
3002004
334200
330231
2130033
2010003
40302
3032301
1300302
240003
123330
3020130
3000222
2301300
2300034
103032
231
3243
1320033
300300
3331200
132
3200130
201300
201033
3023001
310200
301200
432
4002033
3200043
22002
302130
3330021
3130020
3020031
2032002
31323
3203301
2030232
333
3100200
123030
230232
202020
2331
2303310
2032023
1000002
2300310
2013033
1000230
24033
1233003
1230300
342030
323202
2302200
2043300
3232200
402003
324300
320010
4302000
1020333
310002
22332
300102
3000000
2330001
3002301
3000102
2203320
100230
310323
3032010
332040
3120033
323130
430203
203004
13023
20433
1203000
1033203
202203
3040302
321033
2334
231300
202320
2130003
3402000
3202032
103203
3000243
2223000
1030032
3010323
340032
3120330
3020430
2322003
3022023
423300
4302003
3222000
103002
32133
2202300
1030200
3400032
4003023
3133020
10233
330123
2100333
1033002
32043
1023
2000022
231303
20232
23322
3002322
300234
300042
2202003
123033
120000
3012030
13320
2310030
3210030
2004033
3023010
4230300
33003
240330
102000
3023400
320223
20202
3002034
2230020
402330
320202
243000
220230
2230002
3030033
1323030
3003240
4000020
3001203
2004
2033310
132000
2020023
21330
3033201
420330
232320
324003
330120
30432
2330040
303303
3232002
2333100
2000013
2020323
202233
40233
33012
2130000
330300
231003
340230
43203
3003201
2013330
3202302
3200430
3032400
3031023
2232
201
3003042
2133000
2023320
30030
3210000
3120303
3321030
3024000
3003012
4003002
2023020
3003210
330204
4030032
2040030
100302
1332
333021
3132000
200343
3200322
103302
3002220
2330400
2003322
300312
2033100
100002
433200
133002
321303
3001302
2332020
2030301
2031330
2032320
2000304
2000001
3202230
3001323
3000033
1303023
2030031
3222030
243300
313020
300423
222
4033200
333300
203100
3020034
2400330
2300223
202200
3020400
4030200
1303302
102330
303024
1303203
2031033
320031
23310
220020
200022
323031
320034
3102
3030303
403203
2313300
234003
203133
3010200
120
2130030
130020
20043
3003420
4030320
203310
3323100
21
300000
400320
32202
30231
4020303
2303301
22020
20001
3002031
3303210
2034030
2022033
340203
3203400
3023031
223320
3042000
1332300
400203
10020
2043
300240
3333000
3023103
3320010
3020010
2233020
203232
230322
203043
42030
3301230
3301320
303213
2301033
1003032
3423000
3302010
3002331
332220
1300320
1200033
4002330
343020
20220
30321
300003
1020030
3313200
301233
300123
2002230
3200310
3013302
3020403
4200000
1000302
102333
3302031
323220
23043
2303010
1033230
13323
20322
223200
223023
3200223
403320
2330004
3203010
230430
3010002
2100030
1003200
220302
3032001
3002100
3002400
1302033
3230040
3420003
222000
230031
3310203
3040002
4033002
2003403
32313
2220033
2300010
310032
302322
3030231
2103033
232200
3300012
4300002
22323
1332003
330042
1033320
203301
31332
3330201
2302302
2303103
302040
32031
30234
2200032
1002333
132030
3021030
3001002
4020300
303033
3320202
10200
32010
2301330
233301
233022
3013203
3302103
32400
333102
423
1023033
3100230
2002320
120333
3321000
3331020
2200323
2030202
1030023
30120
2331003
2310303
3210003
432030
332400
31203
330030
3233001
42033
10230
1303320
1203030
232023
100332
1300323
2004300
3420300
303420
2300340
1032330
3320013
12000
21000
3300231
1303002
30003
2203002
1030230
3021303
23010
32103
330201
2330031
2301000
300132
2300004
230043
1200303
2200023
2013
3330210
3102300
313230
200004
4003320
1000032
402030
331023
2040300
3103203
3230100
420
3220203
3200034
3032040
1332000
2103303
303123
2220
230301
302001
3202320
233013
340302
3300420
30243
1200003
1300002
130023
3031302
3031002
303312
2040000
1003020
130320
200322
300
3103200
2302023
332031
2332002
342003
310203
402
3033300
1233300
13032
3002001
4200030
3030003
324030
10323
3002133
3000324
2010000
3324000
3300201
300333
3032103
2343000
3330
303
3400023
3133200
21003
3003300
4000032
2010
3200100
204030
32331
4023
2030040
3201300
100020
322002
2230032
3210303
33120
3310023
3012303
12330
2033004
230013
32310
3243000
230100
100200
3034020
4000203
2334000
233310
3022302
24303
13233
1323
3000420
2403003
2020230
2333010
33303
312300
30342
2002200
2003013
2000031
233103
100323
1002
2300304
2030220
4020030
230010
3222300
423003
3023220
12
3033003
2000202
1230030
323013
3200103
433002
403230
230331
320004
3332100
4303020
3230001
203304
3002022
321
2200020
103233
202323
3320220
24000
2400
330132
3330000
2002233
210003
3001032
3200001
33402
3030042
22302
304032
3033102
2023230
230133
2000331
10002
3002403
32322
2433000
2323200
132303
10032
3002013
4302
2330202
3430020
3330003
20313
3022032
320331
33222
3300033
210303
203331
123000
34203
2330130
3400200
3000210
3300030
1300020
3021033
3004032
2200233
3022320
33300
2003022
3200331
2313
330102
30402
2103003
300303
30312
300324
2302002
420303
3010203
320013
3230301
102030
3230013
302043
4300302
3230130
3040020
40320
3331002
302100
200034
3040320
3220320
403200
3312003
23223
3030021
30300
3000
2130
2103
2232003
332103
3034002
33210
210
4200003
3003303
100320
3330120
4302300
402000
200223
2400033
2203032
321030
320313
240033
203013
2301003
2100033
2232300
2330220
233202
20031
3004200
303210
204
3200133
400032
1302003
2034000
232032
320322
4320000
4020003
3340020
320301
3201003
3040200
42330
3002010
3003231
4032003
2003004
23133
3033210
213
220320
320430
2032230
330
323301
22233
3222
4002003
1303032
2022000
103230
320232
332001
32403
303204
2430000
2303022
2003304
230340
2022
3000402
33231
3420
3030330
2330103
3000024
2302203
400200
203022
3020232
3302130
332010
2310000
2203302
32430
2000004
132300
233040
3020310
23130
3002103
2430030
2000043
2022003
243030
20100
330000
1230003
330402
3002040
331002
2203200
1302330
2030340
2010030
200301
323103
2220330
1330023
3002304
32100
3303120
300402
2100300
320100
302310
30420
2003130
13230
3201033
3322002
331320
30132
3231
3033012
303300
1003302
2032203
2000103
3103320
204303
3012003
4030203
300330
43320
3302202
3300021
3342
3220302
3103032
400020
240000
2003103
3402030
204300
3310230
3310002
3020043
4302030
2033031
3000201
3000123
3000333
232020
3310200
3040023
33
302301
330420
2230230
2003010
300432
3000042
310332
3300123
3123300
3231003
3103023
3200313
342000
333120
2430300
2002032
313203
23430
2303400
3100020
3300132
2300430
4320
2100303
3201000
234030
320130
320040
30201
4003032
2223003
213330
3300024
3213000
323310
2330013
2040303
2000220
1000023
213300
132033
200040
2030400
1002300
31302
33420
33321
2010300
302331
2020320
313320
3031230
4230
3030030
303030
203103
303021
202032
300120
2303040
3233010
3333
3130203
3001233
4332
1023303
210333
320403
33201
3000321
4233000
3210300
3200010
32301
330321
1200300
3200304
2004030
2000223
200010
310302
40203
304203
2300013
2004330
3402
3024030
3020133
3031020
33123
1333002
2020302
322200
22230
331020
302313
31023
3030102
2230023
203340
30204
1002030
222003
203313
3043200
3031320
4230003
2030331
1030320
400233
220023
102003
34200
2223030
2320200
23031
1332030
400332
3203013
230022
2032200
3220230
3202002
102033
200103
3320031
330210
3030024
3120300
3230010
322020
313002
20430
3332001
2013003
3201303
3030222
3330030
3203031
2320032
32004
1023003
32040
123
2100000
1032000
3020304
2400303
203130
2003310
3020004
3002232
332301
300231
1233030
3020223
200340
1203
1002330
203034
320133
1320303
3200040
230223
203031
4300203
2133300
302430
2034
2203230
320043
303132
3100323
3304200
1320000
1030323
1003233
3320001
12300
3400320
202230
43302
20133
4002
1300203
2003001
233001
3010230
2031303
1003002
3320040
3002430
2320230
3400020
23004
4003200
2302320
2030313
3120
3303000
2323020
3204000
3100032
432000
232230
200133
2340300
2003133
3042
332022
234
23313
33240
33213
222300
3013002
33030
3312000
323010
40020
2330022
2202303
3202203
3302310
3010020
2003232
222303
2300313
304020
1330302
3102003
400023
400002
203403
1330002
2300040
3031200
304302
2001030
204033
103200
320220
3300204
3123
1330203
1033302
230001
103020
200130
2300022
2000343
210030
2003100
120330
130332
3020301
23340
12303
20004
1330020
2022330
3301002
3132030
220332
2003043
323100
4000023
2040330
3220002
213303
200220
3020040
303240
1230303
2310003
1233
3000204
3330012
203220
24003
403032
3200031
402303
2430
243
2030403
3102330
13332
304320
1002003
2000430
3213003
3024300
3013200
40200
4030302
2400000
2001303
3240300
3203022
223203
220200
24330
1330320
1030332
3204
3230202
2033103
3403200
313302
3003222
10320
3002310
2320020
430023
3400302
3133002
301230
342
2300100
2002332
3004023
3213
3123000
3230310
301002
2303100
3200301
3042003
340020
20103
301203
2313003
2000232
2300130
1020300
2020203
123003
4200303
2320320
200232
40332
20304
3303030
2330010
2340
330240
133032
31200
231000
3312030
4032000
3303
3024003
3300120
3200202
200001
3120000
13020
20334
31233
2322300
2030103
2130300
2304030
2303031
2000100
331200
1032
2233200
333003
313023
301023
1030002
2004000
3021300
3312
2230302
200433
32130
2330100
330303
23400
21033
3402003
3223020
1302
2300322
232203
333201
3042030
22023
33132
