300003033
300001143
30314100
41130030
41101221
11322030
330014100
300001113
111300222
24420000
411301110
31224000
32220000
14100000
1113411
2331300
412410000
411033000
411000030
30301221
31110033
411003
30141000
3330111
1222221
301410000
333030
41103
111030000
414
1232400
1121241
303001110
300311211
30000330
4221030
111222003
141031110
222030000
111022203
330030030
300031113
3013320
133230000
1113114
111011241
3014211
222330000
11430000
22230000
300302220
33141000
33003030
4110114
314100
111311400
11241300
301111410
302331000
300111111
30300111
113220003
11323110
311100222
33000330
3411300
1110033
411003000
411000111
111330000
304140
1413111
34221
141033
12321000
33111030
141000111
22341000
112110003
112232100
332220
111123210
330000
22212210
22202220
111122211
303011400
300111114
300002223
33004110
14211
1224
122100111
303001113
311130003
411000000
141303000
300300
122102220
11222400
300300030
311400000
322203
122401110
44100
1140003
1124400
1132230
123240
411000003
14430000
14133000
111301410
12213111
3011133
14101221
11103141
1124100
112110222
1121322
14100303
1114221
1111143
303000300
300411030
411300003
31143
111011430
11102331
30033003
3000144
11241030
142113
22314000
111001332
11100222
30044100
33000
111030030
112110
441003000
441011100
41122200
1410003
1121430
22211130
23310003
300333000
300004140
41111103
4110303
22311030
223110003
30011322
3300030
114300030
111003114
11214003
123221100
30003303
41100411
32220300
22203300
300111000
30122400
12243
112121100
1233210
3000333
112440000
111301110
111011214
301111110
111411111
12210222
122130
300030000
312210003
322200000
33003003
31221000
12240111
111000144
330011400
141300030
32220003
4121100
3001221
1143300
12240
300030033
33002220
14103000
14102220
122130300
12213000
441300000
30414000
11141100
11222103
123321000
1121100
300300222
11130300
11223210
30114003
14400000
303033
111033300
12210330
1110441
22222200
312221100
31121400
14322000
111003330
1111413
222030
1121103
1221000
31121130
3314100
411330
111031221
2231103
112222110
3033
311130300
411003030
411001410
301221300
34110000
4121130
22230030
3222
300
111001410
111
31221300
3031110
111111411
141
1111332
142110003
30001224
111000003
44211000
34221000
30030411
30003114
1440300
1411110
411141000
3301221
114030111
111004410
22211400
330011103
30311211
30414
22230003
22203003
441001110
30300411
31411110
1410303
1132311
134310
30133200
3141030
3003030
3122211
1410300
30033030
41102220
3001113
330301110
331121100
303300030
31141110
30004221
3000000
3041130
111414
30031110
114001410
222411000
112224
122322
300000441
33031110
34110111
11114100
112410
11100144
31410300
41401110
1432200
33141
2220
422400000
411012210
114411000
1224000
133211100
2232210
223221
111141000
303330000
412110300
300222000
141141000
31121100
114031110
4121103
33030111
141300111
31113000
30012321
4110300
112224000
300411003
30031140
3030033
311322
111004140
11114211
222114
300011100
41130111
30001110
111114030
22203030
1224111
12432000
30003033
114014100
311133
112140111
2221113
1121214
114
1122321
312213000
142140000
3014103
111414000
111000411
111022200
141014100
31222110
31132200
3033003
4140030
1124211
14100
330000411
111331110
303300
22201140
300311100
411030000
311211300
311322000
442110
122211300
111411
12324
244200000
41101113
2231130
111111114
11101224
11211000
300033030
411011130
311111211
41130003
300144
11400114
441000
122111130
12210003
122103
1122213
300331110
300011130
3301110
1410222
44130
11104410
111000114
12321111
11222211
222111
330030300
411122100
112410300
12211140
124320000
112221
332220000
30003
222000303
12211410
122111103
11122203
33030003
3000003
3002223
301440
11112240
222000003
313320000
3300003
112141110
22230111
12210300
33311100
3411111
3003300
114003000
3000033
11400303
11101410
331221000
311111103
41103111
141001113
111314100
313320
3000
3311130
4110141
3111030
341130
11431110
144003
111012240
333003000
330031110
30330111
30300114
30141030
30002223
122103030
22200114
111122400
411411000
300003411
311103003
300111003
311101110
1421103
142410
344100000
330122100
3114003
222011400
1111110
301110300
303411
1421100
1143111
111031113
222300
113331000
30003411
333111
133203
303030000
30233100
3030114
222301110
122103300
3111
222111300
331110111
30030141
30000222
11400330
41130000
141011130
4421100
3000411
11130111
11211030
41141100
30113220
14411100
111222300
144000030
114111030
144300
300003030
4143000
1413000
330000141
300004113
300000300
14400030
122241
11101113
22200000
30030303
30142110
30114300
114011211
11103033
122214
112332000
330300300
411303000
3331110
11400000
31410
12321003
122101110
122103003
330111030
34110003
33001221
30303111
111033000
1144110
31332
11430
11112213
13320300
33000033
30330003
4111140
41133
122131110
23313000
11111403
3000114
411141
111411000
22200
303122100
411003111
301110411
34410000
330330
11322111
1410
333000030
300001221
42210300
31121103
3123210
111322200
41430
330003000
31410000
30030114
30111114
311430000
300044100
30011430
1141410
111030
41111130
142110111
141001110
1114113
122122200
2231211
12214110
330311100
414000300
300030111
30041211
31110003
41111100
30030
303411000
300022200
4122210
300303
111112140
141411000
3223110
1412220
122100
303004110
301222110
4224000
3011103
311214
111000414
1232100
414000003
301113000
11104113
22312110
300042210
300222300
2234100
11101332
1243200
33001140
14103003
114002220
1143030
11134110
1221
300041130
300041100
33003300
30331110
322230000
33000141
111300303
111001440
11112210
41403000
141030111
1110003
113231100
1440000
111303003
11130003
12213300
222003000
1440
301232100
30001140
14100030
111011322
112121211
300300141
301221003
311100000
14101113
441111
22200300
23310300
300300411
11131113
22230
2220111
314111100
300003303
300112113
30223110
114000033
303330
33222
300123210
311241
41400
111001413
222000000
1110
311400300
311111100
141001221
14141100
303111
301413
302223
312211110
141011100
30112221
11433000
11133111
301140030
33000114
112110033
2220141
1332003
23421
300303111
300003141
411111030
34121100
141141
2220330
22200303
411001221
114300300
1421130
300141300
300011241
4221300
1410411
13323000
112112220
314100030
311103030
1113003
14103
1222140
222111003
222122100
30003330
14100300
300114
111011100
300000333
142111110
31110111
111114000
411111300
114001110
233211000
330030000
300004410
44100111
122403000
11214111
11211411
11111400
111133200
14104110
3003111
301332
2221140
330411000
3022230
112140030
141222
3414
113223
122101140
300111330
30003000
42210000
4111410
114000141
11214300
1114140
1221003
300030030
300001140
30011241
111142110
114141
12211113
300422100
3001332
111141003
11103330
114303
333000111
341103000
414300000
144000003
3022203
223410
11100
111030222
411330000
300300003
33112110
32220030
42221100
423210
111042210
111003300
1121403
233100
1222410
300030114
141311100
141111300
30112410
30122100
14101410
34140
414000000
301221
31113
233130
300300111
3030111
300141003
141114000
30111300
3330000
311103
14430
111011403
411030003
311100411
30022311
3303030
322200
113220300
22341
304121100
412110030
3304110
3003033
3002331
33030030
30022203
4113111
114011130
113220111
414030000
300030411
11433
113221110
1132200
34113000
30303000
41214000
111003111
22204110
112110300
233100003
11130033
311104110
311212110
30004140
30001221
3041100
330030
330222
112110303
222012210
22311
12213
300011133
32223000
4113000
314103
11411130
1411140
11241003
303111000
300300114
11401221
141111
303001140
311112210
301221000
3411030
111301113
11211300
12332100
304110000
11403000
323310
1113141
112440
1221222
1113300
330000030
302223000
30030330
3031113
3003000
114011100
300003
1110303
12210114
112113
12210000
314100111
300122130
44103000
4222110
300030300
33003000
233100111
13320
31410111
330003
222303000
300222
33300000
30111141
11430003
2223300
2223
112122210
31221030
11401410
123210300
111012210
11233200
22314
330000000
314100003
42210111
3300141
4140003
11430300
2331030
300114111
30333000
11130030
133200000
11130
300000000
311122200
30022230
3322200
111411003
2442000
341100111
300030222
141222000
41211000
4110003
111034110
114300
2331111
303030300
311101113
30441000
3030300
3222000
23321100
11333100
411111000
3300111
114122100
3222111
1411221
142221
114300000
411411
2223111
4113300
222300000
111041211
112110411
11322000
11122311
330001410
412140000
30300000
3111111
33411
122241000
13320111
300000033
300012213
422101110
30022200
3041400
23340
224220000
14103111
1410330
412221
11103111
300014130
300222111
31110330
3111033
34113
111044100
300222003
32221110
4114110
3112221
331221
41211
30030222
30000414
3303003
3003222
111041130
12221211
301410003
422100300
141000033
31111140
122214000
11100303
333000003
341400000
300012240
30000303
3111411
12240300
111011103
1112220
314103000
300300000
411000300
31110303
31332000
14130030
3014130
300004110
311211030
33300
114030
111222000
13431000
141011103
341130000
31121211
3030330
3003330
1140303
222030030
1111221
300034110
301113300
3141000
3111303
33
123211110
331110000
300303030
33000000
3004410
1414110
41101140
3311103
114011103
3012210
122100300
31110141
3000141
14211111
223111110
1112331
300300303
122101113
30411003
111014103
422100030
11404110
301143
112110141
2331003
1222110
111112110
300142110
14131110
111030330
111030111
11103300
122100411
122111100
30011130
4121211
3023310
222300030
441000300
30013320
14222100
311102220
44101110
41400000
30000003
11430111
141114
303000330
30000441
341400
11411211
11212410
144000111
141012210
3033111
114114000
411030030
3000303
111001143
11141400
300300300
411000303
30122130
41100000
4110411
14100033
3113220
114003
122211000
412140
3141
11212221
11111211
14403
223121100
11113320
442110000
300300033
300301140
311100030
4232100
1141140
112221003
333111000
330114000
330000330
300022230
31110300
4410000
111033003
300301410
33030300
32220
300011400
300011103
30033300
31140003
1224030
303003003
414111000
300033111
300023310
114301110
122141100
111000441
303000303
31124100
114022200
112421100
114033
1110300
244200
330300000
304110030
303022200
301114110
30301110
111030114
303000033
303012210
300000330
300112110
141000303
3300114
341100
223140000
300002220
34140000
3122103
111412110
411114000
30222000
111122103
111012213
30041130
4140000
3411
11133
330001110
301332000
33012210
112413000
1410114
112114110
11211033
122111211
300031221
30001413
42240
111001140
111001224
300114003
311100033
322200003
411
122100000
122222100
1223220
303011130
30114000
30222300
122400003
111000330
1111140
222111000
304110300
300030330
141111030
222003030
11322003
341100030
302220030
311101221
11411400
4332
111000300
111111000
33222000
44400
1232130
111001113
30111222
411000
300330111
301110114
33111111
30012213
14100141
122400
11400
41103000
3111000
31440
141003
12212220
33033000
33011400
141000003
2220303
14133
330330000
314100300
41104110
141000030
41222100
3031140
114004110
12213030
2223000
112413
223110000
112332
111002331
333001110
411030300
312240000
30341100
31140030
312213
122403
300114300
30000000
30014100
3032220
11430030
12224100
301110033
30312210
11100033
222000030
322200030
41100141
30111003
30001332
304113
33330
22311111
301113111
300113220
30322200
30001113
30303
1140033
222330
330001113
300031110
3222030
111303300
303001221
301141110
141111003
14100330
1110414
111111003
3414000
4110330
11111322
30300303
3030141
22200033
1221114
1343100
300014400
30330000
31113111
30111330
114311100
13431
303000
311100
4440
112124100
114003111
330303
300141
22200330
441
112111110
22322100
1410033
1411113
2221410
22200141
13331100
34110
300114030
311101410
411000114
300012210
34111110
41211111
302331
41403
41100
4221
233100300
133200003
300041400
33000303
141122100
3000414
114001113
3111114
1121130
301140111
14111400
1422210
222001113
122211003
222112110
333300000
300111030
30000111
3330003
322311
1221330
122100003
303111030
300003114
44100003
422400
112111140
322203000
44130000
30003300
3014400
323310000
301121211
300223110
311430
11130114
30003111
333000
414003
111311130
111031410
111122100
411002220
4124100
114111300
11402220
233100030
41111400
123213000
11211303
330030003
113223000
41400300
31111410
12243000
11131410
1124130
11111100
30141300
30041100
1141110
123213
23310
41241000
122430
22201110
2231100
41211030
222014100
300003300
300122400
411000033
33300300
30112140
111114111
111114
311100330
30311130
111000000
301110141
141000330
3142110
122400000
30411
222141000
111041100
300122103
412221000
30002220
23421000
31113030
3222003
111441000
413220
122114100
114222
1111113
303000141
111300300
122101410
304111110
41103030
4110030
331410
12210111
311403
222030300
141030
4113
223110030
22211100
2332110
11122200
301413000
433200000
4113030
14111103
3112113
3002220
11244
44100300
142110300
3011430
14211300
4110111
11133003
111112113
30122103
31110222
30222111
30311103
414000030
311401110
11211114
444000000
114300003
143220
11214030
111003003
222000033
113220
411001140
2220030
1110141
122101221
1110000
330000300
301224000
31111221
122130030
111141030
123240000
11103222
301110303
114222000
1443000
11422200
12210303
112121130
1113033
122100114
23310000
330111300
312210030
30412110
30041400
3044100
412113
303041100
34110300
141000141
1421211
30330
141300000
30030030
3012240
14111211
3003
2231400
301410300
301110111
3301113
114030030
11212113
300001440
114000003
111114003
1113222
2221110
24420
144003000
41114100
30112113
14122200
111114300
14400
14130
303000114
4140300
11403300
122211030
411011100
322211100
30031410
141003300
14130300
4332000
300030
1413003
303111111
300111303
144000300
44111100
141300300
3300000
114111000
222001410
222000222
11123310
322200111
30300003
3300033
3111300
111300000
22203111
122100222
441000111
330112110
3133200
3441
14241
11222100
31413000
41103300
3031410
111041103
111002220
2220000
111311211
300014100
3333000
3412110
11114130
11214000
311103111
30032220
3411003
314130
11401113
44103
414001110
3411000
30300
1140111
33003111
3330030
234210
311211003
41212110
14103300
1232103
330300111
300012321
30011214
111422100
111041400
111141111
222141
311241000
3300411
111031140
1140141
112143
1111224
441000000
30300222
3122400
11400033
122100330
333000300
300301113
42213000
114012210
14214
333030000
30000033
114330000
3222300
330111
111411030
134310000
11401140
301121103
141112110
3034110
3114000
3011214
3022311
304110
1140114
222041100
12240000
11103030
111000
331113000
311400030
311100114
30000141
112140000
3300
300003000
300000030
30012210
3301410
3312210
411300300
300141111
322201110
22311003
301221030
144300000
33001410
34110030
330114
1410030
233211
114011400
422130
334110000
300122100
112132200
411041100
33000222
11122230
300311130
3112140
122400300
222030003
224220
303031110
301410111
14111100
44211
31110
111014400
1121133
314400000
422130000
411111003
30030003
112221300
233400
311111400
41100300
3141300
223113
1232211
12210030
330012210
303033000
31140300
30003030
3014100
4110
444
23310111
133200
41131110
30441
222030111
114114
112121103
341100300
1114410
111111030
142113000
114141000
114003003
122133
233111100
300004221
11131110
11111430
11241
111002223
11100003
22201221
300301110
302220300
312210111
141001410
14103030
11142210
3333
1332
31232100
111303000
112113111
12222210
1110111
141011400
4221000
11101143
300144000
300000414
411222000
311211000
111000333
1110330
1222113
303000000
31140111
3030303
303311100
44100030
114000411
111000033
223140
111111300
330011130
303114000
300330300
322200300
412110111
142410000
111303030
133200030
11102223
330003003
300001332
222000411
11322
11101140
300341100
301113030
141003000
141004110
41214
32331
111014211
233103
331111110
33330000
30011133
4410300
1413030
142110
11214
303141000
300000114
31440000
141411
311103000
300233100
44100000
3030000
3003114
1113111
2220222
300001413
301112220
30301140
444000
30111
31421100
141003030
4410111
3000111
300412110
3300222
3012213
300141030
300041211
331110
300330
301410
11100030
12324000
303011211
300013320
33300030
30000300
30001143
331140
11400030
111111033
111112221
33041100
31224
222002220
41241
330004110
300330000
300304110
411300000
30300030
30004410
300033
1140
11211003
300011214
33114000
3112410
1440030
303301110
300311103
142221000
14214000
111411300
111003222
233101110
301110
330030111
300022203
33111000
42240000
3030030
411303
222300300
111033111
330111003
30000333
31111113
322230
223110111
11100111
222003300
2242200
33000003
11133300
111030300
222000300
222000141
112221030
330141000
330000033
31110411
3122130
4221111
300414
333
141030300
3303000
4110033
111312210
33033
1221033
111011211
31110000
11114400
124320
330003030
341111100
411011400
114000222
311222100
44400000
30011211
302220
22233000
1140411
303111003
311133000
300003222
300011211
41100330
11100000
12240003
300303000
300303003
411014100
3300303
111341100
300333
122411100
411003300
30004113
114000030
333300
111033030
411112110
2220114
1121211
12221100
300112140
30034110
3041103
4111113
22311300
233100000
223221000
412121100
33030000
422211
11141130
11130141
111014130
303300003
3341100
412410
1410111
122111400
111033
111000111
3141111
3000441
1413300
11131140
112111113
112221111
31410003
1424100
11103003
111000030
11101110
330011100
30411111
141111000
4132200
111330111
341100003
33303000
111014100
300303300
300000222
30033000
30014211
141000114
3011322
11403030
2222220
341211000
303011100
411004110
301121400
141030030
14100114
330300
3001410
11133030
12322110
411000330
301121100
30330030
3033030
11403111
30114
111001110
341100000
300033000
41100033
2334000
11212140
411300030
411001113
300022311
341103
33003
2220033
111311100
112110030
12221130
3003003
3011130
114000114
111030303
1141221
111022311
1143000
4410030
144000
222114000
303011103
141330000
3441000
11130411
111003033
22201410
300414000
302231100
33300111
11111133
301140300
14100411
411030
112143000
4140
22233
301140000
30002331
3300330
11411103
411222
112110330
2442
41103003
303030
11400141
1124103
11211141
122322000
301110222
33011100
41130300
142121100
114000300
122130111
111004221
111223110
11242110
111003411
222222
4140111
3041211
114411
11100441
1110030
13323
30111411
12211221
111032220
303000222
300014103
300111222
1440003
1440111
411114
11144100
22200003
333000000
3302220
14101140
344100
330411
14401110
3422100
14101110
3122100
14322
1123320
30014400
30000
122130003
111233100
304110003
33022200
11403
122100033
12210033
22200411
303003000
311411100
111300003
111300114
43320
41322
1110333
111000222
300111411
414111
112410030
11412210
22230300
1121400
123210000
112411110
311400111
3144000
114001221
1224003
111333
222022200
112111221
333011100
30031113
112113000
300011430
30422100
303114
113220030
1110222
123321
311403000
301113003
30303300
3111330
2224110
222011130
414000111
411001110
302221110
122133000
111144
1221141
22201113
41100030
41101110
11400411
11132220
11212110
300411000
30011400
111304110
33303
1413
111113220
300011322
142110030
303003
314211
1112223
112140
314101110
14403000
14130003
3011241
114111003
4111221
30
412110000
312321000
30122211
141330
1224300
1110411
303000003
412111110
114030000
111330300
11414100
112410000
22241100
33000030
411300111
141001140
412110
311111130
111300411
411111
3303
111112410
133200111
300032220
311100141
41111211
33122100
3004221
1410141
222031110
122100303
411011103
141030000
30042210
32223
3144
3114
2331
222001110
301221111
33014100
441003
311400
422100
11322300
1110114
111012321
331410000
311100300
311100003
41211300
14100222
111003030
22214100
2220300
300112410
300000144
422100111
41112210
14130111
312240
122103000
3
222011211
441000003
301111140
412110003
3311211
222033000
2220411
111222111
300312210
30300330
141003003
3000330
141303
1113000
22211103
330303000
300030003
141111111
3300300
14100111
234210000
300033003
32220111
3111003
111300330
141300
122103111
111022230
3114030
331113
1140222
2223030
111023310
13321110
11211222
330222000
30001410
222300003
1140330
113220000
301411110
411111111
141300003
141033000
114033000
1140030
11100414
303303000
301110000
311130
111003303
111003141
3330
303222000
301410030
41411100
141022200
301113
111300111
34410
111141
1133310
33011211
33001110
30141111
1410000
303112110
311141100
412113000
112140003
222000
441030000
311100303
30311100
111003
112110000
22422000
12211110
33411000
31143000
11400003
11244000
222000330
223110300
222003111
23311110
330000111
41400003
3000300
11141211
11103411
300001410
114000000
12241110
222004110
11211330
11102220
1221111
300112221
300001110
43320000
144030000
111222030
30012240
414030
42210
123210003
312210000
144000000
303303
144111
11103114
222003
300031410
33000111
141003111
114300111
141000
111122130
122212110
222000111
33001113
3011400
14112210
12221400
144
11222130
222011103
1332111
330300003
314100000
301110330
3004110
14111130
11213220
331110300
141301110
111301221
22311000
4110000
12321030
122211111
31113003
111030033
11111130
330041100
12232200
30411000
114041100
22203000
301122210
330033
11114103
300000111
30033111
30001440
11103000
303
1122240
11111103
222311100
111144000
3030411
112110114
1333110
300003111
41400030
41100111
111300033
111311103
12210
300411300
30041103
11104140
14211030
414003000
311103300
301111221
33000411
30030111
32331000
114303000
1421400
311211
142140
111000303
12210411
2221221
300330003
223113000
222111030
22200030
30114111
41322000
4111110
111111222
11100330
331110003
300111300
30301410
42321000
3114300
122400030
11401110
11101413
304140000
311101140
31140
300111033
301110003
141030003
141000222
114030300
31221
111111111
304113000
311131110
300003330
30304110
31114110
41211003
33114
303000030
30111303
3233100
11103
441000030
33300003
30111000
3042210
301224
4410
1332030
331110030
303001410
303002220
300011403
14400111
3004113
111302220
300322200
411000222
141000411
114330
122100141
303111300
303000411
300441000
300003003
30030000
11441100
111011133
301124100
300014211
31110114
122104110
311130000
300000411
30030033
41130
31110030
1140300
112111410
112221000
1332000
342210
311400003
30411300
30004110
30000030
3030003
14130000
300000
111301140
300111
303030003
302220000
1113303
12210141
422100003
42211110
113331
330000222
14211003
333003
222003003
11130000
33301110
30123210
14241000
3011100
334110
122400111
11130330
30003141
30222003
31112220
1141113
3030
300000141
3011403
112113003
300330030
30111111
3330300
3001140
22231110
12213003
222411
422100000
4141110
111441
1221030
13320003
303030111
33111300
33011103
30411030
41100222
330000303
300031140
411031110
4411110
30141
11103303
111330
3311400
300411
222303
1113
222001221
23310030
330111111
301140003
30302220
3003141
114000111
11400222
1142220
111222
141002220
222111111
422211000
30300033
341211
433200
1221411
11101221
330003111
30300300
3033300
3022200
111031110
11104110
114003300
330033000
330111000
303300111
314211000
411311100
301421100
413220000
144030
411000141
30011403
3001413
330141
2220003
133311000
111141300
330001140
41133000
30222030
31221003
143220000
3030222
122430000
111000141
441111000
300301221
41430000
4413000
300441
12240030
114000
12221103
2334
322311000
41100303
33111
1111440
222
414011100
300311400
114030003
14114100
303141
1443
1132203
422111100
3031221
111300030
31413
133200300
222011100
330300030
411030111
441300
111330030
11241000
300001224
111333000
11131221
11100300
122211
300300330
42210030
31122210
4112220
3112110
111330003
2223003
300030303
30000144
303003111
42321
12432
423210000
30300141
114000303
114112110
111030141
22200222
11211
300122211
33000300
144001110
30144000
222300111
1221300
111011130
341101110
300000003
311211111
30000114
330
301110030
1441110
11400111
33030
11141103
30014103
142110000
3001110
112410003
314130000
311214000
112121400
123210030
22203
4224
331140000
301132200
30031221
30003003
141000300
3303111
233130000
330000114
301440000
30000411
1113030
11100141
111013320
111111
330011211
411011211
14400003
14100003
4413
1221303
13320030
133311
304110111
300111141
411022200
311100111
33111003
30112110
30222
330002220
30311400
4440000
1411410
2331000
30141003
4113003
3001440
314400
11100411
111001221
1122210
33011130
441030
422103
123210111
311130111
422103000
302220003
4121400
114001140
3111222
133203000
11112321
303030030
300033300
3012321
304410
303222
111303
222033
114111
411000411
30011103
3114111
4221003
3000222
301140
11241111
3003303
114111111
1143003
222000114
222001140
300041103
411003003
144011100
141041100
14400300
111003000
111004110
22211211
304221000
30301113
3311100
11411100
312210
11211111
11100333
301121130
30114030
3001143
414000
411033
111300141
233400000
111011400
22422
31140000
30011100
112140300
30144
42213
12321300
111111141
303300300
30111030
41100003
31221111
3001224
4110222
411300
11403003
303003030
300002331
11101440
122100030
303300000
300114000
41101410
112410111
11133000
23340000
222222000
11130222
30303030
30111033
4410003
3004140
14212110
111303111
111030003
4143
22200111
11104221
330022200
300314100
312210300
141000000
3301140
304221
1140000
112110111
223110
330003300
330001221
3033000
111030411
133230
13320000
3000030
304410000
303003300
300411111
300222030
41400111
141011211
3003411
14211000
3011211
11130303
112113030
11111214
122112210
2342100
330000003
300000303
30030300
30003222
30023310
312321
311130030
114003030
414300
111300
30330300
30014130
1332300
11111241
133201110
301143000
31111110
1113330
111004113
1114110
111111330
1110144
303014100
302220111
300133200
3111141
223410000
30333
300141000
301111113
31410030
11400300
112113300
342210000
30303003
233103000
11100114
122130000
300030141
31113300
41100114
32231100
3303300
3141003
30033
1111410
23313
123210
303000111
311114100
144111000
42210003
114000330
111111303
1143
12321
