200100100
100120000
201000010
310000
100200100
31000
1201
101020000
101001100
1100200
11010100
101101
10010101
100003000
31
10101100
110011
10000012
201001000
2000002
102100
10000021
100012
100000300
120001000
2200000
200200
100020100
21000100
100030000
101000020
100011001
3001000
202
111100000
1011100
20200
12010
10010200
1002010
10003000
100011010
101000002
110001100
1012
1020010
20001100
300010
13000
110200000
110000101
20001010
210100
100001002
11001100
200000002
102001000
100001020
120010
4000000
111001000
10
210001
110000200
400000
11101
1010110
2010001
100000030
20002000
300001000
10001110
1000300
100001200
1102
120001
10000000
100102000
100030
100012000
1200001
20110000
111000001
120100
10200100
100000111
1120000
110010001
10002100
110001001
1011001
100210
20200000
2001100
100010011
100002010
310
100111000
300010000
100010110
100
11000101
20100100
200011
10000003
200101000
2101000
103
130000000
11000011
10010002
20010100
111001
11011
10000120
1001011
110100100
400000000
130
301
220000000
3000010
100100200
100200001
1
301000000
201100000
2000200
100100101
200010001
1120
10020001
2010010
10300000
11011000
1000201
10120
1000003
200010010
111000010
10012000
2000020
103000000
200011000
11001010
10201
100000000
200100001
2011
10001002
12001
101000101
10000201
30000100
10021000
300100000
201010
10010011
100201
13000000
40000
1030
10102
202000
2011000
112000
3000100
100011100
12010000
1201000
20010010
210000100
200110000
200001100
1110010
1100101
10001200
110000020
110200
100101001
1000102
3010
101100100
10200010
110000002
130000
30100
100000021
110002
1110001
10210
100021
31000000
3010000
1110100
300000100
101101000
100000
1101100
100001110
300100
22000
20101
101010001
21000010
10020100
120010000
200001010
111100
201100
10300
1210
1100011
1001200
110020000
10021
201001
1000021
21100
11110000
21010000
100003
30001000
10100020
20100001
2001010
1011010
10020010
110010100
102000001
100111
100000012
110100001
10030000
210010
22000000
1003000
100010002
10100002
1020100
1000000
300001
101100010
40000000
11200
2020
2000011
200110
20100010
1020001
2110000
101020
4
1100002
10002001
101002000
110101
100300
10030
10101010
1101001
211000
100000201
1000120
12100000
10111
10110001
100300000
200200000
200020000
1300000
102010000
202000000
101100001
10010020
100120
30010000
101001010
10001011
20000002
100020001
1002001
102001
10000030
103000
110000110
100100011
11020000
100010101
10000102
220000
10001020
11010010
210100000
2000110
200100010
1010200
11100010
2100001
20011000
101200000
22
100000003
100100002
101010010
1200010
210001000
1012000
10010110
11001001
3001
2100100
301000
12100
1000030
101110
10000111
10100011
101010100
2101
21001000
1001101
20000020
1010020
20020
11200000
100201000
11000002
1001020
1000210
20000200
101011000
100101010
10100200
1010002
10110100
112000000
20110
100110010
21000001
10011001
210000001
300000010
101000110
121000000
2010100
100000210
110020
1000012
200002000
3000001
40
11000110
1010011
210000010
110001010
101000200
102000010
110101000
100020010
101200
2001001
200002
10011100
2000101
30010
1003
2110
100001101
110002000
11110
3100
12000010
101000011
201000100
10002010
10101001
2100010
101001001
20101000
200000110
210010000
200000020
300000001
100101100
2200
211000000
200020
4000
13
11020
1021
20001001
200000200
1030000
2020000
1001110
10003
1000
2002
12000001
20000110
12001000
10012
200000101
200101
112
10201000
102010
1210000
100010200
10111000
110110
10100101
111010000
201010000
100210000
100200010
10102000
100001011
1100110
120100000
100000102
111010
10110010
30001
20000011
20000101
1102000
11000020
21001
101110000
10200001
1001002
110100010
21100000
102000100
21010
11100100
100110001
11002
1010101
120000001
1111000
1300
111000100
10001101
1200100
2002000
110110000
100110100
121000
1111
11100001
120000100
10000210
100102
12000100
100002001
1100020
101011
10011010
100010020
10210000
10100110
110010010
211
10000
200000011
100100110
1000111
100000120
11000200
1021000
20011
100100020
20020000
200010100
200001001
220
30000010
11101000
20002
201000001
11002000
121
20010001
102100000
110000011
3100000
1002100
310000000
400
101002
10120000
30000001
110011000
100021000
1101010
11010001
30100000
120000010
100002100
10000300
